PILLARS.
Pillar: 1.
-3.52336 -2.6013
-3.52336 -2.6013
-3.52336 -2.6013
-3.52336 -2.6013
-3.52336 -2.6013
-3.52336 -2.6013
-3.52336 -2.6013
-3.52336 -2.6013
-3.52335 -2.6013
-3.52335 -2.6013
-3.52336 -2.6013
-3.67229 -2.55476
-3.67229 -2.55476
-3.67229 -2.55476
-3.67229 -2.55476
-3.67229 -2.55476
-3.67229 -2.55476
-3.56533 -2.56777
-3.56714 -2.56767
-3.5686 -2.56759
-3.56979 -2.56753
-3.51282 -2.50342
-3.51512 -2.50522
-3.517 -2.5067
-3.51855 -2.50793
-3.51985 -2.50897
-3.52096 -2.50985
-3.5219 -2.51061
-3.52271 -2.51126
-3.52341 -2.51183
-3.52403 -2.51233
-3.51503 -2.52445
-3.51503 -2.52445
-3.45472 -2.52684
-3.45614 -2.52674
-3.45739 -2.52664
-3.45849 -2.52656
-3.45948 -2.52649
-3.46036 -2.52642
-3.46115 -2.52636
-3.46187 -2.52631
-3.34995 -2.56817
-3.34995 -2.56817
-3.83906 -2.59369
-3.83158 -2.59304
-3.82493 -2.59247
-3.81898 -2.59196
-3.81365 -2.5915
-3.80884 -2.59108
-3.80448 -2.59071
-3.80053 -2.59037
-3.97825 -2.43901
-3.97825 -2.43901
-4.28076 -2.53745
-4.27627 -2.53713
-4.27215 -2.53682
-4.26836 -2.53655
-4.26486 -2.53629
-4.26163 -2.53605
-4.25863 -2.53583
-4.25585 -2.53562
-3.67838 -2.38995
-3.22237 -2.69432
-3.21423 -2.69212
-3.20636 -2.69012
-3.19876 -2.6883
-3.1914 -2.68664
-3.18427 -2.68513
-3.17735 -2.68374
-3.17064 -2.68248
-3.17649 -2.66359
-3.17853 -2.66261
-3.18042 -2.66171
-3.18215 -2.66086
-3.18376 -2.66008
-3.18524 -2.65935
-3.18662 -2.65866
-3.71442 -2.51343
-3.7137 -2.51303
-3.56376 -3.21554
-3.31703 -2.473
-3.31209 -2.47219
-3.30725 -2.4714
-3.48513 -2.77476
-3.48506 -2.77465
-3.12356 -2.8513
-3.12544 -2.8506
-3.14314 -2.64788
-3.15132 -2.64827
-3.15846 -2.64859
-3.16474 -2.64885
-3.17032 -2.64906
-3.41927 -2.77368
-3.419 -2.77409
-3.41874 -2.77449
-2.86783 -2.70415
-2.86605 -2.70479
-2.86432 -2.70542
-2.86262 -2.70603
-2.86095 -2.70663
-3.4883 -2.44036
-3.48827 -2.44027
-3.20545 -2.50939
-3.20481 -2.50958
-3.20418 -2.50977
-2.87309 -2.58645
-2.87256 -2.58683
-2.87203 -2.5872
-2.87152 -2.58756
-2.87102 -2.58792
-3.17143 -2.21292
-3.17113 -2.21206
-3.17085 -2.21122
-3.17057 -2.2104
-3.12707 -1.98533
-3.12697 -1.98424
-3.12688 -1.98316
-3.12679 -1.98211
-3.45738 -2.08939
-3.45733 -2.08804
-3.45727 -2.08672
-3.45722 -2.08542
-3.45717 -2.08415
-3.03401 -1.96123
-3.03309 -1.95973
-3.03216 -1.95827
-3.03125 -1.95682
-3.03035 -1.9554
-3.02945 -1.954
-3.17169 -2.37071
-3.17169 -2.37071
-3.1717 -2.37072
-3.17069 -2.37045
-2.94202 -2.33155
-2.94126 -2.33146
-2.94052 -2.33137
-2.93979 -2.33128
-2.93906 -2.33119
-2.93835 -2.33111
Pillar: 2.
-3.42793 -0.866516
-3.42793 -0.866516
-3.42793 -0.866516
-3.42793 -0.866516
-3.42793 -0.866516
-3.42793 -0.866516
-3.42793 -0.866516
-3.42793 -0.866516
-3.42793 -0.866516
-3.42793 -0.866516
-3.42793 -0.866516
-3.279 -0.91306
-3.279 -0.91306
-3.279 -0.91306
-3.279 -0.91306
-3.279 -0.91306
-3.279 -0.91306
-3.1784 -0.924561
-3.18025 -0.924451
-3.18175 -0.924364
-3.18297 -0.924294
-3.17073 -0.854251
-3.17381 -0.855892
-3.17635 -0.857238
-3.17847 -0.858355
-3.18025 -0.859293
-3.18177 -0.860089
-3.18307 -0.860771
-3.1842 -0.861359
-3.18519 -0.86187
-3.18605 -0.862317
-3.32892 -0.91428
-3.32892 -0.91428
-3.20637 -0.925091
-3.20779 -0.924986
-3.20903 -0.924893
-3.21014 -0.92481
-3.21112 -0.924736
-3.212 -0.924671
-3.21279 -0.924612
-3.21351 -0.924559
-3.45987 -0.873018
-3.45987 -0.873018
-3.72585 -0.898745
-3.7183 -0.898105
-3.71158 -0.897536
-3.70558 -0.897029
-3.70019 -0.896574
-3.69533 -0.896164
-3.69093 -0.895793
-3.68694 -0.895456
-2.9433 -1.00964
-2.9433 -1.00964
-3.34638 -1.04041
-3.34208 -1.03997
-3.33814 -1.03955
-3.33451 -1.03917
-3.33117 -1.03882
-3.32808 -1.03849
-3.32522 -1.03819
-3.32256 -1.0379
-3.33225 -1.07535
-3.08618 -1.34175
-3.07783 -1.33957
-3.06979 -1.33759
-3.06203 -1.33579
-3.05454 -1.33414
-3.04729 -1.33264
-3.04027 -1.33127
-3.03346 -1.33001
-3.40311 -0.928829
-3.40462 -0.927782
-3.40601 -0.926811
-3.40729 -0.925909
-3.40846 -0.925069
-3.40955 -0.924285
-3.41055 -0.923553
-3.42775 -1.18911
-3.42709 -1.18869
-3.00725 -1.1539
-3.00215 -1.15312
-2.99716 -1.15237
-3.59182 -0.72841
-3.59125 -0.728278
-3.47762 -0.832989
-3.47903 -0.83221
-3.24782 -0.513054
-2.98893 -1.14524
-2.9895 -1.14466
-2.99005 -1.1441
-2.99058 -1.14357
-3.22093 -0.929924
-3.21623 -0.93102
-3.21197 -0.932032
-3.20811 -0.932967
-3.32614 -1.01296
-3.32619 -1.01304
-3.23226 -1.14374
-3.33271 -1.11092
-3.33276 -1.11114
-3.33281 -1.11136
-2.99362 -1.44435
-2.9918 -1.4458
-2.99 -1.44723
-2.98821 -1.44863
-2.98645 -1.45001
-3.15561 -1.24558
-3.15565 -1.24606
-3.15569 -1.24652
-3.15572 -1.24698
-3.23507 -1.15787
-3.235 -1.15778
-3.12286 -1.20475
-3.12231 -1.20493
-3.12177 -1.20511
-2.86026 -1.27926
-2.85975 -1.27964
-2.85926 -1.28
-2.85878 -1.28037
-2.85831 -1.28072
-3.00354 -0.999538
-3.00317 -0.999488
-3.0028 -0.999439
-3.00245 -0.999391
-3.0021 -0.999344
-3.00175 -0.999297
-3.00141 -0.999252
-3.00108 -0.999207
-3.49393 -1.16649
-3.49394 -1.16649
-3.49395 -1.16649
-3.49497 -1.16677
-3.16812 -1.10563
-3.16739 -1.10554
-3.16666 -1.10546
-3.16595 -1.10537
-3.16525 -1.10529
-3.16456 -1.10521
Pillar: 3.
-1.38218 -0.284563
-1.38218 -0.284563
-1.38218 -0.284563
-1.38218 -0.284563
-1.38218 -0.284563
-1.38218 -0.284563
-1.38218 -0.284563
-1.38218 -0.284563
-1.38218 -0.284563
-1.38218 -0.284563
-1.38218 -0.284563
-1.6113 -0.399331
-1.6146 -0.400231
-1.61732 -0.400954
-1.61959 -0.40154
-1.62151 -0.402023
-1.62314 -0.402425
-1.62455 -0.402764
-1.62576 -0.403052
-1.62683 -0.403299
-1.62776 -0.403511
-1.66801 -1.16276
-1.66946 -1.1697
-1.67076 -1.17592
-1.67297 -1.17431
-1.67403 -1.17931
-1.67499 -1.18383
-1.67586 -1.18794
-1.67666 -1.19169
-1.67739 -1.19512
-0.864287 -0.0840111
-0.855748 -0.0821704
-0.847538 -0.0804845
-0.839633 -0.0789376
-0.832011 -0.0775171
-0.82465 -0.07621
-0.817535 -0.0750068
-0.810648 -0.0738988
-0.567315 -0.451632
-0.568685 -0.451456
-0.569939 -0.451292
-0.571089 -0.451141
-0.572149 -0.450999
-0.573126 -0.450866
-0.57403 -0.450742
-0.501308 -0.590644
-0.587309 -0.513753
-0.99102 -0.313925
-0.990403 -0.313399
-1.30411 -0.541841
-0.555591 -0.321458
-0.550387 -0.320976
-0.545303 -0.32051
-0.993773 -0.514172
-0.993146 -0.514681
-0.924717 -0.305288
-0.926014 -0.305089
-0.626555 -0.334953
-0.675609 -0.257352
-0.684006 -0.257516
-0.691334 -0.25764
-0.697782 -0.257733
-0.703498 -0.257801
-0.571635 -0.216278
-0.572117 -0.215941
-0.57258 -0.215616
-0.573025 -0.215305
-0.729106 -0.22488
-0.724714 -0.224886
-0.720745 -0.224891
-0.717147 -0.224895
-0.682454 -0.197737
-0.545215 -0.560068
-0.545963 -0.559583
-0.546669 -0.559123
-0.901058 -0.591751
-0.657382 -0.350665
-0.656141 -0.351016
-0.654997 -0.351346
-0.653944 -0.351653
-0.0935021 -0.614246
-0.0938628 -0.61386
-0.0942039 -0.613489
-0.0945269 -0.613132
-0.0596235 -0.683676
-0.0603642 -0.683549
-0.0610609 -0.683429
-0.0617256 -0.683314
-0.0518646 -0.65318
-0.0522207 -0.652828
-0.0525629 -0.65249
-0.0528899 -0.652163
-0.0532026 -0.651847
-0.0535024 -0.651542
-0.0537896 -0.651248
-0.0540663 -0.650963
-0.054331 -0.650687
-0.9287 -0.472785
-0.959746 -0.102252
-0.958933 -0.102774
-0.958158 -0.103272
-0.957426 -0.103747
-0.956728 -0.104201
-0.0783721 -0.61622
-0.0784071 -0.616058
-0.0983514 -0.633884
-0.09829 -0.633803
-0.0982299 -0.633725
-0.0981737 -0.633648
-0.0981162 -0.633576
-0.457881 -0.601358
-0.460894 -0.601213
-0.463875 -0.601073
-0.466815 -0.600939
-0.469722 -0.60081
-0.459287 -0.465187
-0.459069 -0.465198
-0.458856 -0.465209
-0.458648 -0.46522
-0.458446 -0.46523
-0.458247 -0.465241
-0.458052 -0.46525
-0.457863 -0.46526
-0.457679 -0.465269
-0.315623 -0.589136
-0.315611 -0.589091
-0.315598 -0.589046
-0.315586 -0.589003
-0.315573 -0.588961
-0.315561 -0.58892
-0.315549 -0.588879
-0.315538 -0.588839
-0.315525 -0.588801
-0.774987 -1.17195
-0.780881 -0.415905
-0.713341 -0.428985
-0.713388 -0.429057
-0.720629 -0.216649
-0.826167 -0.170171
-0.826252 -0.170296
-0.826335 -0.170417
-0.592174 -0.260783
-0.590648 -0.261643
-0.589134 -0.262485
-0.587632 -0.263311
-0.586145 -0.26412
-0.713929 -0.468007
-0.713915 -0.468015
-0.7139 -0.468023
-0.654174 -0.341635
-0.654614 -0.341532
-0.655033 -0.341431
-0.655434 -0.341333
-0.783071 -0.152358
-0.783201 -0.152643
-0.783321 -0.152923
-0.783437 -0.153197
-0.859697 -0.265294
-0.859429 -0.2657
-0.859167 -0.266096
-0.423339 -0.0834786
-0.422107 -0.0836153
-0.420901 -0.083749
-0.41972 -0.0838791
-0.418564 -0.0840069
0.151629 -0.657475
0.150028 -0.657361
0.148485 -0.657254
0.146999 -0.657155
0.145561 -0.657063
-0.762385 -0.448912
-0.762288 -0.448919
-0.764708 -0.177172
-0.764231 -0.177188
-0.763765 -0.177203
-0.560317 -0.127279
-0.559842 -0.127597
-0.559379 -0.127908
-0.558926 -0.128213
-0.558483 -0.128513
0.0152986 -0.685875
0.0156748 -0.685885
0.0160443 -0.685894
0.0164073 -0.685904
0.0167642 -0.685913
0.017115 -0.685923
0.0174591 -0.685932
0.0177976 -0.685942
0.103654 -0.647646
-0.865296 -0.90856
-0.864843 -0.907986
-0.864401 -0.907425
-0.863967 -0.906875
-0.714851 -0.889534
-0.71469 -0.888576
-0.714538 -0.887637
-0.714385 -0.886717
-0.605035 -0.369313
-0.972078 -0.428433
-0.972187 -0.428452
-0.972296 -0.428471
-0.945428 -0.135147
-0.945429 -0.1351
-0.945429 -0.135053
-0.945428 -0.135007
-0.945428 -0.134961
-0.419657 -0.540608
-0.678177 -0.603441
-0.678316 -0.603515
-0.678452 -0.603588
-0.678588 -0.603659
-1.15871 -0.0602556
-1.15529 -0.0608539
-1.15193 -0.0614278
-1.14864 -0.0619792
-0.0185921 -1.21034
-0.0183722 -1.20965
-0.0181554 -1.20898
-0.0179419 -1.20832
-0.0177307 -1.20767
0.0489029 -0.55964
0.0491019 -0.559608
-0.916951 -1.2448
-0.915641 -1.24444
-0.914343 -1.24408
-0.913057 -1.24375
-0.911784 -1.24342
-0.910522 -1.24311
Pillar: 4.
4.86036 -1.01909
4.86036 -1.01909
4.86036 -1.01909
4.86036 -1.01909
4.86036 -1.01909
4.86036 -1.01909
4.86037 -1.01909
4.62191 -1.02529
4.62191 -1.02529
4.62191 -1.02529
4.72288 -1.00617
4.72103 -1.00584
4.71954 -1.00558
4.71832 -1.00536
4.7971 -1.0145
4.7971 -1.0145
4.7971 -1.0145
4.7971 -1.0145
5.53056 -0.964896
5.53811 -0.964649
5.54482 -0.964436
5.55082 -0.96425
5.55621 -0.964087
5.56107 -0.963944
5.56546 -0.963818
5.56946 -0.963706
5.72002 -0.870952
5.7243 -0.869334
5.72822 -0.867839
5.73183 -0.866452
5.73515 -0.865165
5.73822 -0.863968
5.74107 -0.862852
5.74371 -0.861809
5.35545 -0.14629
5.354 -0.153231
5.3527 -0.159448
5.35256 -0.172237
5.3515 -0.177233
5.35054 -0.181759
5.34966 -0.185872
5.34887 -0.189621
5.34814 -0.193049
4.58783 -0.680462
4.58639 -0.68187
4.58507 -0.683173
4.58386 -0.684384
4.58274 -0.685512
4.58171 -0.686562
4.58076 -0.687545
4.65863 -0.644809
4.5684 -0.729643
4.79546 -0.723423
4.80605 -0.72243
4.74777 -0.934156
4.73944 -0.933823
4.73216 -0.93352
4.72576 -0.933244
4.72008 -0.932992
5.10531 -0.710368
5.10463 -0.711848
5.10402 -0.713184
4.1879 -0.832259
4.18735 -0.832394
4.18683 -0.832526
4.18633 -0.832652
3.95459 -1.27158
3.95944 -1.26954
3.96383 -1.26765
3.96782 -1.26591
4.0001 -1.24952
5.28476 -0.888199
5.28285 -0.887847
5.28106 -0.887514
5.27936 -0.8872
5.27776 -0.886903
4.90494 -0.966533
4.90879 -0.965395
4.9123 -0.964335
4.91552 -0.963348
4.91847 -0.962425
4.85161 -0.76668
4.85084 -0.766761
4.85011 -0.766839
4.49652 -0.777471
4.70479 -0.995265
4.70615 -0.994576
4.70742 -0.993928
4.70858 -0.993319
4.84047 -0.918306
4.84261 -0.917795
4.49448 -0.574051
4.49413 -0.574616
4.4938 -0.57516
4.49348 -0.575683
4.52498 -0.502959
4.52425 -0.503246
4.52357 -0.503522
4.52292 -0.503786
4.79632 -0.663145
4.84139 -0.669506
4.57609 -0.697147
4.57573 -0.697281
4.57538 -0.697411
4.57505 -0.697538
4.57473 -0.697661
4.57443 -0.697781
4.57414 -0.697898
4.57386 -0.698012
4.57359 -0.698122
4.97363 -0.792527
4.97345 -0.792552
5.00018 -0.857897
4.87269 -1.23481
4.87375 -1.23406
4.87476 -1.23333
4.87571 -1.23264
4.87663 -1.23198
4.85889 -0.969112
4.85997 -0.968744
4.52011 -0.723998
4.52007 -0.724097
4.50077 -0.709326
4.50083 -0.709336
4.50089 -0.709346
4.50095 -0.709355
4.501 -0.709365
4.73126 -0.820016
4.73191 -0.819937
4.30622 -0.986333
4.30317 -0.98655
4.30017 -0.986766
4.2972 -0.98698
4.29426 -0.987192
4.46971 -0.457507
4.46993 -0.457916
4.47014 -0.458315
4.47035 -0.458703
4.47055 -0.459082
4.47075 -0.459452
4.47095 -0.459813
4.47113 -0.460165
4.47132 -0.460508
4.31101 -1.00593
4.97386 -0.905041
4.97588 -0.905703
4.97572 -0.905606
4.97556 -0.905512
4.97541 -0.905421
4.68082 -0.808145
4.68083 -0.808139
4.68084 -0.808133
4.68085 -0.808128
4.68086 -0.808123
4.68087 -0.808118
4.68088 -0.808113
4.68089 -0.808108
4.6809 -0.808103
4.9169 -0.872799
4.65724 -0.754051
4.66832 -0.722303
4.66842 -0.722366
4.55113 -0.953044
4.55269 -0.952725
4.55419 -0.952417
4.55562 -0.952119
4.55698 -0.951831
4.55829 -0.951552
4.55955 -0.951283
4.64647 -0.845421
4.6462 -0.845426
4.6463 -0.845405
5.01891 -0.808488
5.01756 -0.808665
5.01626 -0.808836
5.01499 -0.809002
5.01377 -0.809163
5.01258 -0.809319
5.00949 -0.568557
5.00811 -0.568877
5.00678 -0.569188
5.00549 -0.569492
5.00423 -0.569788
5.00301 -0.570076
5.00182 -0.570358
5.08582 -0.597184
4.78677 -0.598937
4.78635 -0.599103
4.78593 -0.599266
4.78804 -0.623885
4.78714 -0.623664
4.78632 -0.62347
4.78558 -0.623299
4.63182 -0.83456
4.63217 -0.833266
4.63256 -0.833184
4.63294 -0.833103
4.71722 -0.878917
4.61521 -0.802826
4.61515 -0.802738
4.61509 -0.802653
4.88508 -0.353243
4.88663 -0.352752
4.88816 -0.352263
4.88968 -0.351775
4.8912 -0.35129
4.98287 -0.650991
4.98177 -0.651168
4.80381 -0.707461
4.80383 -0.707484
4.80384 -0.707506
4.84702 -0.831169
4.84659 -0.830997
4.84618 -0.830829
4.84578 -0.830666
4.87603 -0.73406
4.87565 -0.734007
4.87528 -0.733955
3.82011 -1.03823
3.82154 -1.03749
3.82294 -1.03677
3.82431 -1.03606
3.82565 -1.03536
4.72055 -0.515245
4.71895 -0.515204
4.71741 -0.515168
4.71592 -0.515137
4.71449 -0.51511
4.39047 -0.939627
4.391 -0.93928
4.39152 -0.93894
4.62821 -0.61348
4.6287 -0.613666
4.62917 -0.613848
4.62964 -0.614027
4.63009 -0.614203
4.43171 -0.66575
4.43208 -0.665847
4.43245 -0.665942
4.43282 -0.666036
4.43317 -0.666128
4.43352 -0.666219
4.43387 -0.666309
4.43421 -0.666398
4.52002 -0.675753
4.90742 -0.779819
4.90736 -0.779819
4.66629 -0.692203
4.66677 -0.692306
4.66724 -0.692408
4.6677 -0.69251
4.81426 -1.16208
4.8144 -1.16144
4.81454 -1.1608
4.81468 -1.16018
4.90234 -0.929717
4.98741 -1.32475
4.98712 -1.32406
5.02525 -0.816918
5.02514 -0.816891
5.02504 -0.816864
4.98612 -1.10239
4.98615 -1.10221
4.98617 -1.10202
4.98619 -1.10185
4.98621 -1.10167
4.91475 -0.868372
4.91479 -0.868332
5.28247 -0.690732
5.28233 -0.690754
5.2822 -0.690776
5.28206 -0.690798
4.67654 -1.2796
4.68025 -1.27882
4.68389 -1.27805
4.68745 -1.2773
4.13287 -0.779574
4.13317 -0.779683
4.13347 -0.77979
4.13376 -0.779896
4.13405 -0.78
4.2135 -0.83593
4.21369 -0.835939
4.55296 -0.888541
4.55304 -0.888507
4.55312 -0.888473
4.48643 -0.975409
4.20522 -0.901489
4.20595 -0.90127
4.20667 -0.901054
4.20738 -0.900842
4.20807 -0.900634
4.20876 -0.900429
Pillar: 5.
5.48851 -2.37089
5.48851 -2.37089
5.48851 -2.37089
5.48851 -2.37089
5.48851 -2.37089
5.48851 -2.37089
5.48851 -2.37089
5.13442 -2.38716
5.13442 -2.38716
5.13442 -2.38716
5.24066 -2.36604
5.23885 -2.3657
5.23738 -2.36543
5.23619 -2.3652
5.31332 -2.37496
5.31332 -2.37496
5.31332 -2.37496
5.31332 -2.37496
5.1521 -2.36012
5.15069 -2.36003
5.14944 -2.35995
5.14833 -2.35987
5.14735 -2.35981
5.14647 -2.35975
5.14567 -2.35969
5.14496 -2.35965
4.73177 -2.46001
4.72978 -2.46146
4.72796 -2.46281
4.72627 -2.46406
4.72472 -2.46522
4.72328 -2.4663
4.72194 -2.46731
4.86274 -2.41846
4.7168 -2.50882
4.93451 -2.50336
4.94496 -2.50238
4.58628 -2.42773
4.5845 -2.42878
4.75813 -2.33748
4.75623 -2.33712
4.75443 -2.33679
4.75274 -2.33648
4.75113 -2.33618
4.37609 -2.415
4.37998 -2.41388
4.38353 -2.41283
4.38677 -2.41185
4.38975 -2.41094
4.57799 -2.32299
4.57706 -2.32304
4.57617 -2.32309
4.22893 -2.33482
4.30557 -2.52418
4.30724 -2.52357
4.30878 -2.52299
4.3102 -2.52245
4.41355 -2.43972
4.41571 -2.43921
4.40321 -2.47681
4.40246 -2.47736
4.40175 -2.47788
4.40107 -2.47839
4.49203 -2.40762
4.49114 -2.40791
4.49029 -2.40818
4.48948 -2.40844
4.81772 -2.56797
4.87973 -2.57407
4.27692 -2.31767
4.27638 -2.31777
4.27588 -2.31787
4.27539 -2.31797
4.27491 -2.31806
4.27446 -2.31816
4.27402 -2.31825
4.2736 -2.31833
4.2732 -2.31842
4.67595 -2.41332
4.67577 -2.41335
4.71937 -2.33657
4.40695 -2.66603
4.40832 -2.66538
4.40963 -2.66476
4.41087 -2.66416
4.41206 -2.66359
4.31514 -2.37256
4.31624 -2.3722
4.31266 -2.34441
4.31252 -2.34449
4.30472 -2.33115
4.30475 -2.33116
4.30477 -2.33116
4.3048 -2.33117
4.30483 -2.33118
4.56525 -2.44519
4.56589 -2.44511
3.60888 -2.27371
3.60574 -2.27387
3.60264 -2.27403
3.59957 -2.2742
3.59655 -2.27436
4.67624 -2.76829
4.67627 -2.76872
4.6763 -2.76913
4.67633 -2.76954
4.67636 -2.76993
4.67639 -2.77032
4.67642 -2.77069
4.67645 -2.77106
4.67648 -2.77142
3.84631 -2.43336
4.48051 -2.33193
4.47816 -2.33108
4.478 -2.33098
4.47784 -2.33089
4.47769 -2.3308
4.31308 -2.30108
4.31308 -2.30107
4.31308 -2.30107
4.31308 -2.30106
4.31308 -2.30105
4.31307 -2.30104
4.31307 -2.30103
4.31307 -2.30103
4.31307 -2.30102
4.50505 -2.35418
4.64628 -1.71726
4.80195 -2.52757
4.75422 -2.49964
4.75432 -2.4997
4.4054 -2.33323
4.40661 -2.33287
4.40778 -2.33253
4.4089 -2.3322
4.40998 -2.33188
4.41102 -2.33157
4.41202 -2.33127
4.75552 -2.37858
4.75598 -2.37853
4.75607 -2.37851
4.90219 -2.34108
4.90084 -2.34126
4.89954 -2.34143
4.89827 -2.3416
4.89705 -2.34176
4.89586 -2.34191
5.01757 -2.55003
5.0162 -2.55035
5.01488 -2.55066
5.01358 -2.55096
5.01233 -2.55126
5.01112 -2.55155
5.00994 -2.55183
5.14247 -2.57786
4.91355 -2.554
4.9131 -2.55417
4.91267 -2.55433
4.94705 -2.57659
4.94574 -2.5764
4.94455 -2.57624
4.94348 -2.5761
5.58872 -2.55756
5.58095 -2.55574
5.57378 -2.55404
5.56715 -2.55243
5.56098 -2.55091
5.1797 -2.13666
5.17931 -2.13785
5.17893 -2.139
5.17854 -2.14011
5.17816 -2.14117
5.52722 -2.35345
5.52191 -2.35298
5.51687 -2.35253
5.9309 -2.31338
5.9241 -2.31282
5.03438 -2.57061
5.03439 -2.5705
5.0344 -2.5704
5.47669 -2.07102
5.47867 -2.07038
5.48062 -2.06975
5.48256 -2.06912
5.48447 -2.06849
5.72388 -2.3098
5.72274 -2.31
4.73671 -2.4767
4.73672 -2.47672
4.73673 -2.47674
4.69973 -2.59554
4.69932 -2.59537
4.69893 -2.59521
4.69855 -2.59504
4.6997 -2.49577
4.69928 -2.49571
4.69888 -2.49566
5.02431 -2.36668
5.02376 -2.3667
4.1349 -2.29602
4.13524 -2.29611
4.13558 -2.2962
4.13591 -2.29629
4.13624 -2.29638
4.13656 -2.29646
4.13688 -2.29655
4.13719 -2.29663
4.20543 -2.30269
4.59007 -2.40622
4.59002 -2.40622
4.77323 -2.40847
4.77313 -2.40844
4.77304 -2.40842
4.58121 -2.66207
4.58127 -2.66189
4.58133 -2.66172
4.58138 -2.66155
4.58144 -2.66138
4.43102 -2.40543
4.43107 -2.40539
4.46426 -2.32299
4.21367 -2.36394
4.21355 -2.36398
4.21343 -2.36401
4.21331 -2.36404
4.70465 -2.14052
4.70469 -2.14073
4.70473 -2.14095
4.70477 -2.14116
4.70481 -2.14137
4.54731 -2.27387
4.54749 -2.27388
4.92694 -2.31656
4.92702 -2.31652
4.9271 -2.31649
4.89892 -2.93564
4.89933 -2.93837
4.89973 -2.94108
4.90013 -2.94378
4.90052 -2.94647
4.90091 -2.94915
4.99846 -2.24289
Pillar: 6.
12.19 -0.870158
12.1975 -0.870056
12.2048 -0.869897
12.2119 -0.869691
12.2187 -0.869443
12.8901 -0.577764
12.889 -0.580936
12.888 -0.583893
12.887 -0.586658
12.9561 -0.249927
12.8742 -0.595062
13.1019 -0.632523
13.1125 -0.632161
12.1035 -0.664367
12.0951 -0.663359
12.0878 -0.662476
12.0814 -0.6617
12.0757 -0.661014
12.4658 -0.754608
12.4651 -0.756088
12.4645 -0.757424
13.1149 -0.448698
13.1194 -0.442646
13.1234 -0.43706
13.1271 -0.43189
13.1613 -0.436583
13.3643 -0.478146
13.3682 -0.476781
13.3717 -0.475526
13.3749 -0.474371
13.3778 -0.473303
13.7938 -0.555796
13.2807 -0.388489
13.2819 -0.386133
13.2831 -0.383924
13.2841 -0.381848
13.426 -0.467367
13.4281 -0.466767
12.703 -0.651873
12.7022 -0.652899
12.7016 -0.65388
12.7009 -0.65482
12.9752 -0.578726
13.0192 -0.512335
13.0237 -0.516448
13.0223 -0.516993
13.0211 -0.517491
13.0199 -0.517948
13.338 -0.242034
13.3388 -0.239436
13.3396 -0.236948
13.3404 -0.234563
13.3411 -0.232276
13.366 -0.443385
13.3671 -0.442949
12.9752 -0.552484
12.9753 -0.552661
12.9754 -0.552832
12.9754 -0.552999
12.9755 -0.553161
13.2014 -0.506387
13.202 -0.506327
13.3171 -0.248269
13.3189 -0.250192
13.3205 -0.251977
13.3221 -0.253637
13.3236 -0.255184
13.3251 -0.256626
13.3265 -0.257975
12.4611 -0.586918
12.4598 -0.587109
12.4585 -0.587293
12.4572 -0.587471
12.456 -0.587643
12.4548 -0.58781
12.3327 -0.620918
12.3313 -0.621221
12.33 -0.621515
12.3287 -0.6218
12.3274 -0.622078
12.3262 -0.622348
12.325 -0.62261
12.4081 -0.470056
12.6557 -0.534554
12.6293 -0.592013
12.6289 -0.592246
12.6285 -0.592473
12.6294 -0.487584
12.6286 -0.489002
12.6278 -0.49028
12.627 -0.49144
12.7075 -0.512496
12.7107 -0.513177
12.7136 -0.513754
12.5171 -0.081113
12.5106 -0.0827363
12.5046 -0.084247
12.499 -0.085655
12.4939 -0.0869704
12.7397 -0.501965
12.7406 -0.501937
11.9511 -0.479617
13.0012 -0.465974
13.0016 -0.467094
13.002 -0.467011
13.0024 -0.466931
12.3537 -0.969397
12.353 -0.968637
12.3523 -0.967924
12.3516 -0.967253
12.351 -0.966621
12.6109 -0.990941
12.6126 -0.987038
12.6681 -0.392272
12.6635 -0.394413
12.6591 -0.39645
12.6064 -0.426202
12.5978 -0.428672
12.5917 -0.430714
13.6676 -0.406677
13.6625 -0.407807
11.66 -0.75799
11.6589 -0.75835
12.8734 -0.445571
12.873 -0.445297
12.8726 -0.445032
12.8722 -0.444775
12.9077 -0.480719
12.9073 -0.480813
12.907 -0.480903
12.9221 -0.493184
12.9214 -0.493363
12.9207 -0.493536
12.7707 -0.733677
12.7706 -0.73287
12.7705 -0.732093
12.7704 -0.731345
12.5503 -0.630257
12.5487 -0.630342
12.5472 -0.630427
12.5457 -0.630512
12.5443 -0.630597
12.6717 -0.682432
12.671 -0.682038
11.7594 -0.759747
11.7599 -0.759751
11.7604 -0.759755
11.7608 -0.759761
11.7613 -0.759767
12.4174 -0.314302
12.4176 -0.314085
12.4178 -0.31387
12.418 -0.313659
12.5394 -0.479434
12.5213 0.00489837
12.521 0.00559133
12.946 -0.283523
12.946 -0.283154
12.946 -0.282791
12.946 -0.282433
12.946 -0.282081
12.906 -0.45548
12.906 -0.455392
13.7498 -0.575468
13.7533 -0.572549
13.7568 -0.569703
13.7602 -0.566924
12.755 -0.800189
12.7527 -0.80139
12.7528 -0.800256
12.7529 -0.799156
Pillar: 7.
13.2783 -1.79062
13.277 -1.79388
13.2757 -1.79693
13.2745 -1.79978
13.3863 -1.44857
13.2666 -1.8066
13.4878 -1.84611
13.4983 -1.84577
14.0349 -1.73247
14.0388 -1.73108
14.0423 -1.72981
14.0455 -1.72864
14.0485 -1.72756
13.9871 -1.56597
13.9886 -1.56348
13.99 -1.56114
13.9913 -1.55895
14.1109 -1.65749
14.1131 -1.65688
13.1101 -1.96367
13.1092 -1.96473
13.1084 -1.96575
13.1076 -1.96672
13.4196 -1.87838
13.4751 -1.80798
13.4482 -1.82273
13.4468 -1.82327
13.4455 -1.82377
13.4444 -1.82423
13.6851 -1.99446
13.6864 -1.99648
13.6876 -1.99835
13.6888 -2.0001
13.69 -2.00172
13.6911 -2.00323
13.6921 -2.00465
12.9229 -2.01402
12.9177 -2.01626
12.9128 -2.01838
12.5284 -2.03065
12.519 -2.03308
12.5123 -2.0351
13.6739 -2.01301
13.6693 -2.01414
13.3482 -1.81518
13.3478 -1.8149
13.3474 -1.81463
13.347 -1.81437
13.3598 -1.85797
13.3594 -1.85807
13.359 -1.85817
13.3511 -1.87781
13.3504 -1.87799
13.3497 -1.87817
13.4179 -1.69279
13.4179 -1.69193
13.4179 -1.6911
13.4179 -1.69031
12.8957 -1.78911
12.8941 -1.7892
12.8925 -1.78929
12.891 -1.78938
12.8895 -1.78947
13.2736 -1.73116
13.2731 -1.73073
14.4047 -1.37598
14.4084 -1.37291
14.4121 -1.36991
14.4157 -1.36699
13.4918 -1.52607
13.4942 -1.52255
13.4942 -1.52142
13.4943 -1.52032
Pillar: 8.
21.3797 0.107316
21.3813 0.104084
21.3828 0.101059
21.3843 0.0982225
20.2489 -0.257095
20.2477 -0.257279
20.2465 -0.257458
20.3481 -0.693178
20.3469 -0.693427
20.3457 -0.693668
20.4281 -0.344645
20.6115 0.485859
20.6573 -0.250236
20.6564 -0.253333
20.6557 -0.256117
20.655 -0.25864
20.7353 -0.270816
20.7384 -0.270234
20.7412 -0.269776
20.6793 -0.263157
20.6794 -0.262776
20.6795 -0.262454
20.4922 -0.430405
20.4855 -0.435987
20.4793 -0.441199
20.4736 -0.446076
20.4683 -0.450651
20.7199 -0.303127
20.7208 -0.303031
20.6987 -0.304206
20.6985 -0.304081
20.6984 -0.303968
21.3169 0.0529118
20.6637 -0.0824424
20.6627 -0.0794261
20.6618 -0.0765584
20.6609 -0.0738284
20.6601 -0.071228
20.8783 0.231103
20.8799 0.235007
20.1491 -0.282981
20.1439 -0.282074
Pillar: 9.
20.637 -1.60176
20.6358 -1.60195
20.6346 -1.60213
20.5529 -2.20552
20.5517 -2.20576
20.5505 -2.20601
20.6699 -1.85151
20.6394 -1.79017
20.6382 -1.79326
20.6372 -1.79604
20.6362 -1.79856
20.7182 -1.81076
20.7216 -1.81018
20.7246 -1.80972
20.6541 -1.80299
20.6542 -1.8026
20.6543 -1.80228
20.2458 -1.94349
20.2383 -1.94895
20.2314 -1.95404
20.2251 -1.95881
20.2191 -1.96329
20.5779 -1.82955
20.5788 -1.82946
20.51 -1.82557
20.5098 -1.82544
20.5097 -1.82533
20.774 -2.20685
20.0363 -1.74855
20.0317 -1.74767
FEATURES.
Feature: 1.
-3.52336 -2.6013
-3.52336 -2.6013
-3.52336 -2.6013
-3.52336 -2.6013
-3.52336 -2.6013
-3.52336 -2.6013
-3.52336 -2.6013
-3.52336 -2.6013
-3.52292 -2.6019
-3.52289 -2.6018
-3.52288 -2.60172
-3.91372 -2.78069
-3.89705 -2.76509
-3.88009 -2.74921
-3.86198 -2.73227
-3.84636 -2.71764
-3.83232 -2.70451
-3.81952 -2.69253
-3.7938 -2.68806
-3.77546 -2.67844
-3.75913 -2.66994
-3.96561 -2.65313
-3.95162 -2.67138
-3.93771 -2.68269
-3.92128 -2.69321
-3.92603 -2.66775
-3.91211 -2.66935
-3.89702 -2.67091
-3.88164 -2.67118
-3.86432 -2.67197
-3.84762 -2.66617
-3.34903 -2.18315
-3.35911 -2.20782
-3.36965 -2.23326
-3.3616 -2.24491
-3.353 -2.2617
-3.35137 -2.271
-3.34858 -2.2875
-3.34849 -2.30156
-3.35029 -2.31466
-3.35302 -2.3272
-3.31259 -2.85586
-3.31593 -2.83615
-3.31927 -2.81605
-3.30772 -2.76275
-3.30655 -2.71637
-3.30394 -2.68219
-3.3086 -2.65366
-3.3206 -2.62604
-3.33333 -2.6073
-3.34768 -2.59303
-3.86855 -2.42113
-3.87616 -2.42197
-3.88391 -2.42286
-3.94523 -2.45131
-3.99791 -2.47585
-4.04282 -2.49662
-4.08817 -2.51332
-4.12059 -2.5295
-4.14595 -2.54323
-4.16786 -2.55246
-3.6401 -1.58742
-3.64308 -1.64272
-3.65868 -1.72299
-3.66905 -1.79904
-3.67225 -1.8711
-3.66782 -1.93903
-3.65751 -2.00037
-3.64011 -2.05967
-3.6157 -2.1181
-4.62068 -0.401633
-4.61008 -0.594765
-4.57967 -0.765859
-4.53595 -0.918738
-4.47927 -1.06578
-4.40941 -1.19749
-4.33754 -1.31217
-0.853786 -4.2728
-1.06669 -4.24613
-1.26711 -4.20327
-1.45416 -4.1736
-1.59054 -4.10731
-1.71784 -4.03177
-2.33822 -3.27105
-2.39575 -3.26863
-2.45432 -3.26536
-2.50374 -3.2425
-3.82325 -2.02011
-3.79463 -2.0597
-3.76391 -2.096
-3.7322 -2.13012
-3.70088 -2.16159
-3.83089 -2.1892
-3.78794 -2.21987
-3.74236 -2.25427
-3.69669 -2.291
-3.63531 -2.29969
-3.57129 -2.30784
-3.51605 -2.31789
-3.4657 -2.32858
-2.79522 -3.10578
-2.82076 -3.09573
-2.84806 -3.08467
-2.87968 -3.04813
-2.91189 -3.00946
-2.94356 -2.96996
-2.96164 -2.91871
-2.97777 -2.86927
-2.98989 -2.82427
-2.99423 -2.79597
-1.41004 -3.08286
-1.53151 -3.07015
-1.65157 -3.05118
-1.77259 -3.02403
-1.87983 -2.99639
-1.96381 -2.96928
-2.04818 -2.93647
-2.12058 -2.90254
-3.56965 -1.84923
-3.55203 -1.92573
-3.54026 -1.98704
-3.53521 -2.03695
-3.53719 -2.0727
-3.132 -1.81511
-3.12471 -1.83028
-3.11779 -1.8436
-3.1104 -1.85673
-3.10343 -1.86808
-3.09628 -1.87878
-2.7966 -3.15716
-2.83171 -3.09101
-2.86003 -3.03714
-2.88164 -2.99087
-2.90668 -2.94284
-2.91655 -2.87788
-2.92081 -2.8159
-2.92282 -2.76552
-2.92381 -2.72132
-2.92371 -2.68223
Feature: 2.
-3.42793 -0.866516
-3.42793 -0.866516
-3.42793 -0.866516
-3.42793 -0.866516
-3.42793 -0.866516
-3.42793 -0.866516
-3.42793 -0.866516
-3.42793 -0.866516
-3.42779 -0.867094
-3.42772 -0.867002
-3.42768 -0.866925
-3.52042 -1.13899
-3.50375 -1.12339
-3.48679 -1.10752
-3.46869 -1.09057
-3.45306 -1.07595
-3.43903 -1.06281
-3.42623 -1.05083
-3.4039 -1.04556
-3.38595 -1.03584
-3.37001 -1.02725
-3.48779 -1.03806
-3.49152 -1.05117
-3.49314 -1.05815
-3.49184 -1.06461
-3.49659 -1.03914
-3.49444 -1.03769
-3.48964 -1.03665
-3.48326 -1.0347
-3.47468 -1.03338
-3.46473 -1.02599
-3.16292 -0.572984
-3.173 -0.597645
-3.18354 -0.623088
-3.16727 -0.635706
-3.15359 -0.653127
-3.14403 -0.663429
-3.13582 -0.680637
-3.13104 -0.695319
-3.12876 -0.708979
-3.12795 -0.722011
-3.42252 -1.16071
-3.42586 -1.14099
-3.4292 -1.1209
-3.38827 -1.06595
-3.36 -1.01849
-3.3354 -0.983765
-3.32097 -0.954986
-3.31451 -0.927331
-3.31307 -0.908699
-3.31512 -0.894623
-2.8336 -0.991768
-2.84122 -0.992608
-2.84897 -0.993494
-2.92327 -1.01264
-2.98731 -1.02917
-3.04216 -1.04304
-3.09621 -1.0538
-3.13687 -1.0644
-3.16952 -1.07327
-3.19706 -1.07878
-3.29397 -0.272821
-3.29695 -0.328121
-3.33984 -0.401507
-3.37398 -0.472045
-3.39788 -0.539668
-3.41145 -0.604017
-3.41597 -0.662599
-3.41227 -0.719491
-3.40111 -0.775738
-4.37166 1.33005
-4.4248 1.1449
-4.4485 0.978718
-4.4518 0.828738
-4.44052 0.683293
-4.40888 0.552012
-4.37006 0.43703
-0.987146 -2.92438
-1.14456 -2.89338
-1.47567 -2.81878
-1.56803 -2.75251
-1.6571 -2.67814
-2.89459 -1.2989
-2.89641 -1.28161
-2.90376 -1.26613
-2.94067 -1.2405
-4.80233 2.09393
-2.55278 -1.62672
-2.56971 -1.60699
-2.58846 -1.58697
-2.60756 -1.56704
-2.62726 -1.54645
-2.64124 -1.53269
-2.65722 -1.52091
-2.67737 -1.50514
-2.70332 -0.731046
-2.74697 -0.748805
-2.79507 -0.768541
-2.86805 -0.730858
-2.95047 -0.695606
-3.01285 -0.689249
-3.07222 -0.69068
-3.13439 -0.686843
-3.18379 -0.693755
-3.21982 -0.710115
-3.24443 -0.728781
-3.39685 0.632296
-3.42134 0.513303
-3.43344 0.393895
-3.43441 0.269711
-2.80221 -1.79854
-2.79325 -1.78876
-2.7906 -1.77867
-2.81891 -1.74229
-2.84826 -1.70375
-2.87745 -1.66437
-2.90334 -1.61275
-2.92546 -1.56306
-2.94278 -1.51786
-2.95165 -1.48941
-3.53661 -0.481176
-3.5094 -0.507425
-3.4806 -0.53247
-3.44802 -0.557462
-3.41308 -0.582543
-3.3769 -0.608985
-3.34048 -0.636188
-3.30522 -0.660893
-3.11885 -1.95294
-3.15396 -1.88679
-3.18227 -1.83292
-3.20591 -1.78719
-3.23096 -1.73916
-3.22674 -1.67049
-3.21876 -1.60544
-3.21136 -1.55278
-3.20417 -1.50666
-3.19696 -1.46596
Feature: 3.
-1.38218 -0.284563
-1.38218 -0.284563
-1.38218 -0.284563
-1.38218 -0.284563
-1.38218 -0.284563
-1.38218 -0.284563
-1.38218 -0.284563
-1.38218 -0.284563
-1.38213 -0.284796
-1.38205 -0.28475
-1.382 -0.284712
-1.89598 -0.714167
-1.90335 -0.709865
-1.9083 -0.701657
-1.91039 -0.693389
-1.91514 -0.667926
-1.91572 -0.655064
-1.91336 -0.64408
-1.90916 -0.633463
-1.90275 -0.623748
-1.8945 -0.609885
-1.95397 -1.31301
-1.9342 -1.30273
-1.91419 -1.29278
-1.89779 -1.27985
-1.87767 -1.27056
-1.85756 -1.26169
-1.83817 -1.25356
-1.81997 -1.24634
-1.80323 -1.24007
-0.905636 0.566498
-0.967558 0.542422
-1.01903 0.514322
-1.05857 0.483247
-1.08617 0.450392
-1.10252 0.417535
-1.11 0.38427
-1.10986 0.350709
-1.51214 1.02578
-1.55604 0.94581
-1.57494 0.868812
-1.57632 0.796243
-1.56517 0.725478
-1.53514 0.656991
-1.49881 0.596275
-1.4547 0.543129
-1.41711 0.48708
1.06368 -1.34397
0.969443 -1.39852
0.86926 -1.43008
0.698708 -1.4132
0.650863 -1.41829
0.59855 -1.40707
-0.408155 -0.515697
-0.388916 -0.568686
-0.378781 -0.617869
-0.41168 -0.608042
-2.18104 1.9163
-1.15804 0.147828
-1.15435 0.138538
-1.14558 0.128347
-1.13317 0.116739
-1.11878 0.104704
-0.202614 -0.539082
-0.210095 -0.539999
-0.220776 -0.538005
-0.232964 -0.533808
-0.246741 -0.526941
-0.241889 -0.558347
-0.244046 -0.581301
-0.252655 -0.595728
-0.266559 -0.601975
0.205176 -0.770128
0.147031 -0.749585
0.0839697 -0.728516
0.0195612 -0.707982
-0.0639621 -0.694044
-0.0900878 -0.713412
-0.116798 -0.723743
-0.141638 -0.729404
-0.2655 -0.713932
-0.23454 -0.744762
-0.202557 -0.77394
-0.172584 -0.798921
-0.144974 -0.818081
-0.130207 -0.813554
-0.117067 -0.80803
-0.108326 -0.803229
-0.453721 -0.0358174
-0.416523 -0.0946962
-0.386061 -0.143955
-0.358819 -0.187837
-0.334093 -0.22759
-0.311506 -0.263784
-0.287942 -0.301411
-0.268309 -0.33269
-0.248152 -0.36464
-1.02959 1.79302
-1.18732 1.78503
-1.24134 1.71603
-1.27903 1.63452
-1.30121 1.54357
-1.31298 1.44355
0.951374 -2.15227
0.893278 -2.16257
0.833592 -2.15041
0.777851 -2.12323
0.721967 -2.07828
0.666709 -2.01841
0.632813 -1.94077
-0.574454 0.367316
-0.569047 0.309232
-0.567168 0.25006
-0.564242 0.184915
-0.560525 0.127237
-1.25208 1.38245
-1.29826 1.36073
-1.31735 1.32827
-1.31666 1.28225
-1.30246 1.21953
-1.27728 1.15909
-1.23905 1.0897
-1.19093 1.01324
-1.13722 0.930501
-0.380441 -0.129339
-0.419889 -0.101676
-0.451411 -0.0832371
-0.477898 -0.0715349
-0.497059 -0.0670484
-0.509246 -0.069279
-0.514838 -0.077545
-0.51463 -0.0912523
-0.509273 -0.10923
0.0550951 -1.32223
-0.00826454 -1.32531
-0.0905133 -0.147067
-0.134162 -0.164827
-0.182264 -0.184563
-0.26594 -0.100936
-0.358781 -0.0240925
-0.430754 0.0182484
-0.499871 0.0514581
-0.582161 0.121797
-0.650128 0.171301
-0.703019 0.202841
-0.741207 0.220778
-1.63071 0.466358
-1.63037 0.441152
-1.61667 0.415027
-1.59383 0.387747
-1.54022 0.362523
-1.48627 0.337108
-1.42548 0.308822
-0.883002 1.3427
-0.922668 1.27535
-0.948812 1.20055
-0.964104 1.11923
-1.27132 0.31919
-1.22837 0.288517
-1.18279 0.254116
-1.13712 0.217389
-1.09062 0.223792
-1.03965 0.22874
-0.995871 0.230074
-0.955578 0.229286
1.62229 -2.76945
1.49804 -2.77788
1.39116 -2.74362
1.28975 -2.68984
1.19812 -2.62532
-0.520006 -0.611812
-0.480526 -0.662674
-0.452679 -0.705881
-0.478274 -0.675432
-0.505286 -0.642036
-0.532467 -0.607096
-0.564716 -0.54148
-0.591774 -0.481068
-0.613433 -0.426572
-0.6261 -0.390057
-0.506487 -0.307713
-0.480388 -0.315459
-0.45265 -0.324453
-0.421055 -0.335523
-0.387025 -0.348526
-0.351768 -0.363315
-0.316257 -0.379605
-0.281638 -0.396828
-0.248778 -0.414523
0.760189 -1.56309
0.657806 -1.57801
0.554047 -1.58325
0.450425 -1.58257
0.354679 -1.57281
0.296733 -1.58742
0.234338 -1.59123
0.178703 -1.58614
0.118076 -1.57319
-0.546687 -0.776299
-0.558596 -0.779357
-0.573658 -0.778291
-0.590059 -0.774184
-0.579081 -0.783407
-0.576949 -0.782066
-0.578155 -0.774121
-0.582991 -0.759392
-1.09186 -0.219893
-1.0437 -0.24518
-1.01718 -0.27199
-0.98884 -0.300511
-0.960043 -0.329386
-0.931831 -0.357598
-0.895007 -0.442738
-0.879713 -0.485793
-0.868621 -0.520444
-0.0208433 -1.91224
-0.00321984 -1.86339
0.00498277 -1.81602
0.00422955 -1.77177
-0.0048002 -1.72602
-0.00933844 -1.68826
-0.0075044 -1.59608
-1.00078 -1.14198
-0.995409 -1.15109
-0.990011 -1.15965
-0.984059 -1.16834
-0.978144 -1.17643
-0.971969 -1.18414
Feature: 4.
4.86036 -1.01909
4.86036 -1.01909
4.86036 -1.01909
4.86036 -1.01909
4.86054 -1.01827
4.8606 -1.01836
4.86064 -1.01844
4.43222 -1.2028
4.44784 -1.18818
4.46188 -1.17504
4.47468 -1.16306
4.49722 -1.14147
4.51519 -1.12983
4.53116 -1.11937
4.54562 -1.10998
4.5685 -1.10122
4.58762 -1.09391
4.6046 -1.08742
5.75602 0.0267783
5.81545 -0.0775395
5.85833 -0.17716
5.89305 -0.26184
5.91502 -0.336874
5.92765 -0.409604
5.93308 -0.468059
5.93398 -0.520969
6.20767 -1.44679
6.13711 -1.38392
6.07571 -1.32908
6.0227 -1.28083
5.96991 -1.2375
5.93014 -1.19693
5.89804 -1.16079
5.87077 -1.13166
5.06949 -0.296542
5.08926 -0.28626
5.10927 -0.276308
5.12773 -0.277781
5.14786 -0.268485
5.16797 -0.259621
5.18736 -0.251491
5.20556 -0.244263
5.22229 -0.238001
3.39084 -0.583156
3.4027 -0.482039
3.42575 -0.404362
3.45684 -0.341826
3.49584 -0.281509
3.54667 -0.239212
3.59902 -0.203771
3.65417 -0.183102
3.7035 -0.151052
3.77794 -0.157597
3.85377 -0.150334
4.18639 -0.99593
4.2028 -0.944104
4.22205 -0.901052
4.24315 -0.866296
4.26476 -0.837968
4.28713 -0.815602
4.35907 -0.795121
4.41968 -0.778955
4.58735 -0.837212
4.57707 -0.88012
4.56365 -0.914624
4.54886 -0.942158
4.53265 -0.962886
4.52841 -1.08452
4.51816 -1.17629
4.50175 -1.25012
4.48051 -1.30762
5.12034 -0.810852
5.13194 -0.815572
5.14456 -0.82081
5.15747 -0.826287
5.16799 -0.83086
5.17714 -0.834935
5.15325 -0.849979
5.1336 -0.861971
5.11637 -0.872234
5.10091 -0.881299
5.59832 -1.05713
5.54073 -1.02599
5.47813 -0.995805
5.4141 -0.967422
5.33104 -0.943772
5.30224 -1.0153
5.27282 -1.07075
5.24798 -1.07641
5.21926 -1.11782
5.2074 -1.15838
4.30583 -0.321242
4.34053 -0.398434
4.37539 -0.468019
4.40782 -0.532183
4.43709 -0.581532
4.45223 -0.584361
4.46568 -0.585278
4.4747 -0.586122
4.48315 -0.585957
4.50617 -0.574907
4.17444 -0.0383893
4.21157 -0.120176
4.24202 -0.171934
4.26925 -0.218049
4.29396 -0.2598
4.31653 -0.297787
4.34008 -0.337026
4.3597 -0.369923
4.37985 -0.403166
4.3997 -0.435645
4.46125 -0.476031
4.49216 -0.400185
4.42023 -0.178467
4.40271 -0.139959
4.39508 -0.127413
4.39778 -0.13615
4.41022 -0.151711
4.43147 -0.192407
4.48297 -0.265013
5.50294 -1.48827
5.45845 -1.59966
5.40907 -1.67859
5.36018 -1.72332
5.30932 -1.74088
5.25774 -1.73535
5.22384 -1.65771
5.17531 -1.6375
5.15071 -1.61252
4.18457 -0.0760401
4.18814 -0.153379
4.1911 -0.201231
4.1954 -0.251753
4.19979 -0.302012
3.55915 0.311383
3.54508 0.445787
3.54719 0.533702
3.56385 0.592542
3.59209 0.637749
3.62583 0.65449
3.67049 0.652164
3.72345 0.633952
3.78119 0.607469
4.56454 -1.41882
5.22294 -1.77356
5.19136 -1.732
5.1638 -1.66714
5.13615 -1.59964
5.10972 -1.5323
4.56222 -0.892537
4.53326 -0.793547
4.51001 -0.713067
4.49077 -0.641353
4.47668 -0.590779
4.46855 -0.552962
4.46621 -0.526438
4.46934 -0.506526
4.47678 -0.498706
4.48726 -0.497244
5.413 -1.87062
5.31302 -1.75856
5.25246 -1.69846
5.51861 -1.6847
5.43551 -1.62038
5.34722 -1.54831
5.2555 -1.48918
5.16643 -1.43301
5.09921 -1.38926
5.04262 -1.35211
5.62796 -1.43641
5.5518 -1.41062
5.47464 -1.38602
5.39275 -1.35808
5.41035 -1.50104
5.41607 -1.62177
5.41526 -1.69674
5.40707 -1.74326
5.39297 -1.76513
4.85787 -0.883409
4.90758 -1.03395
4.95699 -1.1469
5.00151 -1.2344
5.03943 -1.29676
5.06196 -1.33884
5.07987 -1.3681
5.09535 -1.3713
4.64361 0.0797801
4.66154 0.0202432
4.67718 -0.0336083
4.6928 -0.0890066
4.69824 -0.11636
4.70378 -0.142917
4.70936 -0.168945
4.81459 -0.636229
4.80202 -0.651539
4.78838 -0.666645
4.77608 -0.680256
5.11876 -1.56586
5.0586 -1.38862
4.9857 -1.22634
4.92993 -1.10954
4.87548 -1.00418
4.81878 -0.793998
4.7698 -0.624463
4.73103 -0.489982
4.70236 -0.392732
4.68851 -0.319681
4.667 -0.245642
3.74953 -0.780967
3.77859 -0.675053
3.81464 -0.586801
3.85492 -0.514415
3.91722 -0.485508
3.97828 -0.463847
4.04555 -0.446599
4.10467 -0.437431
4.1641 -0.431846
4.21931 -0.429168
3.05924 -0.926732
3.11243 -0.895499
3.16912 -0.868847
3.2178 -0.848531
3.26231 -0.832713
5.9671 -1.34892
5.89837 -1.53999
5.82888 -1.64732
5.75624 -1.71739
5.6868 -1.76103
4.71623 -1.36893
4.68893 -1.35159
4.66042 -1.32953
4.63193 -1.30438
4.60376 -1.20789
4.5797 -1.12375
4.56056 -1.04863
4.55002 -0.994187
3.90611 -0.492221
3.93325 -0.473015
3.96177 -0.458615
3.99393 -0.449382
4.02838 -0.444766
4.06397 -0.442549
4.09974 -0.442906
4.1345 -0.449202
4.16747 -0.45742
4.21468 -0.466424
4.30798 -0.484174
6.24544 -0.816575
6.15208 -0.901069
6.05545 -0.966886
5.9588 -1.03203
5.86729 -1.06648
5.81779 -1.18348
5.76119 -1.27635
5.70909 -1.34087
5.65107 -1.39626
5.61447 -1.44507
5.54514 -1.43996
5.46239 -0.677178
5.45124 -0.75212
5.43614 -0.812028
5.4193 -0.85469
5.42756 -0.981285
5.42547 -1.08177
5.4192 -1.16215
5.40892 -1.22402
5.39516 -1.26956
5.38908 -1.32187
4.91663 -0.352398
4.94319 -0.376583
4.97157 -0.402817
5.0004 -0.4297
5.02865 -0.45598
5.06044 -0.706634
5.06877 -0.876344
5.0723 -1.01283
4.09647 -2.59626
4.13568 -2.40159
4.15843 -2.22717
4.16713 -2.07241
4.16393 -1.93063
4.16265 -1.80951
4.16384 -1.73777
4.16561 -1.67168
4.19451 -1.60824
4.22494 -1.54193
4.32194 -1.66821
4.10187 -0.940774
4.11492 -0.957857
4.12974 -0.96717
4.14187 -0.971591
4.15282 -0.975041
4.16301 -0.977375
Feature: 5.
5.48851 -2.37089
5.48851 -2.37089
5.48851 -2.37089
5.48851 -2.37089
5.48891 -2.36996
5.48894 -2.37007
5.48895 -2.37016
4.94472 -2.56467
4.96035 -2.55004
4.97438 -2.53691
4.98718 -2.52493
5.01254 -2.50227
5.03084 -2.49052
5.04713 -2.47993
5.06184 -2.47045
5.08471 -2.46169
5.10384 -2.45437
5.12082 -2.44788
5.22425 -1.73323
5.23474 -1.78876
5.24474 -1.83275
5.24839 -1.88444
5.25243 -1.9299
5.25352 -1.96911
5.25254 -2.00405
5.25048 -2.03555
3.05012 -2.33571
3.12656 -2.24591
3.20452 -2.17596
3.28338 -2.11874
3.36859 -2.06233
3.45834 -2.02239
3.54439 -1.9883
3.62536 -1.96823
3.70544 -1.93641
3.7992 -1.94283
3.89169 -1.93529
5.22674 -2.47637
5.1821 -2.50158
4.59371 -2.26013
4.60531 -2.26485
4.61794 -2.27009
4.63084 -2.27556
4.64136 -2.28014
4.65052 -2.28421
4.6263 -2.29914
4.6064 -2.31104
4.58897 -2.32123
4.57331 -2.33022
5.30154 -2.60918
5.247 -2.57863
5.18703 -2.54893
5.12526 -2.52097
5.04499 -2.49784
5.00118 -2.56653
4.95879 -2.61941
4.93395 -2.62507
4.89405 -2.66417
4.8687 -2.70183
4.36106 -2.22539
4.37646 -2.30304
4.39451 -2.37287
4.41063 -2.43713
4.42734 -2.48645
4.43943 -2.48926
4.45021 -2.49016
4.45687 -2.49099
4.46303 -2.4908
4.49153 -2.4798
3.88977 -1.66152
3.91887 -1.74188
3.94844 -1.79348
3.97489 -1.83945
3.9989 -1.88108
4.02085 -1.91895
4.04384 -1.95809
4.06289 -1.99088
4.08258 -2.02404
4.10202 -2.05644
4.16357 -2.09683
3.7694 -1.72039
3.75255 -1.52737
3.76093 -1.50137
3.77601 -1.4993
3.79861 -1.51685
3.83154 -1.54112
3.86763 -1.5879
3.92176 -1.66157
5.56984 -3.12053
5.48914 -3.23301
5.40721 -3.31222
5.33266 -3.35672
5.25953 -3.37375
5.18862 -3.36752
5.15472 -3.28988
5.08941 -3.26887
5.05424 -3.2433
3.4715 -1.35477
3.46991 -1.42921
3.47591 -1.47877
3.48413 -1.53148
3.49052 -1.58285
3.25503 -1.9886
3.31548 -1.86282
3.37491 -1.77989
3.44139 -1.72422
3.52081 -1.68115
3.59109 -1.66525
3.66746 -1.66783
3.74794 -1.68592
3.83222 -1.71197
4.17704 -2.8691
4.72959 -3.20046
4.69365 -3.15738
4.66609 -3.09251
4.63843 -3.02501
4.612 -2.95768
4.03368 -2.3364
4.02559 -2.24488
4.02054 -2.17064
4.01896 -2.10474
4.01845 -2.05847
4.02215 -2.0243
4.03011 -2.00085
4.04319 -1.98385
4.05828 -1.97822
4.07541 -1.97862
5.47636 -1.86754
5.48997 -3.64836
5.39892 -3.5359
5.33836 -3.4758
5.33778 -3.06073
5.2593 -2.99701
5.17702 -2.92569
5.08844 -2.86694
5.00205 -2.8111
4.93711 -2.76762
4.88247 -2.73069
5.73702 -2.96956
5.66158 -2.94372
5.58442 -2.91913
5.50253 -2.89118
5.49032 -3.03599
5.4672 -3.15795
5.44427 -3.2335
5.41686 -3.28026
5.38607 -3.30215
5.15076 -2.84313
5.15896 -2.99943
5.17645 -3.1162
5.19321 -3.2066
5.207 -3.27115
5.20855 -3.3149
5.20572 -3.34559
5.20571 -3.34972
4.78024 -1.87462
4.79687 -1.93425
4.81138 -1.98818
4.82602 -2.04364
4.83485 -2.07076
4.8433 -2.09711
4.85134 -2.12296
5.93742 -3.24173
5.9164 -3.26236
5.89552 -3.27038
5.87482 -3.26895
5.85391 -3.25573
5.95813 -1.81873
5.92245 -1.93458
5.88212 -2.04014
5.85434 -2.0839
5.8158 -2.16233
5.84433 -2.2482
5.807 -2.22421
5.76978 -2.20725
6.79144 -3.07982
6.7436 -3.12826
5.26036 -3.19418
5.21635 -3.02844
5.18562 -2.90826
5.15533 -2.7993
5.14511 -2.58125
5.1357 -2.40404
5.13061 -2.26229
5.12775 -2.15903
5.1388 -2.0798
5.15652 -1.99525
3.3591 -2.50789
3.43024 -2.41096
3.503 -2.32967
3.57526 -2.2627
3.65492 -2.23648
3.73108 -2.21702
3.81296 -2.20177
3.88331 -2.19405
3.94866 -2.1892
4.00901 -2.18715
5.62089 -1.78304
5.5587 -1.7867
3.53409 -2.10699
3.5711 -2.09003
3.60819 -2.07753
3.64781 -2.0699
3.68872 -2.06665
3.73057 -2.06573
3.7722 -2.06728
3.81098 -2.07438
3.84743 -2.08329
3.89734 -2.09282
3.99064 -2.11058
5.34026 -2.28392
5.3099 -2.35729
5.27852 -2.41568
5.2492 -2.45707
5.22619 -2.58003
5.19702 -2.67688
5.1673 -2.75372
5.1367 -2.81224
5.10535 -2.85467
5.07049 -2.90144
3.79206 -2.00228
3.84224 -2.02203
3.86954 -2.04669
3.89856 -2.07333
3.92795 -2.10057
4.28743 -4.06003
4.37821 -3.85771
4.44545 -3.67518
4.49253 -3.51228
4.52242 -3.36262
4.54969 -3.23404
4.5439 -3.16419
4.5396 -3.0997
4.56849 -3.03625
4.59892 -2.96994
4.77943 -2.95098
4.78991 -2.94368
4.79931 -2.93926
4.80897 -2.93586
4.81758 -2.93508
4.82622 -2.93465
4.83397 -2.93569
Feature: 6.
11.8218 -1.63671
11.8216 -1.49545
11.826 -1.38503
11.8363 -1.28584
11.8524 -1.19145
11.6518 -1.70071
11.7234 -1.42713
11.7973 -1.20485
11.8664 -1.01338
11.9324 -0.873056
11.9924 -0.698328
12.0722 -0.615134
12.152 -0.530486
11.5378 -1.36393
11.558 -1.22811
11.5797 -1.11202
11.6023 -1.01375
11.6248 -0.93021
11.6476 -0.859842
11.7196 -0.839362
11.7802 -0.823195
13.5112 1.0307
13.543 0.739052
13.5581 0.516938
13.5621 0.330143
13.5574 0.174804
13.6358 -0.333558
13.612 -0.350506
13.5924 -0.363929
13.5753 -0.375409
13.5599 -0.385624
14.7135 -0.872782
13.8393 0.290128
13.8221 0.136272
13.802 0.0094654
13.7772 0.00380421
13.756 -0.0992178
13.7527 -0.214377
12.6163 -0.630817
12.6314 -0.646775
12.6447 -0.659188
12.6536 -0.670107
12.662 -0.679771
12.6852 -0.645236
12.709 -0.600578
12.746 -0.591324
12.7795 -0.582904
12.8021 -0.577186
12.9401 -0.419414
12.9257 -0.218062
12.9182 -0.0638615
12.9191 0.050612
12.9278 0.161033
12.9452 0.211074
12.996 0.154582
13.8048 -0.515451
13.7731 -0.692144
13.7355 -0.824515
13.6942 -0.91882
13.6603 -0.841183
13.6198 -0.907789
13.5997 -0.937559
14.2997 -1.20338
14.215 -1.10959
14.1243 -0.999184
14.0314 -0.920104
13.9412 -0.846875
13.873 -0.788556
13.8155 -0.738982
12.7216 -0.0452453
12.7633 -0.330886
12.7897 -0.589839
12.803 -0.771109
12.8058 -0.910064
12.8003 -1.01231
12.1125 0.117685
12.1818 -0.186502
12.244 -0.417587
12.2981 -0.607802
12.3431 -0.75944
12.3709 -0.879103
12.3932 -0.985054
12.4115 -1.04558
12.4204 -1.03153
12.486 0.12624
12.504 0.0614932
12.5197 0.00310963
12.5353 -0.056232
12.5407 -0.0699422
12.5461 -0.084871
12.5516 -0.100996
12.5579 -0.122483
12.57 -0.140604
12.583 -0.162515
12.7232 -0.397707
12.7221 -0.466322
12.7184 -0.516574
12.7126 -0.552307
12.7046 -0.571817
12.6957 -0.585014
12.6852 -0.500293
13.1389 -0.637703
13.184 -0.267644
13.1715 -0.285366
13.1579 -0.300472
13.1456 -0.314084
13.0296 -0.138466
13.0096 -0.321479
12.9837 -0.492141
12.9559 -0.535901
12.9279 -0.663546
12.8956 -0.77107
12.8663 -0.792888
13.0286 -0.452438
12.9858 -0.406594
12.9438 -0.371015
13.3149 -0.545749
13.2951 -0.69202
13.271 -0.806021
13.2433 -0.871303
13.276 -0.850693
11.2517 -1.55259
11.2561 -1.33152
11.8876 -0.733973
11.9517 -0.625319
12.0136 -0.534395
12.0812 -0.450228
12.1402 -0.389713
12.1994 -0.357027
12.2544 -0.33084
12.3129 -0.311773
12.3764 -0.313191
12.4378 -0.316399
12.4148 -1.34227
12.4277 -1.13506
12.4425 -0.970511
12.4628 -0.819835
13.5137 0.741145
13.5256 0.233202
13.509 -0.119357
13.4759 -0.403637
13.4359 -0.634109
13.3919 -0.818886
13.3158 -0.716306
11.7512 -1.7412
11.7255 -1.60215
11.7032 -1.48533
11.6855 -1.38181
11.676 -1.30267
13.2762 0.840257
13.2608 0.585423
13.2317 0.372331
13.1998 0.21362
13.1604 0.0655935
13.1483 -0.115421
13.079 -0.110309
13.1709 1.13092
13.2165 0.852524
13.2444 0.619694
13.2623 0.424039
13.2716 0.261826
13.2739 0.128986
13.2919 -0.0668254
13.8068 1.94459
13.9019 1.4492
13.9541 1.09088
13.99 0.8019
14.0156 0.538493
13.8567 0.491565
13.7139 0.353258
13.5856 0.225888
Feature: 7.
11.8203 -2.963
11.9245 -2.68463
12.0258 -2.45765
12.1186 -2.26164
12.2026 -2.11754
12.284 -1.93797
12.3773 -1.85155
12.4685 -1.764
14.3082 -1.58685
14.2842 -1.60395
14.2644 -1.61748
14.2471 -1.62906
14.2315 -1.63937
14.6303 -0.83239
14.6021 -0.993842
14.5725 -1.12714
14.5477 -1.1328
14.5183 -1.24135
14.505 -1.36313
13.0393 -1.93756
13.0523 -1.95419
13.0638 -1.9672
13.0711 -1.97863
13.0779 -1.9888
13.1049 -1.95306
13.1334 -1.90686
13.1705 -1.8976
13.2039 -1.88918
13.2265 -1.88346
14.6231 -2.95838
14.5442 -2.8635
14.4613 -2.75163
14.3723 -2.67178
14.2855 -2.59789
14.2202 -2.53899
14.1652 -2.48893
13.2459 -2.07964
13.208 -2.03313
13.1703 -1.99697
13.3772 -2.15088
13.339 -2.29777
13.2987 -2.41213
13.2591 -2.47757
13.2905 -2.45697
12.2579 -2.13543
12.3359 -2.02303
12.4099 -1.92874
12.4891 -1.84123
12.5569 -1.77808
12.6208 -1.74398
12.6798 -1.71655
12.7418 -1.6964
12.8053 -1.69782
12.8667 -1.70103
12.9048 -2.39047
12.9391 -2.17295
12.9725 -1.99908
13.0105 -1.83908
14.1707 -0.273951
14.1397 -0.808442
14.0895 -1.18014
14.0266 -1.48015
13.9605 -1.72361
13.8935 -1.91915
13.8324 -1.8096
14.6008 1.28177
14.6772 0.764579
14.7147 0.389918
14.7385 0.0880185
14.7524 -0.187388
14.5981 -0.229597
14.4553 -0.367904
14.327 -0.495274
Feature: 8.
22.0934 -0.67806
22.0027 -0.589159
21.9341 -0.517455
21.8762 -0.456469
20.5283 0.295994
20.5439 0.0603641
20.5485 -0.125939
20.3435 -0.184731
20.3769 -0.389371
20.404 -0.579333
20.4252 -0.702635
20.4354 -0.720464
20.5656 0.0751185
20.5707 0.0753776
20.576 0.072356
20.5812 0.0663704
20.5873 0.0535058
20.5992 0.0440426
20.612 0.0298142
20.6253 0.012458
20.6337 -0.0169769
20.6413 -0.0445181
20.7056 -0.319292
20.7048 -0.444282
20.7011 -0.544003
20.695 -0.623174
20.6866 -0.680853
20.6771 -0.727618
20.6674 -0.592845
20.6594 -0.473193
20.6621 -0.455983
20.6649 -0.43942
21.8144 2.93118
21.2543 1.34392
21.2479 1.08282
21.2346 0.836493
21.2068 0.792733
21.1878 0.607923
21.1629 0.450975
21.1337 0.429156
19.7239 -0.709301
19.7568 -0.693739
Feature: 9.
21.0421 -1.00585
21.0413 -1.2478
21.0317 -1.43943
20.6693 -1.67568
20.6869 -1.88369
20.6983 -2.07683
20.7077 -2.20239
20.5273 -1.46444
20.5351 -1.46425
20.5427 -1.46732
20.5499 -1.47335
20.5576 -1.48624
20.5712 -1.49574
20.5855 -1.50999
20.6 -1.52737
20.6084 -1.5568
20.616 -1.58435
20.5405 -1.8434
20.529 -1.96719
20.5159 -2.06579
20.5015 -2.14393
20.4858 -2.20067
20.47 -2.24658
20.4698 -2.11307
20.4707 -1.99455
20.4734 -1.97734
20.4762 -1.96078
22.0412 0.61822
19.6198 -2.17551
19.6515 -2.15986
