-0.598 5.717
-0.576624277457 5.63199421965
-0.593521645949 5.57513330476
-0.639562174613 5.63394232165
-0.622604095287 5.64489631073
-0.670478680903 5.59178856766
-0.675733799399 5.68714191137
-0.734318749567 5.76907601309
-0.721548161669 5.57986659969
-0.705469482348 5.56397194983
-0.7507159634 5.65229537104
-0.764568556137 5.70975010342
-0.78656598326 5.5790726017
-0.786566016125 5.57907258527
-0.699906241433 5.44085798266
-0.699906271638 5.44085799008
-0.77324967249 5.57235070411
-0.77324966518 5.57235068911
-0.773249656816 5.57235067195
-0.850174856442 5.5294808162
-0.850174889956 5.52948082401
-0.969523465383 5.626272489
-0.969523465383 5.626272489
-1.00925586803 5.4927075306
-1.00925586803 5.4927075306
-1.00917158475 5.49272302469
-1.02656802422 5.36220477189
-1.02650934628 5.36221606963
-1.0559984223 5.37205535742
-1.05595462526 5.37206410705
-1.05960155445 5.3273860151
-1.02748953519 5.23044716419
-1.04253371955 5.48564739582
-1.03339523486 5.32460537278
-1.06568396286 5.34479788068
-1.056173984 5.24531928119
-1.10277753154 5.28081137724
-1.10468340104 5.2126098143
-1.08801209968 5.22821156907
-1.11547198379 5.2933493471
-1.09851232773 5.30922071276
-1.08040486352 5.32616588868
-1.09215006008 5.31580135406
-1.07652482907 5.33042331373
-1.08631772531 5.47013238385
-1.07228103227 5.48326754202
-1.0850457625 5.5984031455
-1.07224405838 5.61038238807
-1.05206382877 5.62268567538
-1.03150528191 5.45317692271
-1.01378645075 5.46367719296
-1.04210153696 5.41256761851
-1.0263815318 5.42191813612
-1.07125192314 5.33239478756
-1.05696927644 5.3409068223
-1.03407059043 5.34960119841
-1.03183569713 5.19034871087
-1.0126898102 5.19761195806
-1.04478839496 5.31620381653
-1.02778966416 5.32264746207
-1.02237426861 5.47567397217
-1.00693870212 5.481520656
-1.03173310874 5.49239518424
-1.05245532379 5.51529904516
-1.06932386065 5.40245208724
-1.06371747369 5.1690947036
-1.08172359161 5.26446926708
-1.09668006083 5.28970124159
-1.101483048 5.28091578618
-1.11270200702 5.30757823665
-1.15436718188 5.44529890341
-1.16220933375 5.47156016415
-1.15168965968 5.53465627699
-1.1556096048 5.56026100998
-1.15998861787 5.58712995601
-1.25712508133 5.63492564107
-1.25786589924 5.65802834141
-1.33095302331 5.75612947382
-1.32923355806 5.77720009621
-1.37029014071 5.72239763788
-1.36616192853 5.74209773956
-1.35918275706 5.76340760587
-1.34992853005 5.78525316846
-1.30917284716 5.67373492318
-1.29694893993 5.80156622859
-1.36409117427 5.84495006182
-1.34963738204 5.89261761165
-1.36866435428 5.87684120558
-1.38031687461 5.8528831644
-1.33277481117 5.7794837038
-1.34494127801 5.75477648642
-1.30549776154 5.76968373755
-1.28784560717 5.73969554333
-1.28437816978 5.88387021091
-1.27026952381 5.85558651306
-1.24570360801 5.8958319991
-1.23431047928 5.86935493343
-1.22524163985 5.84108667925
-1.19127470882 5.79446086286
-1.18560218848 5.77032516842
-1.16258393334 5.51808158536
-1.15947295161 5.4963182593
-1.14824204975 5.49022921862
-1.14668852591 5.47021934513
-1.14630908881 5.44910018628
-1.09982022139 5.57617354524
-1.12907385137 5.57958561708
-1.12293271426 5.5993272359
-1.0914004012 5.49155381416
-1.06174186863 5.39219743158
-1.05417950294 5.32270072704
-1.10907965087 5.48430945033
-1.10962374492 5.53168004457
-1.13681427511 5.54612526244
-1.16176662199 5.77569229245
-1.26618773871 5.9960814521
-1.36776734729 6.18928873108
-1.36434109265 6.30378789992
-1.3634618361 6.43948832157
-1.34552943627 6.36750585656
-1.34784129284 6.41898420902
-1.31467798971 6.39279703821
-1.42852489867 6.53956164937
-1.50188926075 6.71232450191
-1.57947757945 6.86380876992
-1.54695321139 6.82794364851
-1.5502311574 6.96845420114
-1.51345088354 6.83326738033
-1.52253781663 6.81862073542
-1.536734232 6.85520831463
-1.59086070503 6.99672792507
-1.61577613803 6.95305014763
-1.67475410016 7.08326592268
-1.70861348778 7.13453778969
-1.74602289338 7.02526341961
-1.77845888363 6.98495300663
-1.76728193822 7.00767285111
-1.73102826801 6.96995338983
-1.69403265975 6.89541689447
-1.66838242594 6.89180626419
-1.67095707783 6.91163613549
-1.64408860034 6.85784902908
-1.6466535593 6.87805611731
-1.69948246371 7.09768548627
-1.63976463821 7.09179924723
-1.59133951873 6.9143531158
-1.54651674623 6.90733634437
-1.50894785631 6.8987666047
-1.49054786243 7.01834809733
-1.46509865602 7.01003946963
-1.49801180313 7.04796242309
-1.48112749099 7.03997770765
-1.35851937826 7.00955426107
-1.34912835393 7.00086607921
-1.34423712918 6.99113180084
-1.39394885849 6.88824455162
-1.39415949489 6.87975291266
-1.46846227506 6.87451224702
-1.47466462706 6.87968758366
-1.52466015808 6.90445351402
-1.55883611185 6.85879893645
-1.54310583336 7.01014433967
-1.53208137789 7.08445135553
-1.54203115501 7.09829272627
-1.52812673632 7.04223984611
-1.46551213765 6.94866735795
-1.43609489506 7.07675660308
-1.40085566707 7.00206685142
-1.36866069234 6.89731419888
-1.35975821787 6.89679934975
-1.34650712559 7.09094895533
-1.28334362064 7.03163670106
-1.27668903427 7.13396622511
-1.30830375486 7.20486739515
-1.24843897104 7.07263638185
-1.26364144617 7.11012668897
-1.26014839443 7.18989907601
-1.26770982748 7.18866682671
-1.26942214673 7.29131679079
-1.27712006495 7.29003209046
-1.30936883096 7.32422146183
-1.39298059659 7.32727456405
-1.37969580739 7.24889992247
-1.45198432581 7.25285959093
-1.39831009406 7.23797534463
-1.46044625939 7.24282096795
-1.52091622446 7.24887431544
-1.46101037606 7.16206963912
-1.50777624505 7.16816909336
-1.48201470835 7.12374002025
-1.52006303058 7.13000156091
-1.52416800455 7.17839490794
-1.55587227494 7.18475154376
-1.5863390997 7.19200522003
-1.56781996572 7.15336844924
-1.53947927744 7.21371702485
-1.53274436702 7.2678671798
-1.54478775237 7.21991388363
-1.50904598401 7.11789427552
-1.47579880003 7.03664633088
-1.44389423925 6.9638100171
-1.40636713637 6.93614949634
-1.45944084778 7.09465026046
-1.51028579357 7.12713437206
-1.49056197439 7.1374978992
-1.48784539509 7.07426837542
-1.4678769874 7.08430218533
-1.46558152212 7.11720737568
-1.44659309373 7.12632284008
-1.42652574893 7.13574331193
-1.40646804023 7.14473111986
-1.3871266241 7.15297989026
-1.36897259038 7.16031968663
-1.35227847473 7.16668517177
-1.41198358924 7.36299852883
-1.40042622962 7.36712690799
-1.39916520109 7.4100392505
-1.34311608523 7.23513294756
-1.35858487271 7.36775915604
-1.41764101073 7.39597717572
-1.3884088492 7.42827000738
-1.32673321708 7.51511096707
-1.26777097847 7.44893978882
-1.20437046063 7.52128067165
-1.16202282876 7.43399201418
-1.12332161592 7.54534921376
-1.05104050104 7.45113076725
-1.01884761879 7.47427550407
-1.01778372357 7.52628914033
-0.976210492742 7.3451319818
-0.927499155879 7.37421454258
-0.897622167072 7.38166123199
-0.888784701796 7.43248284099
-0.861532635692 7.38879707354
-0.860283834364 7.55493864207
-0.801018558702 7.47276768622
-0.831246792749 7.60568753932
-0.79873708052 7.69162177892
-0.912519629116 7.7232723497
-0.914246064464 7.68909919149
-0.864446564378 7.83165499181
-0.773258997675 7.66338097737
-0.740205691906 7.5840623886
-0.644220389253 7.48997127757
-0.63495126111 7.42832352689
-0.621162184016 7.33416186852
-0.597860657379 7.30163949973
-0.561943248085 7.33490621169
-0.559232740492 7.41213633229
-0.545637776249 7.42608773078
-0.492220425932 7.56162255462
-0.419464578143 7.51681869914
-0.385545265631 7.41036623769
-0.371055402148 7.35212381722
-0.365613033321 7.48656826722
-0.369205328172 7.49310875808
-0.336436678499 7.38117481117
-0.401672233007 7.35026988317
-0.44496149784 7.34770567312
-0.440895278904 7.3082824869
-0.438467886697 7.38162876742
-0.485864700133 7.4049025989
-0.5296422812 7.36056340014
-0.586177292082 7.3449523965
-0.60933855239 7.24440725254
-0.677572334607 7.09213938993
-0.794100921031 7.0590827815
-0.782972974545 6.85125039711
-0.756480689521 6.55881383601
-0.698783277777 6.27676115065
0.0446523457947 5.77265429241
0.883065269531 5.26614489668
1.58980056417 4.87404919499
2.11263099033 4.76996586957
2.53717036679 4.73398442041
2.88051716379 4.7655370126
3.11705856773 4.8315203137
3.2024363856 5.00584076707
3.25124104503 5.09875762819
3.31306597509 5.06364290538
3.47030334417 5.07151401333
3.54994175372 4.97243808237
3.55187286015 4.84204454405
3.53410117514 4.71689029058
3.4406240701 4.64797020171
3.37645272883 4.59496774085
3.34717782779 4.52494610346
3.36039171825 4.56326295251
3.32005689492 4.51855624577
3.3984111032 4.60776778513
3.47315758916 4.75473560515
3.42991429893 4.73232417396
3.48291234649 4.73514842116
3.50457280093 4.78340639266
3.40313375311 4.57359548922
3.31856300191 4.47882004643
3.34896283275 4.59821781413
3.29793762702 4.5783776733
3.35363093447 4.66277464331
3.28513523936 4.61982079361
3.3407751606 4.65249821544
3.30519955975 4.62717919822
3.27113024211 4.59681339745
3.21681793516 4.53088580007
3.2063553062 4.57462206469
3.14576860392 4.44769085316
3.21069288521 4.51147134358
3.20805419077 4.45615454478
3.15759514794 4.45167930552
3.115383912 4.44240380069
3.08303841989 4.42879595228
3.06076686506 4.41161746542
3.04786424179 4.39171840302
3.04279139238 4.37010890868
3.04456958451 4.3472672516
3.0523494773 4.32344706617
3.09389007035 4.55468849195
3.14809288679 4.62431695831
3.07757535351 4.53260970151
3.02679039904 4.44889020111
3.04077661324 4.46649020656
3.10024320607 4.51612526128
3.10474711843 4.44342971944
3.09143753561 4.3210169757
3.17198903136 4.37350718995
3.21277961853 4.37492683081
3.16058787366 4.36920218863
3.21928015961 4.46773101605
3.24345564105 4.38748222903
3.28703473959 4.3994440067
3.16321716606 4.36062271066
3.19307838701 4.41063883773
3.25782741356 4.52062558743
3.22754774557 4.44528595273
3.2171115325 4.42273691579
3.15684623179 4.33977820366
3.16171010019 4.31032739955
3.17671654671 4.37086048536
3.19196097907 4.33742304334
3.25196210814 4.3436362312
3.27601548572 4.30793072951
3.31198214597 4.26386122822
3.29829918902 4.22647283161
3.33693526327 4.1834085378
3.22860034273 4.04403449574
3.27062250443 3.99947960874
3.35098917603 4.11775812564
3.38676997364 4.07465130198
3.44246530957 4.00828134645
3.51967352736 4.01079511301
3.58193633911 3.96118672375
3.61470323375 3.96414248075
3.6731199882 3.91607346507
3.66107158194 3.95292158329
3.62348262229 4.01207312112
3.58350672854 4.01108023417
3.61620691234 3.99620182828
3.56849224147 4.01028352967
3.66107189463 4.0199900624
3.50884829293 4.0796555235
3.6095890528 4.18548379693
3.61149475557 4.20230802822
3.60477976696 4.23299921743
3.56877668775 4.1487397418
3.55480202189 4.18558357612
3.52572932245 4.22285848533
3.46936150228 4.1359457792
3.47981367504 4.17115979982
3.44306775833 4.15680459832
3.46522859536 4.17169400489
3.40937203855 4.12753471624
3.43223742757 4.1414815024
3.49111591563 4.11314194728
3.54967770114 4.23320471809
3.57494320126 4.16484215585
3.63033781774 4.21647982435
3.64894914204 4.15497069169
3.62072528667 4.16508105128
3.7171603554 4.25508347848
3.69110241627 4.26560093092
3.62848674455 4.15524647277
3.6497237735 4.19469215351
3.63226728651 4.09899984764
3.82546128684 4.16377371032
3.7018241532 4.14997787342
3.90434323201 4.29857051143
3.98141673094 4.24671880645
4.07778791662 4.30169144531
4.07950906826 4.32115709278
4.16039050001 4.22265731787
4.23911581055 4.36538783089
4.17244887938 4.27839075197
4.16363783088 4.28953776583
4.21969219468 4.38285480035
4.12148935523 4.25214482216
4.20042670455 4.34886483143
4.21847460186 4.33349348424
4.28519045404 4.46192798339
4.3576111854 4.54688654946
4.2690729529 4.56236050659
4.17286259814 4.44799660157
4.18614742897 4.42452823988
4.28986307238 4.4984507781
4.30449737436 4.50620115997
4.24007290433 4.55832533142
4.26545649448 4.525585546
4.27118407972 4.52888656253
4.28134850257 4.52887845755
4.22256428411 4.39796552586
4.23568937407 4.39444532568
4.32403062718 4.40729946461
4.33860355048 4.40163553952
4.30096862224 4.30823713086
4.31696725088 4.30030275822
4.39115491474 4.3098447435
4.63576687831 4.62903795632
4.69810883661 4.63600108317
4.75340946695 4.60385848237
4.80890776711 4.6091924059
4.50797529827 4.4083915212
4.57677187407 4.37311192194
4.71243566877 4.46943555205
4.78845864577 4.42411310967
4.87183053634 4.47692053687
4.84723593537 4.40334958144
4.93233296324 4.47633433471
4.87146988685 4.40802280908
4.81876219834 4.29470051037
4.81332393547 4.27562680953
4.87854539352 4.39306397069
4.97612040613 4.37795566192
4.98950197827 4.33315754093
4.98629920323 4.26831450032
4.96153810071 4.22909658736
5.01262804924 4.31718393013
4.99021011294 4.28907871518
4.99951361484 4.35960954981
5.04493612961 4.52482189266
5.0770067706 4.46709748043
5.00991090289 4.43658445185
5.00119472272 4.49752286767
5.03427609016 4.52146650068
4.98601844348 4.50355114167
4.98290340688 4.5012505124
4.97644231899 4.50249510807
5.12123375165 4.55729394022
5.11302228103 4.5610802189
4.9980129238 4.50019470537
4.98805400128 4.50695539723
4.99907047238 4.46947990891
5.00261625849 4.44256382497
4.99993839361 4.42519709595
4.99188613177 4.41668730701
4.98461384875 4.41729595626
4.94794527624 4.25894814907
5.03455135391 4.34875578648
5.17122188088 4.39985880276
5.45719911847 4.55550475482
5.48185492509 4.41736062537
5.83102235933 4.14856194692
6.1483362611 3.94275962098
6.33681111599 3.70224573073
7.22387004348 3.15389999854
7.8051607289 2.80437823978
8.33055774194 2.66151960959
8.67944559112 2.59651067186
8.83590415139 2.54232514678
8.97330979238 2.53034450417
9.1651733249 2.61724255397
9.1409361226 2.66796351977
9.06813440594 2.75874291003
8.98528384381 2.91144750669
9.02882700607 3.03775580312
8.95929773289 3.18883495521
8.81642893912 3.25506336696
8.8277621315 3.24973195505
8.840086771 3.2438295983
8.85268333446 3.23767390178
8.72972625172 3.47782921071
8.73998672443 3.47270181409
8.68621304373 3.65927457427
8.69513763664 3.65471819834
8.67073347431 3.64211590619
8.58306672015 3.62351981668
8.56299735146 3.61344614904
8.42760944852 3.72529246495
8.41003283883 3.71668153585
8.34879567506 3.82825717667
8.33303138615 3.82070653195
8.3167431444 3.8130879661
8.33176139864 3.95392188509
8.459767361 4.03910480447
8.33335463591 4.0637889209
8.23113506427 4.10626748636
8.17266265635 4.1296228026
8.109604027 4.15401881176
8.04541922268 4.17816465124
7.89742166653 4.32683230502
7.81359862954 4.34574351252
7.62282479204 4.26897182986
7.60243622879 4.24994276555
7.46962483665 4.28874964022
7.44844113855 4.27850630254
7.42338876367 4.2738769418
7.23556248335 4.26833366756
7.21464379164 4.26550303482
7.11456607462 4.33486624769
7.11279695088 4.33989872153
8.1800072727 4.98606087972
8.17869515967 4.9908298691
7.78951760225 4.91890635399
7.66944832488 4.78410640239
7.44076031839 4.6377994574
7.32855866777 4.61171987811
7.3761280848 4.64569421251
7.28929172164 4.62596469401
7.22097159454 4.53864750671
7.15858216993 4.53449894282
7.20648027913 4.50063716314
7.41523670759 4.62572930174
7.38831784817 4.62183805807
7.30733943915 4.55901173315
7.21231344181 4.50154837033
7.25027661773 4.46773955816
7.28889579748 4.43654873435
7.32577079236 4.41020405786
7.35899067063 4.39046443589
7.37498589973 4.39506226017
7.38915750758 4.40069307882
7.46330713505 4.569054748
7.472939635 4.57392041827
7.4819690695 4.57967016083
7.50336366637 4.57827114008
7.52486197668 4.57677939914
7.56173534777 4.58663612504
7.59506326959 4.59560165418
7.68182794659 4.55119003971
7.7043007498 4.55727499338
7.72642308991 4.56329047151
7.78478985421 4.60707616498
7.82345047653 4.54675932625
7.8852521925 4.54084136368
7.91683648473 4.49203492944
7.84478325586 4.5712686943
7.87306940907 4.5278198708
7.98264199401 4.52906908307
8.00834932092 4.48973426433
7.99025542089 4.50056169618
8.01376337848 4.46477199842
8.03829735105 4.42760175043
7.9552113202 4.21298277567
7.97569151438 4.18208145877
7.99670592671 4.15055333639
8.01741169818 4.11968075424
8.07993313235 4.08080386857
8.13843096233 4.04465435425
8.37652252393 4.20499158927
8.3006328991 4.27044051693
8.31749029707 4.3622956301
8.43026321004 4.42075269457
8.34626603062 4.45819870196
8.32449578756 4.41296771991
8.31196985677 4.35290092807
8.30843766876 4.28068599212
8.31271366378 4.19945889352
8.32440733822 4.11029972482
8.36768048057 4.02484303913
8.40699061332 3.94509649516
8.55129560587 3.90536849735
8.79413972647 3.96649166997
8.78479066568 3.97747969756
8.76999519336 4.00785449759
8.69331947678 3.94151635641
8.74157891138 3.92584334932
8.72125217135 3.96664768653
8.69576457692 4.02265514853
8.66604448672 4.09131947885
8.6331461234 4.16938465994
8.60213445287 4.24331543427
8.49054919179 4.29711063228
8.47644236052 4.35554516874
8.5066231732 4.39144006197
8.49280548619 4.44518557911
8.53738374263 4.47727169754
8.64607150739 4.42770025047
8.74092601042 4.44779512526
8.76265427939 4.34603423126
8.76739234297 4.28568818642
8.7717232264 4.25552037624
8.77498554702 4.19773603585
8.77919549141 4.13436706034
8.69820100246 4.31019214929
8.702580537 4.25342177049
8.68954775892 4.23769164041
8.69385992905 4.18563799689
8.81294772692 4.16799695594
8.67882951027 4.00462108038
8.67721352311 4.02415889956
8.69145848675 4.02357277796
8.7190759161 4.0041345994
8.75790110221 3.966937861
8.75583951972 3.92877920468
8.79539137399 3.88435175705
8.84247127631 3.82621917172
8.89445610903 3.75680293443
8.94879037236 3.67888759919
9.00383513557 3.59406258991
9.10530846747 3.6363642315
9.0738438501 3.62066457344
8.94299588867 3.51961560496
9.09174241383 3.64836645119
9.11178348023 3.58559259158
9.11236311734 3.59700689904
9.09047138672 3.60291700116
9.08773687749 3.63762927257
9.11766283291 3.65770515008
9.12965301613 3.75137318292
9.11222811114 3.81213075274
9.09444386167 3.88032606859
9.07695264574 3.95114550727
9.06064904681 4.02161579713
9.0460953745 4.08954261809
9.20849285984 4.27155009819
9.13442157815 4.33924642777
9.08940443014 4.43953040419
9.11231266811 4.48316175402
9.0768104996 4.52249825839
8.93327173444 4.4461329812
8.90502919145 4.47513357486
8.8811435424 4.49707273321
8.86340096835 4.50966243325
8.8512764583 4.5139630317
8.8443404968 4.51062576574
8.84181987758 4.50070028412
8.84320669737 4.48468647676
8.84709675014 4.46464761554
8.90071278406 4.41778061072
8.91866982652 4.48133937855
8.83752952404 4.43645569337
8.82034510729 4.42501367604
8.75792531468 4.43631394854
8.67111226058 4.54405872999
8.57222005602 4.89769470795
8.46140092378 5.01702770096
8.7705133497 4.91479277693
8.56371876983 4.77193935815
8.68825624918 4.66471188816
8.64318574399 4.73715533269
8.59500697672 4.81767532913
10.5656117464 3.70614575176
11.8960885132 3.24256106426
12.8005906817 3.06343610207
13.2711058599 2.84744887408
13.7361427852 2.80691117013
14.0771351152 2.82989105673
14.1341270339 2.88237283698
14.1676833211 3.05027503229
13.9962326001 3.2166319324
13.9206770818 3.28190070708
13.8396082622 3.35152383225
13.7584658879 3.42000191846
13.6803783766 3.48685276841
13.5641948743 3.84889118778
13.5052717188 3.89996892364
13.4145892191 4.08320088905
13.3651640078 4.12657672611
13.3156298909 4.17083568336
13.2960161644 4.34803017441
13.3087074313 4.46316536022
13.264258038 4.50334603533
13.287411872 4.52585908605
13.2049392973 4.58843167559
13.1361896115 4.62982756172
12.8500496326 4.53782216396
12.781348419 4.58069936927
12.7088873615 4.62799106913
12.6234079265 4.61353634892
12.6584846621 4.56587029238
12.6884784435 4.53956809522
12.7117021721 4.53784120829
12.728775269 4.55608568865
12.7401773368 4.5913697382
12.7466788125 4.64026109384
12.7793096758 4.67908343959
12.6934856675 4.71489602606
12.71541899 4.73602016286
12.6253952508 4.750508528
12.5698492178 4.68647783185
12.6943884264 4.78271864738
12.4615117838 4.68224549566
12.4786465069 4.65838174751
12.4737614972 4.69034203351
12.4101425518 4.57265904517
12.3059089407 4.57230860736
12.2896130524 4.62799837867
12.3679756724 4.75401728736
12.3254583452 4.7381695832
12.3003741814 4.78982485522
12.4179606948 4.86399546724
12.4799571474 4.80665743962
12.5420662446 4.76507760542
12.6008765786 4.74059312516
12.6538756908 4.73402331495
12.6748484383 4.7914429062
12.7122921996 4.79950956568
12.7462766659 4.82068981079
12.7751430074 4.85530507847
12.7924790491 4.91769770276
12.7585383561 4.97625956314
12.7414379114 4.99523003496
12.8737445921 5.04716911722
12.8872025373 4.98950392243
12.6432622148 4.8944783961
12.6549180089 4.84227233862
12.6664669291 4.78818803645
12.7984618492 4.8046025993
12.8009656971 4.76878140945
12.7232888584 4.78197299181
12.7259879669 4.74812708821
12.8331337077 4.78051553275
12.8359385765 4.74821702634
12.839204633 4.71286401286
12.7535037158 4.60614174091
12.7627970415 4.57359983996
12.7728098868 4.53869942437
12.7830742237 4.50287191587
12.7889636903 4.47283065192
12.7941907408 4.44474616559
12.798720059 4.41894982072
12.8599161768 4.43890186563
12.8978446527 4.51001304105
12.925386456 4.50932188647
12.8562931031 4.40696060695
12.9449075428 4.42590340187
12.948574176 4.44690997274
12.7832440537 4.45059899642
12.7847300253 4.47914399374
12.692838246 4.47821888906
12.692239786 4.51179840823
12.6895671303 4.55331366827
12.5518606103 4.48578016708
12.5477581398 4.52630770506
12.5843097223 4.3658664357
12.5707409391 4.37183643506
12.559517451 4.37100476903
12.5634662604 4.38798229451
12.5673799798 4.40431404992
12.5711691202 4.41963279762
12.7405222866 4.65060259842
12.6474051184 4.69193841885
12.8558257694 4.88196476974
12.8920218074 4.89364442928
12.9377203314 4.88891755065
13.0547596058 5.02831116183
13.001986141 5.09972363998
13.0366155826 5.10232842902
12.9990366684 5.09807752201
12.9579185592 5.11035240385
13.2289901684 5.13118397754
13.17496333 5.1604014312
13.1623353587 5.14669812698
13.1484409018 5.1318319132
13.0609888506 5.16102809539
13.0484561173 5.14763346676
13.1859136103 5.0845727269
13.174474147 5.07235779531
13.1557311566 5.18143589903
13.2813043606 5.34625644708
13.3082424834 5.60629381457
13.3294340954 5.59778097377
13.3258010269 5.50214673543
13.2934711359 5.54920968611
13.4505817472 5.50511387493
13.3778929617 5.53562883956
13.3727942726 5.53037438162
13.3670460716 5.52487815232
13.3609578758 5.51947028361
13.3934488906 5.6274419216
13.3401701222 5.55978463402
13.3510524333 5.59287352823
13.3522452892 5.57897052013
13.3044120819 5.64552028177
13.3801472251 5.69369047754
13.4141774805 5.75458871461
13.3385641321 5.67949786626
13.2516030708 5.63324624424
13.2236612689 5.60008391692
13.1794987991 5.519408091
13.2037602718 5.487577036
13.2347027954 5.53676373656
13.2162139739 5.4774527463
13.3742946419 5.52388599175
13.3521463186 5.47251959256
13.3245230665 5.4286615566
13.4132773196 5.53168823955
13.3897044184 5.49349490684
13.3620269062 5.46281918736
13.3331613057 5.44052221498
13.3056893436 5.41950269388
13.2043875326 5.36339045334
13.1601618092 5.36899209361
13.1171793854 5.3704212115
13.0768069919 5.36794695715
13.2380099947 5.40447700366
13.0700545519 5.30726202668
12.9825758285 5.29055409169
13.1393358615 5.45776661948
12.9720118826 5.43764998971
13.1415512624 5.50674653037
13.1710532376 5.49903886343
13.0377618087 5.43782448956
13.0838207735 5.40197881206
13.292922306 5.45079631341
13.2801624604 5.45759661012
13.167746285 5.4756585253
13.1506644498 5.49490043392
13.1280916316 5.52707450749
13.0926354821 5.48786921571
13.2062575331 5.49152433861
13.250780507 5.64852403759
13.3018106051 5.7165469245
13.3251537909 5.78416237265
13.4637296117 5.77911043057
13.4959270433 5.81128072017
13.337299906 5.75768079938
13.3689359178 5.79114416793
13.2234872957 5.77275825985
13.1942686498 5.72502498858
13.0736706952 5.63323332191
13.3040339353 5.70267268111
13.1667529471 5.6296493338
13.12360188 5.56665975507
12.72988097 5.14037847741
12.3116686579 4.75669734864
10.9683801022 3.84508878559
9.89542549882 3.18879468458
9.30975845779 2.80896503498
8.7678662346 2.5239905581
8.27732463336 2.41275990105
7.79937895871 2.31645584479
7.64832774685 2.35774943206
7.37463959196 2.42165663114
7.23459737495 2.54232171074
7.1916666129 2.52288943862
7.14436339565 2.50131077181
7.05560214661 2.58627467486
6.96070773327 2.6668909273
6.41905289902 3.02074419371
6.3471350433 3.06871636253
6.27911302355 3.10924804497
6.20210904987 3.19639617065
6.1412607825 3.2632955573
6.09562390861 3.31146707696
6.06343972483 3.34319123356
5.44949253934 3.55560477593
5.43148096271 3.56440898398
5.10868277534 3.60358686468
5.07713870852 3.57688556144
5.05346531778 3.54035630618
4.89406508821 3.61589671171
4.84192050413 3.77658075438
4.80061248448 3.75990016869
4.77768678845 3.76668442691
4.72643478562 3.81269301333
4.74011846392 3.82493993548
4.62742490655 3.71258717367
4.6513087748 3.71613677064
4.58157295406 3.73349004987
4.6115222725 3.72910348839
4.4421277234 3.63500027903
4.49574539967 3.61251998476
4.42085887565 3.61725751735
4.47327144124 3.59174263673
4.53085020337 3.5605119098
4.52758218553 3.64679189754
4.57780280027 3.61626161332
4.674697064 3.73164384619
4.72856364015 3.70866951953
4.73433288555 3.73683480334
4.78393706458 3.71354784606
4.83638119908 3.68672118647
4.89726960662 3.66859111888
4.95563865211 3.64929569833
5.01009688409 3.62932119712
4.94403395304 3.47561225931
5.39990080222 3.90417201224
5.16082052653 3.71834438472
5.13523222284 3.67496171652
5.11441050298 3.62062676396
5.09888066346 3.55756503171
5.08895244249 3.48739263689
4.89823995945 3.36481238316
4.81925993108 3.34504871325
4.66712816006 3.24117981798
4.69751415413 3.1980327376
4.729159738 3.1504956396
4.76011605465 3.10073438418
4.66980534155 3.0919139641
4.71920692109 3.0882189481
4.77179589689 3.08039217945
4.77721791422 3.07737447306
4.82134429088 3.06755659352
4.86698264511 3.15709343935
4.90667945914 3.14565726836
4.97198519519 3.21448836673
5.0087140656 3.20168095893
5.00352166832 3.18844647721
4.91532083105 3.13172318568
4.86331283379 3.1484772467
4.8325764156 3.14055166545
4.84538560857 3.22288436401
4.90994939821 3.31727814354
5.16249529079 3.62970702906
5.04593683257 3.52823301439
5.03139277878 3.55280959374
5.04431137934 3.56585925755
5.02805905692 3.54213515976
5.13563558487 3.61831979783
5.07931266338 3.49802138908
5.11980166087 3.50587163481
5.09126538389 3.43703530765
5.32466023059 3.56105060135
5.33563443211 3.6173204614
5.342061559 3.69968772935
5.060152641 3.55612787023
5.05982552719 3.65078994512
5.09873150607 3.69008428678
5.0952441216 3.78847769148
5.1457156301 3.81255866503
5.1391696693 3.91309841078
5.03712679524 3.85385860535
5.20706946137 4.01424137431
5.12380854163 3.96186126643
5.09722468594 3.91641306086
5.13601304942 3.97681359161
5.0600169855 3.99497544652
5.1006136755 3.91997708369
4.99206993977 3.84859790163
5.02401162973 3.78712057574
5.00068667652 3.66296432354
4.98271628473 3.69616231685
4.96353270886 3.73263308022
4.94415072166 3.77075295641
4.92175654357 3.84503742887
4.90481613901 3.91252695064
4.89279569461 3.97289065563
4.93654048878 4.13455143609
4.93035370395 4.17523004574
4.92651405973 4.21420603353
4.94081823323 4.32691922989
5.01137530915 4.3052653358
4.94725755041 4.16402222189
4.96997252909 4.15443666939
5.00767096142 4.158507907
5.03176000459 4.14665581156
5.05918364483 4.13133726627
5.08855556976 4.11305960022
5.11860441841 4.09246886033
5.14846423145 4.07002807602
5.17743513863 4.04625358204
5.20457897204 4.02217388208
5.24600906326 3.99579888487
5.33253887502 3.95665254165
5.40840241649 3.91923304678
5.41879694076 3.94109860927
5.53217031689 3.91048302388
5.43166607638 3.94379671151
5.43436132034 3.81970303549
5.35270835959 3.83276721826
5.31597356967 3.74761670648
5.23200151821 3.76775198099
5.45903320071 3.82949619679
5.37752278416 3.85345409883
5.37003878244 3.78832105889
5.29110610468 3.8173381416
5.1342259648 3.7201226369
5.10452522538 3.71693690985
5.06834119361 3.72349122898
5.11448144846 3.77080565884
5.08042812918 3.78381096644
5.04177463978 3.80417477821
5.036484814 3.8554123479
4.96820461023 3.86851374946
4.90449444595 3.8817464111
4.94446305291 3.922970164
5.07458304604 4.01897878399
5.12465904171 4.07177328701
5.14658553149 4.07425512761
5.14293508616 4.06493043556
5.09650009351 3.96458688888
5.08891285192 3.96064008244
5.10450930448 3.90706966541
5.09415369226 3.90758046899
5.1186953405 3.88500156169
5.04975601951 3.82731591054
5.06464376209 3.81797498823
5.07485968994 3.81698588608
5.08002690691 3.82415181041
5.08033601525 3.83851920591
5.09790910081 3.88424238362
5.10706522588 3.93804564167
5.17090951929 3.91179549858
5.23847155618 3.92596054755
5.26822858458 3.92561027048
5.40094334154 4.05202964044
5.44933164084 4.02894310731
5.32311562355 4.01753244488
5.35003558152 3.99170331997
5.3788023156 3.96411894465
5.40803161849 3.93612022505
5.43664910414 3.9087445674
5.48813960826 3.79985155282
5.3096476508 3.65211774706
5.33830318334 3.59171601053
5.36173054304 3.5437355025
5.37988565336 3.50811775344
5.23820620761 3.35767120136
5.10914810108 3.20651523646
4.99341127228 3.06760806482
4.89088136549 2.94139361335
3.0138143724 1.53270761877
2.18863298747 1.03116735236
1.63247340512 0.683630482061
1.45127586767 0.769009400932
1.20400772923 0.744742001123
1.04980892132 0.889445465861
0.859362710592 0.828827054635
0.745171184163 0.881381763917
0.603954196429 0.777868338008
0.544155750587 0.881076712329
0.47758607442 0.896823616158
0.429844534768 0.948849565385
0.339888722956 0.926277633432
0.310723301526 1.1967480196
0.250264075214 1.10099012528
0.199926895713 0.952757619893
0.147240327638 0.998118879955
0.0884576533393 0.948736859373
0.0382666283292 0.993920376306
0.0566113949576 1.20544716651
0.00751751266489 1.24882353519
-0.0413824101338 1.29504882714
-0.10269118838 1.17861507267
-0.140155036045 1.21769838476
-0.184800731444 1.20744111876
-0.171366317371 1.29912942637
-0.224886611777 1.24014147816
-0.213007076166 1.32360432198
-0.251055160993 1.45772310076
-0.220148400549 1.5202109188
-0.187616529072 1.58551691158
-0.14592919754 1.84138048724
-0.118480300533 1.89603499831
-0.209855916993 1.63973856488
-0.202609376508 1.67446340238
-0.236573582455 1.8846622642
-0.278463796115 1.81368164484
-0.322444965368 1.67805989472
-0.360310365646 1.66935030438
-0.387983016355 1.71927356179
-0.432472517683 1.68130807011
-0.441595345554 1.61416263786
-0.439694725787 1.6078146669
-0.491306894294 1.52312090074
-0.488725812281 1.51669715984
-0.485457952246 1.5099389995
-0.481604791173 1.50318600707
-0.477352566351 1.49666670235
-0.47282290174 1.49054624499
-0.453801637644 1.5706591223
-0.452177849168 1.63842035878
-0.418865086657 1.81636104943
-0.40034439612 1.69658484019
-0.443285651825 1.65369852384
-0.429743800635 1.77393323701
-0.427830120512 1.80126354122
-0.380913543811 1.92890569894
-0.392010028208 1.78892513611
-0.392761295349 1.89494882692
-0.387897604772 1.84311034803
-0.415173119604 1.77801484053
-0.436959267135 1.67621207434
0.172961280061 0.521080850811
-0.0568989078949 0.746486000398
-0.163315740857 1.27139111332
-0.28987931197 1.2349042039
-0.357933968334 1.31958145775
-0.383558396439 1.49917092308
-0.400098822131 1.53190482967
-0.435674351286 1.42152738336
-0.452993862863 1.3587996002
-0.465904542529 1.2425073471
-0.495589039918 1.48830355454
-0.514282359847 1.47885709888
-0.483619937188 1.611363284
-0.51554256239 1.46439117345
-0.524792967471 1.44681636207
-0.519117132022 1.58338588318
-0.480124507192 1.74303497797
-0.477871135067 1.59480078831
-0.462178402373 1.76730529108
-0.468851040477 1.72344382279
-0.494416815844 1.83490041371
-0.494828560492 1.77848078894
-0.500738734249 1.67423267504
-0.525169055384 1.72646999202
-0.494261000141 1.86387779135
-0.517137879352 1.91297972356
-0.523822272115 1.85177535022
-0.52155710325 1.81486444302
-0.496234348804 1.8448378709
-0.470771619348 1.87656507203
-0.482475948073 1.7681706986
-0.462295321943 1.7954852145
-0.451500560414 1.95082480271
-0.433715202183 1.97511877417
-0.41392789256 2.19369506533
-0.397909948417 2.21559404733
-0.37645992519 2.16758504614
-0.362886165749 2.18747325537
-0.295697733875 2.20242384951
-0.254096713704 2.12781456841
-0.205884050211 2.06145712159
-0.187220509898 1.96355175753
-0.22699290341 1.79369760381
-0.240342799898 1.65349586661
