PILLARS.
Pillar: 1.
-3.48792 -2.50775
-3.48792 -2.50775
-3.48792 -2.50775
-3.48792 -2.50775
-3.48792 -2.50775
-3.48792 -2.50775
-3.48792 -2.50775
-3.48792 -2.50775
-3.48792 -2.50775
-3.48792 -2.50775
-3.48792 -2.50775
-3.63987 -2.46031
-3.63978 -2.46033
-3.63978 -2.46033
-3.63978 -2.46033
-3.63978 -2.46034
-3.63978 -2.46033
-3.53303 -2.47386
-3.53484 -2.47376
-3.53629 -2.47368
-3.53748 -2.47361
-3.47892 -2.41302
-3.48109 -2.41476
-3.48287 -2.41618
-3.48434 -2.41736
-3.48557 -2.41836
-3.48662 -2.41921
-3.48751 -2.41993
-3.48828 -2.42056
-3.48895 -2.4211
-3.48953 -2.42158
-3.4755 -2.43455
-3.4755 -2.43455
-3.41869 -2.43655
-3.4201 -2.43644
-3.42134 -2.43635
-3.42243 -2.43626
-3.42341 -2.43619
-3.42429 -2.43612
-3.42508 -2.43606
-3.42579 -2.436
-3.30275 -2.47998
-3.30275 -2.47998
-3.79321 -2.5052
-3.78576 -2.50457
-3.77915 -2.504
-3.77323 -2.5035
-3.76792 -2.50305
-3.76313 -2.50264
-3.7588 -2.50227
-3.75487 -2.50194
-3.92666 -2.3535
-3.92666 -2.3535
-4.23111 -2.44954
-4.2266 -2.44921
-4.22246 -2.44891
-4.21865 -2.44863
-4.21513 -2.44837
-4.21188 -2.44814
-4.20887 -2.44791
-4.20607 -2.44771
-3.64713 -2.29047
-3.20669 -2.59556
-3.19848 -2.59339
-3.19057 -2.59142
-3.18292 -2.58963
-3.17551 -2.588
-3.16834 -2.58651
-3.16139 -2.58515
-3.15464 -2.58391
-3.16288 -2.56278
-3.16491 -2.56179
-3.16678 -2.56088
-3.16849 -2.56003
-3.17008 -2.55924
-3.17154 -2.5585
-3.17291 -2.55781
-3.2808 -2.41846
-3.28124 -2.41779
-3.28166 -2.41715
-3.27967 -2.48217
-3.27841 -2.48079
-3.27737 -2.47951
-3.27651 -2.47833
-3.42976 -2.68091
-3.42968 -2.68082
-3.05024 -2.75779
-3.05242 -2.75707
-3.10038 -2.54075
-3.1066 -2.54087
-3.11224 -2.54097
-3.11736 -2.54104
-3.12204 -2.5411
-3.3941 -2.66087
-3.39389 -2.66125
-3.39367 -2.66162
-2.86932 -2.59922
-2.86761 -2.59983
-2.86593 -2.60043
-2.86429 -2.60102
-2.86268 -2.60159
-3.13933 -3.02863
-3.13743 -3.0332
-3.13555 -3.03774
-2.91085 -2.50744
-2.91033 -2.50788
-2.90982 -2.50832
-2.90932 -2.50874
-2.90884 -2.50915
-3.15726 -2.12458
-3.15701 -2.12364
-3.15676 -2.12272
-3.15652 -2.12182
-3.09852 -1.89929
-3.09844 -1.89812
-3.09837 -1.89697
-3.09829 -1.89584
-3.22754 -2.31383
-3.22744 -2.31373
-3.22734 -2.31363
-3.22725 -2.31354
-2.91367 -2.25846
-2.91273 -2.25828
-2.9118 -2.25811
-2.91089 -2.25793
-2.90999 -2.25776
-2.90911 -2.2576
Pillar: 2.
-3.38528 -0.77665
-3.38528 -0.77665
-3.38528 -0.77665
-3.38528 -0.77665
-3.38528 -0.77665
-3.38528 -0.77665
-3.38528 -0.77665
-3.38528 -0.77665
-3.38528 -0.77665
-3.38528 -0.77665
-3.38528 -0.77665
-3.23332 -0.824088
-3.23342 -0.824065
-3.23342 -0.824065
-3.23342 -0.824065
-3.23342 -0.824065
-3.23342 -0.824065
-3.13312 -0.836005
-3.13498 -0.835891
-3.13647 -0.8358
-3.13769 -0.835728
-3.14319 -0.762693
-3.14604 -0.764289
-3.14838 -0.765598
-3.15033 -0.766684
-3.15197 -0.767597
-3.15337 -0.768372
-3.15458 -0.769035
-3.15562 -0.769607
-3.15653 -0.770104
-3.15732 -0.77054
-3.29545 -0.821244
-3.29544 -0.821244
-3.17071 -0.832277
-3.17211 -0.832169
-3.17335 -0.832074
-3.17444 -0.83199
-3.17542 -0.831915
-3.17629 -0.831848
-3.17707 -0.831788
-3.17778 -0.831734
-3.43431 -0.778243
-3.43431 -0.778243
-3.69609 -0.801152
-3.68856 -0.800522
-3.68186 -0.799963
-3.67588 -0.799463
-3.67051 -0.799015
-3.66566 -0.798612
-3.66128 -0.798247
-3.65729 -0.797916
-2.92171 -0.911704
-2.92171 -0.911704
-3.32707 -0.942426
-3.32274 -0.941984
-3.31878 -0.941577
-3.31513 -0.9412
-3.31176 -0.940851
-3.30865 -0.940528
-3.30578 -0.940226
-3.3031 -0.939946
-3.29086 -0.991055
-3.05381 -1.25689
-3.04536 -1.25475
-3.03722 -1.25281
-3.02937 -1.25104
-3.02179 -1.24942
-3.01447 -1.24795
-3.00738 -1.24661
-3.00051 -1.24538
-3.35921 -0.848706
-3.36071 -0.84766
-3.36209 -0.84669
-3.36335 -0.845788
-3.36451 -0.844949
-3.36558 -0.844167
-3.36658 -0.843436
-3.0343 -1.08416
-3.03458 -1.08352
-3.03485 -1.08291
-3.08286 -1.13964
-3.08102 -1.13834
-3.07947 -1.13714
-3.07814 -1.13603
-3.55247 -0.640941
-3.5519 -0.640822
-3.40181 -0.744606
-3.40354 -0.743809
-3.17879 -0.424921
-3.00571 -1.0453
-3.00572 -1.04482
-3.00573 -1.04436
-3.00574 -1.04391
-3.15388 -0.821483
-3.15175 -0.822175
-3.14977 -0.822822
-3.14793 -0.823429
-3.2981 -0.906498
-3.29762 -0.909053
-3.22553 -1.04102
-3.3279 -1.00587
-3.32798 -1.00607
-3.32805 -1.00626
-2.98121 -1.35502
-2.97941 -1.3565
-2.97763 -1.35797
-2.97586 -1.3594
-2.97411 -1.36082
-3.11097 -1.14792
-3.11109 -1.14839
-3.11121 -1.14885
-3.11131 -1.14929
-2.89942 -1.21794
-2.89894 -1.21838
-2.89847 -1.21882
-2.89801 -1.21924
-2.89756 -1.21965
-2.99325 -0.900675
-2.99289 -0.900598
-2.99253 -0.900523
-2.99218 -0.900449
-2.99183 -0.900376
-2.99149 -0.900305
-2.99115 -0.900235
-2.99083 -0.900166
-3.36605 -0.877289
-3.36602 -0.877155
-3.36599 -0.877024
-3.36596 -0.876894
-3.36593 -0.876766
-2.90556 -0.892445
-2.9047 -0.892239
-2.90386 -0.892035
-2.90302 -0.891834
-2.90219 -0.891634
-2.90136 -0.891436
-3.37619 -1.09358
-3.37608 -1.09348
-3.37597 -1.09338
-3.37588 -1.09329
-3.10984 -1.04494
-3.10891 -1.04477
-3.108 -1.0446
-3.10711 -1.04443
-3.10623 -1.04426
-3.10536 -1.0441
Pillar: 3.
-1.38618 -0.183714
-1.38618 -0.183714
-1.38618 -0.183714
-1.38618 -0.183714
-1.38618 -0.183714
-1.38618 -0.183714
-1.38618 -0.183714
-1.38618 -0.183714
-1.38618 -0.183714
-1.38618 -0.183714
-1.38618 -0.183714
-1.59875 -0.297196
-1.60178 -0.298165
-1.60428 -0.298945
-1.60637 -0.299582
-1.60813 -0.300109
-1.60963 -0.300551
-1.61092 -0.300924
-1.61204 -0.301242
-1.61302 -0.301515
-1.61387 -0.301752
-1.66837 -1.06533
-1.66986 -1.07231
-1.67119 -1.07855
-1.67342 -1.07699
-1.67451 -1.08201
-1.67598 -1.0831
-1.67688 -1.08721
-1.6777 -1.09096
-1.67788 -1.09844
-0.837765 0.00275886
-0.829081 0.00448632
-0.820736 0.00606483
-0.812704 0.00750938
-0.804963 0.00883368
-0.797492 0.010048
-0.790273 0.011163
-0.783289 0.0121882
-0.540886 -0.363142
-0.542238 -0.362964
-0.543474 -0.362798
-0.544607 -0.362643
-0.545649 -0.3625
-0.546611 -0.362366
-0.5475 -0.362241
-0.478608 -0.500724
-0.563355 -0.425593
-0.627375 -0.135834
-0.627544 -0.13548
-0.627711 -0.135145
-0.712797 -0.102635
-0.710515 -0.102348
-0.70856 -0.102065
-0.706869 -0.101786
-0.958706 -0.39845
-0.95808 -0.39896
-0.851835 -0.211671
-0.853442 -0.211452
-0.658517 -0.227784
-1.421 -0.0202823
-0.620692 -0.162842
-0.627016 -0.162854
-0.632741 -0.162853
-0.637948 -0.16284
-0.642697 -0.16282
-0.588794 -0.12363
-0.588736 -0.12333
-0.588682 -0.123041
-0.588632 -0.122764
-0.661275 -0.130188
-0.659354 -0.130125
-0.657573 -0.130064
-0.655923 -0.130005
-0.616696 -0.0809873
-0.789259 -0.393908
-0.579743 -0.450467
-0.580445 -0.450012
-0.581111 -0.449578
-0.892996 -0.484334
-0.647194 -0.244498
-0.64681 -0.244682
-0.646458 -0.244855
-0.646133 -0.245016
-0.129213 -0.512614
-0.129476 -0.512233
-0.129722 -0.511867
-0.129956 -0.511513
0.102018 -0.653506
0.0918951 -0.651141
0.083251 -0.649111
0.0757758 -0.647351
-0.0817727 -0.55201
-0.0820717 -0.551669
-0.0823586 -0.55134
-0.082632 -0.551021
-0.082894 -0.550713
-0.0831455 -0.550415
-0.0833869 -0.550127
-0.083617 -0.549848
-0.0838393 -0.549577
-0.940471 -0.364079
-0.945388 -0.00435305
-0.944967 -0.00467825
-0.944566 -0.00498843
-0.944187 -0.00528443
-0.943827 -0.00556695
-0.102752 -0.517641
-0.102765 -0.517478
-0.103098 -0.533722
-0.103142 -0.533666
-0.103183 -0.533612
0.148315 -0.32173
0.142713 -0.32245
-0.0898819 -0.394905
-0.500567 -0.540009
-0.503567 -0.539856
-0.506529 -0.539709
-0.509456 -0.539568
-0.51235 -0.539432
-0.465463 -0.365102
-0.465242 -0.365115
-0.465026 -0.365128
-0.464815 -0.365142
-0.464608 -0.365154
-0.464405 -0.365166
-0.464208 -0.365178
-0.464016 -0.365189
-0.463825 -0.3652
-0.333802 -0.483239
-0.333823 -0.483182
-0.333842 -0.483127
-0.333862 -0.483073
-0.333878 -0.483021
-0.333896 -0.482969
-0.333914 -0.482919
-0.333931 -0.482869
-0.333946 -0.482821
-0.779328 -1.05928
-0.706999 -0.374221
-0.789567 -0.307717
-0.681565 -0.341274
-0.682182 -0.338797
-0.707104 -0.133705
-0.813892 -0.0863776
-0.813999 -0.0864899
-0.814103 -0.0865991
-0.575493 -0.181024
-0.57399 -0.181907
-0.572501 -0.182774
-0.571022 -0.183624
-0.569554 -0.184458
-0.708356 -0.361305
-0.708351 -0.361315
-0.708344 -0.361326
-0.628457 -0.263623
-0.629183 -0.263515
-0.629869 -0.263412
-0.630522 -0.263311
-0.735701 -0.0612657
-0.735921 -0.0615153
-0.73613 -0.0617615
-0.736327 -0.0620037
-0.817528 -0.174684
-0.817311 -0.175064
-0.817098 -0.175435
-0.397828 -0.00854319
-0.396627 -0.00866777
-0.395451 -0.0087896
-0.394299 -0.00890815
-0.39317 -0.0090237
0.167478 -0.580767
0.16551 -0.580601
0.163616 -0.580448
0.161795 -0.580305
0.16004 -0.580171
-0.928929 -0.478325
-0.92882 -0.481348
-0.928716 -0.484343
-0.624524 -0.0249767
-0.624075 -0.0253509
-0.623637 -0.0257174
-0.623209 -0.0260772
-0.622792 -0.0264302
0.0168712 -0.602369
0.0172437 -0.602369
0.01761 -0.60237
0.0179695 -0.60237
0.0183231 -0.602371
0.0186705 -0.602372
0.0190122 -0.602374
0.0193473 -0.602375
0.0995019 -0.557005
-0.841848 -0.837497
-0.841414 -0.836884
-0.84099 -0.836285
-0.840575 -0.835698
-0.679528 -0.819387
-0.67938 -0.818373
-0.679238 -0.81738
-0.679098 -0.816406
-0.573282 -0.290768
-0.956642 -0.332853
-0.956765 -0.332875
-0.956887 -0.332896
-0.920118 -0.0610296
-0.920151 -0.0609744
-0.920185 -0.0609195
-0.920219 -0.0608653
-0.920252 -0.0608116
-0.419261 -0.456831
-0.669475 -0.507047
-0.669644 -0.507117
-0.66981 -0.507186
-0.669974 -0.507255
-1.12567 0.0178751
-1.12215 0.0171624
-1.1187 0.0164786
-1.11534 0.0158228
0.0987254 -0.516758
0.0987608 -0.516687
0.0987966 -0.516617
0.0988325 -0.516548
0.0988696 -0.51648
0.0590536 -0.454736
0.0592798 -0.454697
-0.732738 -0.459886
-0.731725 -0.460484
-0.730722 -0.46108
-0.729723 -0.461676
-0.728734 -0.462269
-0.727752 -0.46286
Pillar: 4.
4.79597 -0.943852
4.79597 -0.943851
4.79597 -0.943852
4.79597 -0.943852
4.79596 -0.943852
4.79596 -0.943852
4.79596 -0.943852
4.55782 -0.949093
4.55782 -0.949093
4.55782 -0.949093
4.65854 -0.930332
4.65669 -0.929998
4.6552 -0.929724
4.65399 -0.929496
4.73317 -0.938769
4.73317 -0.938769
4.73317 -0.938769
4.73317 -0.938769
5.46348 -0.892361
5.471 -0.892186
5.47769 -0.892039
5.48367 -0.891912
5.48904 -0.891804
5.49388 -0.89171
5.49826 -0.891629
5.50224 -0.891559
5.65911 -0.798782
5.66341 -0.797205
5.66736 -0.795746
5.671 -0.794396
5.67435 -0.793141
5.67744 -0.791974
5.68031 -0.790885
5.68297 -0.78987
5.29596 -0.0683447
5.29447 -0.0753195
5.29313 -0.0815656
5.29295 -0.094364
5.29186 -0.0993846
5.29136 -0.107387
5.29046 -0.1115
5.28964 -0.115248
5.28832 -0.114623
4.52385 -0.598635
4.52243 -0.600016
4.52112 -0.601295
4.51993 -0.602483
4.51882 -0.603589
4.51781 -0.604621
4.51687 -0.605584
4.5912 -0.564757
4.50205 -0.646286
4.73305 -0.644271
4.74364 -0.643367
3.92448 -0.802405
3.92423 -0.802597
3.92399 -0.802781
3.86067 -0.599808
3.86273 -0.601476
3.8645 -0.602957
3.86601 -0.604279
4.57103 -0.983465
4.51135 -0.721713
4.52215 -0.720457
4.70228 -0.840443
4.69599 -0.840221
4.69029 -0.840013
4.6851 -0.839817
4.68037 -0.839633
5.0838 -0.799918
5.08124 -0.79891
5.07876 -0.794089
4.11026 -0.754643
4.11027 -0.754691
4.11028 -0.754737
4.11028 -0.754782
3.95804 -1.19845
3.96028 -1.19699
3.96237 -1.19561
3.9643 -1.19432
3.99852 -1.16683
5.14722 -0.816482
5.14522 -0.816118
5.14495 -0.81635
5.14314 -0.816019
5.14143 -0.815705
4.8702 -0.887105
4.87161 -0.886306
4.8729 -0.885552
4.87409 -0.884839
4.87519 -0.884164
4.56086 -0.669804
4.77185 -0.696046
4.77113 -0.69613
4.77044 -0.696212
4.46009 -0.694922
4.66826 -0.912219
4.66873 -0.911738
4.66916 -0.911281
4.66956 -0.910848
4.79407 -0.841895
4.79507 -0.841519
4.43159 -0.502017
4.43132 -0.502628
4.43108 -0.503219
4.43085 -0.503789
4.65591 -0.402298
4.64594 -0.402723
4.63742 -0.403114
4.63006 -0.403478
4.84598 -0.603376
4.84271 -0.603338
4.51977 -0.623816
4.51947 -0.623976
4.51917 -0.624132
4.51889 -0.624283
4.51862 -0.624431
4.51836 -0.624575
4.51812 -0.624715
4.51788 -0.624852
4.51765 -0.624985
4.88999 -0.723037
4.88748 -0.722612
4.93035 -0.783737
4.82911 -1.14355
4.82972 -1.14294
4.83029 -1.14236
4.83084 -1.14179
4.83137 -1.14125
4.81216 -0.889041
4.81277 -0.888722
4.47101 -0.65044
4.47099 -0.650554
4.47148 -0.634678
4.47143 -0.6347
4.47139 -0.634722
4.69319 -0.851841
4.68783 -0.850566
4.65679 -0.0359265
4.24864 -0.863779
4.24562 -0.86389
4.24264 -0.864001
4.2397 -0.864113
4.23679 -0.864224
4.4278 -0.378583
4.42802 -0.379061
4.42823 -0.379527
4.42844 -0.379982
4.42865 -0.380427
4.42885 -0.380861
4.42905 -0.381284
4.42924 -0.381698
4.42942 -0.382103
4.27617 -0.924849
4.91635 -0.838823
4.91612 -0.838693
4.91589 -0.838565
4.91567 -0.838441
4.91545 -0.838319
4.63126 -0.732631
4.63123 -0.732616
4.63121 -0.732601
4.63119 -0.732586
4.63117 -0.732572
4.63115 -0.732559
4.63113 -0.732545
4.63111 -0.732532
4.6311 -0.732519
4.84922 -0.799127
4.59468 -1.44581
4.60635 -0.68224
4.61438 -0.651319
4.61447 -0.651392
4.52569 -0.886972
4.52679 -0.886589
4.52785 -0.886221
4.52887 -0.885868
4.52984 -0.885528
4.53078 -0.8852
4.53169 -0.884884
4.57948 -0.771997
4.57958 -0.771972
4.57968 -0.771947
4.96345 -0.738363
4.96209 -0.738528
4.96078 -0.738689
4.95951 -0.738844
4.8724 -1.49604
4.95626 -0.743643
4.95969 -0.517179
4.95832 -0.517502
4.957 -0.517816
4.95571 -0.518124
4.95446 -0.518424
4.95324 -0.518717
4.95206 -0.519003
4.95091 -0.519283
4.73743 -0.538869
4.73696 -0.539053
4.7365 -0.539233
4.73605 -0.53941
4.73367 -0.564861
4.73292 -0.564588
4.7214 -0.561832
4.80721 -0.97863
4.80702 -0.978037
4.80682 -0.977457
4.80663 -0.97689
4.5954 -0.960351
4.59569 -0.959843
4.59598 -0.959346
4.59626 -0.958858
4.67587 -0.810693
4.5723 -0.737302
4.57221 -0.737232
4.57213 -0.737163
4.84911 -0.272708
4.85064 -0.272232
4.85215 -0.271757
4.85365 -0.271284
4.85514 -0.270812
4.93214 -0.58863
4.93109 -0.588819
4.73824 -0.644478
4.73825 -0.644514
4.73825 -0.644548
4.80448 -0.74197
4.80376 -0.741813
4.80308 -0.741662
4.80243 -0.741516
4.83263 -0.666898
4.83198 -0.666841
4.83136 -0.666786
3.78535 -0.954515
3.78674 -0.953811
3.78809 -0.953122
3.78942 -0.952447
3.79073 -0.951785
4.69121 -0.421023
4.68925 -0.42097
4.68735 -0.420923
4.68554 -0.420884
4.68379 -0.42085
4.34149 -0.81919
4.34184 -0.818507
4.34217 -0.817834
4.63321 -0.524663
4.63368 -0.524885
4.63413 -0.525103
4.63457 -0.525318
4.635 -0.525529
4.37786 -0.598754
4.37823 -0.598866
4.3786 -0.598976
4.37896 -0.599085
4.37931 -0.599193
4.37966 -0.599298
4.38 -0.599403
4.38033 -0.599505
4.46016 -0.610235
4.82815 -0.714673
4.82808 -0.714674
4.61218 -0.615341
4.61264 -0.615494
4.6131 -0.615645
4.61354 -0.615795
4.77305 -1.07451
4.77318 -1.07385
4.77331 -1.0732
4.77344 -1.07257
4.85768 -0.838912
4.94638 -1.22908
4.94605 -1.22843
4.95733 -0.752366
4.95721 -0.752336
4.95709 -0.752306
4.93144 -1.01516
4.93142 -1.01499
4.93141 -1.01482
4.93139 -1.01466
4.93138 -1.0145
4.86403 -0.798448
4.86402 -0.798408
5.2038 -0.629424
5.20364 -0.629453
5.20347 -0.629481
5.20331 -0.629508
4.62316 -1.19098
4.627 -1.19019
4.63075 -1.1894
4.63441 -1.18863
4.54082 -0.941668
4.54494 -0.941997
4.17845 -0.772561
4.17848 -0.772564
4.17851 -0.772567
4.17855 -0.772569
4.17858 -0.772571
4.13417 -0.775711
4.13439 -0.775716
4.52644 -0.817231
4.52652 -0.817192
4.5266 -0.817154
4.47916 -0.891631
4.47925 -0.891566
4.79184 -0.844521
4.7918 -0.844477
4.79176 -0.844434
4.79172 -0.844391
4.79168 -0.844349
4.79164 -0.844307
4.11476 -0.844227
4.11568 -0.843939
4.11659 -0.843656
4.11748 -0.843378
4.11835 -0.843106
4.11922 -0.842838
Pillar: 5.
5.42741 -2.29292
5.42741 -2.29292
5.42741 -2.29292
5.42741 -2.29292
5.42741 -2.29292
5.42741 -2.29292
5.42741 -2.29292
5.07437 -2.30782
5.07437 -2.30782
5.07437 -2.30782
5.18044 -2.28701
5.17863 -2.28666
5.17717 -2.28638
5.17598 -2.28614
5.25231 -2.29651
5.25231 -2.29651
5.25231 -2.29651
5.25231 -2.29651
5.0927 -2.28176
5.09129 -2.28167
5.09005 -2.28159
5.08895 -2.28153
5.08797 -2.28147
5.0871 -2.28141
5.08631 -2.28137
5.0856 -2.28132
4.66616 -2.37695
4.66419 -2.37838
4.66238 -2.3797
4.66071 -2.38092
4.65917 -2.38206
4.65774 -2.38312
4.65642 -2.38412
4.79358 -2.33724
4.64955 -2.42418
4.87211 -2.42284
4.88256 -2.42195
4.43222 -2.32654
4.43013 -2.32752
4.52226 -2.7228
4.37552 -2.45642
4.38639 -2.45517
4.63022 -2.27034
4.62822 -2.26998
4.62472 -2.26905
4.62291 -2.26872
4.6212 -2.26841
4.32847 -2.33193
4.32988 -2.33113
4.33117 -2.33038
4.33236 -2.32967
4.33346 -2.32899
4.47242 -2.24659
4.47153 -2.24665
4.47069 -2.2467
4.1708 -2.2474
4.24723 -2.43426
4.24789 -2.43383
4.2485 -2.43342
4.24907 -2.43303
4.34664 -2.35638
4.34765 -2.35601
4.29774 -2.3904
4.29706 -2.39098
4.29642 -2.39155
4.29581 -2.39209
4.62187 -2.29512
4.61074 -2.29552
4.60122 -2.29589
4.59298 -2.29624
4.86355 -2.49642
4.85988 -2.49638
4.19314 -2.23391
4.19266 -2.23403
4.1922 -2.23415
4.19175 -2.23427
4.19132 -2.23439
4.19091 -2.2345
4.19051 -2.23461
4.19013 -2.23472
4.18976 -2.23482
4.57112 -2.33468
4.57312 -2.33514
4.6319 -2.26161
4.351 -2.57344
4.35183 -2.57291
4.35263 -2.5724
4.3534 -2.57191
4.35413 -2.57143
4.25841 -2.29138
4.25902 -2.29106
4.22285 -2.25564
4.22273 -2.25574
4.2345 -2.24157
4.23443 -2.24158
4.23436 -2.2416
4.30636 -2.42937
4.30168 -2.42827
3.55099 -2.14934
3.5479 -2.14941
3.54485 -2.14949
3.54184 -2.14956
3.53886 -2.14964
4.58389 -2.68175
4.58389 -2.68224
4.5839 -2.68272
4.5839 -2.68319
4.5839 -2.68365
4.5839 -2.6841
4.5839 -2.68453
4.58391 -2.68496
4.58391 -2.68538
3.79336 -2.3442
4.37774 -2.24265
4.37751 -2.24252
4.37728 -2.24239
4.37706 -2.24226
4.37684 -2.24214
4.24032 -2.21758
4.24028 -2.21756
4.24025 -2.21754
4.24022 -2.21752
4.24019 -2.2175
4.24016 -2.21749
4.24013 -2.21747
4.2401 -2.21746
4.24007 -2.21744
4.41443 -2.27183
4.598 -1.64275
4.47659 -3.21653
4.71904 -2.45331
4.64884 -2.42563
4.64893 -2.42571
4.36258 -2.25707
4.36311 -2.25662
4.36363 -2.25619
4.36415 -2.25578
4.36467 -2.25538
4.36518 -2.255
4.36569 -2.25464
4.66764 -2.30678
4.66775 -2.30675
4.66784 -2.30673
4.82762 -2.26966
4.82627 -2.26982
4.82496 -2.26999
4.82369 -2.27014
4.87868 -3.03334
4.82115 -2.275
4.92898 -2.47306
4.92764 -2.47339
4.92634 -2.4737
4.92507 -2.47401
4.92384 -2.47431
4.92265 -2.4746
4.92148 -2.47489
4.92035 -2.47517
4.83165 -2.48176
4.83116 -2.48195
4.8307 -2.48213
4.83025 -2.4823
4.86113 -2.50586
4.85992 -2.50561
4.84614 -2.503
5.50911 -2.49311
5.50132 -2.49124
5.49414 -2.48948
5.4875 -2.48782
5.48134 -2.48626
5.10291 -2.05962
5.10279 -2.06089
5.10266 -2.06211
5.10252 -2.06329
5.10237 -2.06442
5.47622 -2.28949
5.46936 -2.28885
5.46289 -2.28823
4.95196 -2.50465
4.95193 -2.50456
4.9519 -2.50448
5.4091 -1.99145
5.41106 -1.99083
5.413 -1.99022
5.41492 -1.98961
5.41682 -1.989
5.65108 -2.24717
5.65001 -2.24738
4.64832 -2.41347
4.64832 -2.4135
4.64831 -2.41353
4.65117 -2.50659
4.65046 -2.50644
4.6498 -2.50629
4.64916 -2.50614
4.65641 -2.42938
4.65572 -2.42932
4.65507 -2.42926
4.98056 -2.29337
4.97989 -2.29339
4.0651 -2.22604
4.06543 -2.22615
4.06576 -2.22625
4.06608 -2.22635
4.06639 -2.22645
4.0667 -2.22655
4.067 -2.22664
4.0673 -2.22674
4.12622 -2.23331
4.51472 -2.34183
4.51466 -2.34183
4.68422 -2.34245
4.68412 -2.34242
4.68402 -2.3424
4.51525 -2.57392
4.51527 -2.57376
4.51528 -2.5736
4.51529 -2.57345
4.51531 -2.57329
4.37441 -2.33573
4.37441 -2.33569
4.39347 -2.24448
4.14321 -2.2948
4.14306 -2.29484
4.1429 -2.29487
4.14275 -2.29491
4.54549 -2.19442
4.5455 -2.19443
4.5455 -2.19444
4.54551 -2.19445
4.54552 -2.19446
4.47844 -2.20326
4.47865 -2.20326
4.80045 -2.25991
4.80053 -2.25987
4.80061 -2.25983
4.69455 -2.96148
4.69464 -2.96409
4.69472 -2.96668
4.6948 -2.96927
4.69487 -2.97184
4.69494 -2.9744
4.84974 -2.20094
4.84983 -2.20088
4.53741 -2.24779
4.53737 -2.24775
4.53733 -2.24771
4.53729 -2.24766
4.53725 -2.24762
4.53721 -2.24758
Pillar: 6.
12.0628 -0.848934
12.0704 -0.84929
12.0778 -0.849568
12.0849 -0.849778
12.0918 -0.849927
12.7586 -0.577456
12.7575 -0.580595
12.7565 -0.583522
12.7556 -0.586255
12.8241 -0.253987
12.7406 -0.590116
12.9718 -0.627217
12.9824 -0.626938
12.7268 -0.779606
12.7288 -0.785066
12.7305 -0.789968
12.7319 -0.794394
13.7142 -0.337006
13.6754 -0.533991
13.6862 -0.532368
12.0035 -0.65395
11.9972 -0.653409
11.9915 -0.652917
11.9863 -0.652469
11.9815 -0.652059
12.3839 -0.576247
12.3814 -0.575239
12.3791 -0.578197
12.9457 -0.421416
12.9477 -0.417228
12.9495 -0.413299
12.9513 -0.409605
12.989 -0.424022
13.1915 -0.479814
13.1929 -0.47901
13.1942 -0.478261
13.1954 -0.477559
13.1965 -0.476903
13.6249 -0.562865
13.1036 -0.397838
13.104 -0.396302
13.1044 -0.394848
13.1047 -0.39347
13.2371 -0.474234
13.2381 -0.473825
12.7093 -0.496015
12.6993 -0.501372
12.6907 -0.506046
12.6833 -0.510163
12.8989 -0.477556
12.8957 -0.479225
12.985 -0.486134
12.9813 -0.487548
12.978 -0.488812
12.9751 -0.489949
13.183 -0.246286
13.1834 -0.244329
13.1839 -0.242447
13.1843 -0.240635
13.1847 -0.23889
13.202 -0.438915
13.2026 -0.438576
12.8286 -0.542949
12.8286 -0.543113
12.8286 -0.543274
13.198 -0.211097
13.1994 -0.214391
13.2007 -0.217416
13.202 -0.220201
13.2032 -0.222772
13.2044 -0.225151
13.2054 -0.227357
12.332 -0.570206
12.3306 -0.570354
12.3293 -0.570497
12.328 -0.570635
12.1939 -0.647573
12.3247 -0.57201
12.21 -0.600823
12.2086 -0.601064
12.2073 -0.601298
12.206 -0.601525
12.2048 -0.601746
12.2035 -0.601961
12.2024 -0.602169
12.2012 -0.602372
12.5001 -0.576941
12.4996 -0.577143
12.4991 -0.57734
12.4987 -0.577533
12.4958 -0.470039
12.4951 -0.471613
12.4837 -0.477865
12.5686 -0.492805
12.5727 -0.493795
12.5764 -0.494638
12.4035 -0.0765673
12.3969 -0.0783056
12.3909 -0.0799174
12.3854 -0.0814164
12.3803 -0.0828134
12.6178 -0.487265
12.6189 -0.487285
12.6439 -0.243665
12.6437 -0.243072
12.6435 -0.242492
12.6433 -0.241925
12.8542 -0.257352
12.8545 -0.256844
12.8548 -0.256346
12.855 -0.255859
12.2283 -0.96842
12.2279 -0.967338
12.2274 -0.966321
12.2269 -0.965363
12.2264 -0.964461
12.4927 -1.05591
12.4948 -1.05054
12.5722 -0.356725
12.5662 -0.359577
12.5607 -0.36227
12.5069 -0.392973
12.4967 -0.396045
12.487 -0.398979
13.5524 -0.39072
13.547 -0.392227
11.5143 -0.73164
11.5133 -0.731951
12.7231 -0.439321
12.7224 -0.439092
12.7217 -0.438871
12.721 -0.438658
12.7545 -0.467128
12.7539 -0.467231
12.7533 -0.46733
12.8091 -0.475034
12.8082 -0.475212
12.8074 -0.475383
12.6427 -0.704641
12.6426 -0.703656
12.6424 -0.70271
12.6423 -0.701802
12.4159 -0.606581
12.414 -0.606719
12.4121 -0.606857
12.4102 -0.606994
12.4085 -0.607129
12.533 -0.660453
12.5322 -0.65999
11.8098 -0.73501
11.8103 -0.735025
11.8107 -0.73504
11.8112 -0.735056
11.8116 -0.735073
12.2761 -0.29664
12.2762 -0.296467
12.2764 -0.296297
12.2766 -0.296129
12.3917 -0.465887
12.3893 -0.00308192
12.389 -0.00242716
12.7966 -0.283047
12.7965 -0.282726
12.7965 -0.28241
12.7965 -0.282099
12.7965 -0.281792
12.755 -0.440032
12.755 -0.439954
13.5939 -0.560168
13.5976 -0.55701
13.6012 -0.553937
13.6047 -0.550946
13.5281 -0.623849
13.5322 -0.621622
Pillar: 7.
13.84 -1.75077
13.8414 -1.74996
13.8427 -1.74921
13.8438 -1.74851
13.8449 -1.74786
13.8108 -1.56461
13.8114 -1.56298
13.8119 -1.56145
13.8123 -1.55999
13.9239 -1.65312
13.9249 -1.65271
13.1373 -1.79807
13.1265 -1.80369
13.1172 -1.80859
13.1092 -1.8129
13.3622 -1.76746
13.3587 -1.76923
13.4157 -1.78729
13.412 -1.7887
13.4087 -1.78997
13.4058 -1.79111
13.022 -1.54534
13.017 -1.54041
13.5479 -1.96071
13.5485 -1.96415
13.5492 -1.96731
13.5498 -1.97022
13.5504 -1.97291
13.551 -1.9754
13.5516 -1.9777
12.8147 -1.97985
12.808 -1.98282
12.8017 -1.98562
12.4163 -1.99676
12.4052 -1.99978
12.3945 -2.00266
13.5222 -1.99678
13.5175 -1.9983
13.2056 -1.78717
13.2048 -1.78694
13.2042 -1.78671
13.2035 -1.7865
13.2194 -1.82113
13.2187 -1.82124
13.2181 -1.82135
13.2434 -1.83914
13.2426 -1.83932
13.2418 -1.83949
13.2887 -1.661
13.2887 -1.65996
13.2886 -1.65896
13.2885 -1.65799
12.7625 -1.76067
12.7605 -1.76081
12.7586 -1.76096
12.7567 -1.7611
12.7549 -1.76125
13.1408 -1.70094
13.1401 -1.70044
14.2481 -1.36252
14.252 -1.35919
14.2557 -1.35595
14.2595 -1.35279
14.1539 -1.4485
14.1582 -1.4461
Pillar: 8.
21.1734 -0.0488359
21.1747 -0.0540821
21.1759 -0.0589492
21.177 -0.063474
20.0252 -0.424997
19.8446 0.208788
20.0218 -0.422795
20.0926 -0.797841
20.0915 -0.797964
20.0903 -0.798084
20.4599 -0.658981
20.4573 -0.415134
20.4566 -0.418603
20.4452 -0.434094
20.53 -0.419517
20.5341 -0.419464
20.5377 -0.419449
20.465 -0.409504
20.4651 -0.409335
20.4652 -0.409194
20.2829 -0.574579
20.2761 -0.580446
20.2698 -0.585909
20.2641 -0.591012
20.2587 -0.595789
20.5128 -0.454917
20.5139 -0.454943
20.4852 -0.454481
20.4851 -0.454421
20.4847 -0.454318
20.4585 -0.235314
20.4578 -0.231515
20.4571 -0.227912
20.4564 -0.22449
20.4557 -0.221236
20.6658 0.158145
20.6679 0.163515
19.9535 -0.414265
19.9481 -0.413216
20.4094 -0.450159
20.4095 -0.449834
Pillar: 9.
20.4259 -1.74113
20.3652 -1.06468
20.4231 -1.73874
20.31 -2.28313
20.3088 -2.28325
20.3076 -2.28337
20.3065 -2.28349
20.4072 -2.18774
20.4308 -1.94458
20.4297 -1.94804
20.4165 -1.9635
20.507 -1.94902
20.5113 -1.94897
20.5151 -1.94895
20.4271 -1.93871
20.4273 -1.93854
20.4274 -1.9384
20.0278 -2.07267
20.0202 -2.0784
20.0132 -2.08374
20.0068 -2.08872
20.0008 -2.09339
20.3589 -1.96675
20.36 -1.96678
20.2838 -1.96073
20.2837 -1.96067
20.284 -1.96066
19.8284 -1.86131
19.8237 -1.86031
20.3116 -1.8993
20.3117 -1.89897
FEATURES.
Feature: 1.
-3.48792 -2.50775
-3.48792 -2.50775
-3.48792 -2.50775
-3.48792 -2.50775
-3.48792 -2.50775
-3.48792 -2.50775
-3.48792 -2.50775
-3.48792 -2.50775
-3.48792 -2.50775
-3.48792 -2.50775
-3.48792 -2.50775
-3.88121 -2.68612
-3.86424 -2.67097
-3.84731 -2.65508
-3.82922 -2.6381
-3.81362 -2.62346
-3.7996 -2.6103
-3.78682 -2.59831
-3.76535 -2.58798
-3.74657 -2.58026
-3.73038 -2.57235
-3.93833 -2.55628
-3.92561 -2.57692
-3.91279 -2.59015
-3.89975 -2.59854
-3.88296 -2.60749
-3.8685 -2.60485
-3.84698 -2.612
-3.83133 -2.6075
-3.82616 -2.58631
-3.80894 -2.58184
-3.28569 -2.08836
-3.2973 -2.11353
-3.3091 -2.13878
-3.30163 -2.1496
-3.29765 -2.15991
-3.29493 -2.17306
-3.29305 -2.18991
-3.29386 -2.20429
-3.29724 -2.21673
-3.30093 -2.22976
-3.26329 -2.76535
-3.2668 -2.7458
-3.27032 -2.72589
-3.25727 -2.67226
-3.25245 -2.62873
-3.24871 -2.59398
-3.25261 -2.56502
-3.26123 -2.5407
-3.27346 -2.52118
-3.28963 -2.50347
-3.82052 -2.3369
-3.82789 -2.33766
-3.83539 -2.33848
-3.8968 -2.36643
-3.94954 -2.39053
-3.99448 -2.41092
-4.03977 -2.42729
-4.07125 -2.44473
-4.09776 -2.45588
-4.11969 -2.465
-3.56555 -1.5127
-3.57148 -1.56628
-3.59111 -1.64416
-3.6055 -1.71824
-3.61266 -1.78867
-3.61207 -1.85524
-3.6017 -1.92233
-3.58546 -1.98309
-3.56466 -2.03814
-4.56107 -0.33334
-4.55368 -0.519106
-4.52644 -0.687515
-4.48325 -0.851637
-4.43101 -0.983525
-4.36645 -1.1052
-4.3005 -1.21141
-0.890581 -4.14711
-1.06486 -4.10845
-1.23246 -4.05604
-1.38857 -3.99411
-1.56202 -3.91215
-1.7214 -3.82368
-1.87199 -3.72975
-2.47228 -2.95225
-2.51178 -2.95493
-2.55851 -2.95444
-2.59018 -2.94756
-3.20915 -2.50178
-3.19863 -2.50277
-3.18742 -2.5049
-3.1786 -2.50661
-3.17106 -2.50874
-3.79099 -2.09282
-3.74962 -2.1229
-3.70572 -2.15661
-3.66175 -2.19254
-3.60132 -2.20338
-3.53346 -2.22147
-3.47984 -2.23138
-3.43122 -2.24186
-2.67517 -3.13612
-2.71167 -3.1363
-2.75245 -3.13533
-2.7941 -3.13399
-2.81247 -3.07945
-2.82918 -3.02629
-2.84408 -2.97554
-2.85508 -2.93768
-1.49319 -2.93605
-1.60961 -2.92305
-1.72382 -2.90427
-1.82883 -2.88368
-1.92828 -2.85914
-2.00958 -2.82969
-2.09044 -2.79526
-2.16396 -2.75686
-2.45605 -1.64399
-2.51317 -1.68702
-2.57561 -1.73451
-2.63132 -1.77749
-2.68187 -1.81697
-2.70407 -1.85353
-2.7282 -1.89046
-2.74757 -1.92302
-2.76449 -1.95227
-2.77964 -1.97877
Feature: 2.
-3.38528 -0.77665
-3.38528 -0.77665
-3.38528 -0.77665
-3.38528 -0.77665
-3.38528 -0.77665
-3.38528 -0.77665
-3.38528 -0.77665
-3.38528 -0.77665
-3.38528 -0.77665
-3.38528 -0.77665
-3.38528 -0.77665
-3.47467 -1.0499
-3.45788 -1.0347
-3.44095 -1.01881
-3.42286 -1.00183
-3.40726 -0.98719
-3.39324 -0.974034
-3.38046 -0.962036
-3.35984 -0.951499
-3.34221 -0.943494
-3.32662 -0.935436
-3.4576 -0.942219
-3.4638 -0.957341
-3.46753 -0.965945
-3.46899 -0.970433
-3.46674 -0.975599
-3.4631 -0.970238
-3.45497 -0.974128
-3.44708 -0.967792
-3.44191 -0.9466
-3.43226 -0.940369
-3.10564 -0.475053
-3.11724 -0.500221
-3.12905 -0.525475
-3.11261 -0.537316
-3.09996 -0.548665
-3.0906 -0.562641
-3.08296 -0.580236
-3.07877 -0.59528
-3.07732 -0.608366
-3.07731 -0.621912
-3.39486 -1.06361
-3.39837 -1.04407
-3.40189 -1.02415
-3.35875 -0.968463
-3.32777 -0.923576
-3.30129 -0.887977
-3.28543 -0.85852
-3.27688 -0.833959
-3.2742 -0.814368
-3.27596 -0.796705
-2.81558 -0.895097
-2.82294 -0.895866
-2.83044 -0.896677
-2.90489 -0.915636
-2.96904 -0.932
-3.02396 -0.945731
-3.07797 -0.956363
-3.1183 -0.96805
-3.15131 -0.975028
-3.17891 -0.980539
-3.20928 -0.213287
-3.21521 -0.266865
-3.26126 -0.337784
-3.29867 -0.406268
-3.32586 -0.47217
-3.34269 -0.535065
-3.34917 -0.598837
-3.34693 -0.656999
-3.33784 -0.709996
-4.29459 1.37123
-4.34781 1.19385
-4.37333 1.03096
-4.38116 0.870619
-4.36807 0.740605
-4.33747 0.619839
-4.30096 0.513872
-1.01605 -2.79604
-1.14125 -2.75372
-1.26612 -2.69958
-1.3851 -2.63723
-1.52782 -2.5557
-1.66319 -2.46805
-1.79323 -2.37516
-3.02113 -0.983675
-3.00548 -0.971805
-2.9985 -0.958716
-3.01857 -0.949309
-4.85371 2.31614
-2.41388 -1.76573
-2.43204 -1.73809
-2.45179 -1.71067
-2.47553 -1.67979
-2.49925 -1.65052
-2.51107 -1.62604
-2.52485 -1.60398
-2.54386 -1.57754
-2.61787 -0.535422
-2.66483 -0.563894
-2.71772 -0.589723
-2.79782 -0.559087
-2.88668 -0.531118
-2.95424 -0.530021
-3.01943 -0.532836
-3.08992 -0.525098
-3.14753 -0.529024
-3.19039 -0.549772
-3.21928 -0.578588
-3.35116 0.738037
-3.38042 0.611703
-3.39382 0.492932
-3.3959 0.369321
-2.80783 -1.84452
-2.82288 -1.78994
-2.83672 -1.73676
-2.84912 -1.686
-2.85798 -1.64813
-3.33591 -0.788869
-3.30725 -0.791071
-3.27957 -0.79386
-3.25047 -0.797643
-3.22139 -0.802235
-3.19339 -0.807444
-3.16718 -0.81308
-3.14319 -0.818967
-3.14328 -0.998287
-3.16207 -1.01165
-3.18282 -1.01828
-3.20528 -1.02125
-3.23059 -1.01664
-2.94558 -1.07371
-2.94033 -1.05232
-2.93434 -1.0348
-2.92806 -1.01743
-2.9257 -0.989911
-2.91949 -0.978624
-2.6047 -0.423742
-2.66181 -0.466768
-2.72424 -0.514257
-2.77995 -0.557238
-2.8305 -0.596723
-2.85898 -0.634062
-2.88856 -0.671697
-2.91267 -0.704883
-2.93369 -0.734704
-2.95241 -0.7617
Feature: 3.
-1.38618 -0.183714
-1.38618 -0.183714
-1.38618 -0.183714
-1.38618 -0.183714
-1.38618 -0.183714
-1.38618 -0.183714
-1.38618 -0.183714
-1.38618 -0.183714
-1.38618 -0.183714
-1.38618 -0.183714
-1.38618 -0.183714
-1.87796 -0.61549
-1.88809 -0.612156
-1.89544 -0.604688
-1.90017 -0.595183
-1.90133 -0.586374
-1.90031 -0.570639
-1.8955 -0.561756
-1.88958 -0.548043
-1.88441 -0.526851
-1.87672 -0.513433
-1.95533 -1.21713
-1.9355 -1.20674
-1.91542 -1.19668
-1.89878 -1.18362
-1.87861 -1.17422
-1.85961 -1.16341
-1.8401 -1.15504
-1.82179 -1.14758
-1.80363 -1.1432
-0.832267 0.638202
-0.897163 0.615418
-0.951699 0.588351
-0.994325 0.55811
-1.02497 0.525937
-1.04516 0.491619
-1.05457 0.457734
-1.05541 0.42493
-1.4486 1.08997
-1.49364 1.01366
-1.51497 0.938609
-1.52132 0.863073
-1.50879 0.798023
-1.47988 0.733544
-1.44573 0.676325
-1.40553 0.62347
-1.37177 0.56782
1.04247 -1.22918
0.972749 -1.26254
0.893803 -1.27574
0.812989 -1.27305
0.700596 -1.24165
0.58814 -1.19365
0.477176 -1.13505
-0.536326 -0.201289
-0.499804 -0.259073
-0.474502 -0.313876
-0.490862 -0.319149
-2.33517 2.09793
-2.28806 1.96437
-0.75434 -0.098191
-0.740529 -0.102549
-0.72647 -0.107593
-0.714924 -0.112106
-0.705308 -0.116382
-0.120086 -0.570117
-0.120212 -0.577734
-0.124736 -0.581164
-0.134145 -0.580305
-0.147128 -0.574199
-0.134558 -0.604699
-0.130543 -0.625086
-0.134746 -0.635668
-0.146856 -0.636707
0.138619 -0.62654
0.0720617 -0.613171
0.0151297 -0.598541
-0.0432495 -0.583874
-0.100588 -0.569702
-0.174201 -0.559174
-0.188915 -0.581203
-0.205491 -0.593817
-0.224358 -0.601341
-0.377211 -0.526484
-0.340372 -0.562581
-0.30305 -0.597593
-0.266753 -0.628665
-0.233363 -0.654598
-0.201583 -0.647628
-0.172101 -0.64221
-0.151329 -0.639089
-0.369819 -0.0211183
-0.338314 -0.0810938
-0.312198 -0.131313
-0.289518 -0.174919
-0.269573 -0.213563
-0.251871 -0.247929
-0.23385 -0.282852
-0.219312 -0.311217
-0.204671 -0.339625
-1.00677 1.8433
-1.16244 1.83619
-1.21608 1.76918
-1.25378 1.68982
-1.27634 1.60113
-1.28561 1.50631
0.914504 -2.03211
0.85886 -2.0447
0.796957 -2.03662
0.737809 -2.01161
0.685484 -1.96334
0.630349 -1.90193
0.631022 -1.89887
-0.521725 0.505674
-0.565815 0.553282
-0.572197 0.482843
-0.576234 0.416946
-0.578752 0.345947
-0.580069 0.284507
-1.0981 1.18404
-1.13827 1.18306
-1.16209 1.16928
-1.16919 1.14172
-1.16085 1.10127
-1.14672 1.05669
-1.12091 1.00291
-1.08583 0.94151
-1.04411 0.8744
-0.395802 -0.0476556
-0.434463 -0.0198998
-0.464673 -0.0014292
-0.49007 0.0111233
-0.509101 0.0169045
-0.521345 0.0159954
-0.527171 0.00903952
-0.527408 -0.00304079
-0.52309 -0.0192363
0.0104738 -1.20045
-0.0498159 -1.20271
-0.0800518 -1.2047
-0.00133742 0.0298023
-0.0493876 0.00636148
-0.102284 -0.0194681
-0.192621 0.0562711
-0.291424 0.124907
-0.368131 0.161194
-0.441664 0.188839
-0.530093 0.25786
-0.604496 0.306864
-0.664645 0.33699
-0.709135 0.351398
-1.59752 0.56999
-1.59708 0.54401
-1.58349 0.51693
-1.56198 0.485591
-1.51019 0.458913
-1.45773 0.432115
-1.39796 0.403592
-0.832718 1.43098
-0.87888 1.36339
-0.906284 1.28974
-0.922673 1.20949
-1.21442 0.393368
-1.17304 0.363281
-1.12914 0.329581
-1.08517 0.293648
-1.03938 0.297881
-0.989833 0.298407
-0.945731 0.298079
-0.905471 0.295941
1.61053 -2.66755
1.4852 -2.65674
1.38409 -2.62913
1.27915 -2.58313
1.19118 -2.51901
-0.421684 -0.623802
-0.463832 -0.618931
-0.509744 -0.613379
-0.55663 -0.607407
-0.568514 -0.558625
-0.579615 -0.510464
-0.589653 -0.464062
-0.596465 -0.429978
-0.327525 -0.473529
-0.298632 -0.477975
-0.27075 -0.482723
-0.241472 -0.488216
-0.212233 -0.494304
-0.184099 -0.500821
-0.157779 -0.507602
-0.13368 -0.514492
-0.111978 -0.521353
0.679241 -1.42006
0.585546 -1.44016
0.490052 -1.44946
0.399179 -1.45062
0.311858 -1.44511
0.259747 -1.46299
0.203013 -1.46945
0.149513 -1.4663
0.0948818 -1.45385
-0.59369 -0.639052
-0.598592 -0.645392
-0.606568 -0.648266
-0.617134 -0.647667
-0.600791 -0.659311
-0.59406 -0.660356
-0.590904 -0.655209
-0.591675 -0.643537
-1.09813 -0.129588
-1.04978 -0.155355
-1.02108 -0.183373
-0.990588 -0.213155
-0.959762 -0.24304
-0.929752 -0.271985
-0.889281 -0.357919
-0.871044 -0.40127
-0.857884 -0.435168
0.333879 -1.20816
0.318809 -1.14635
0.299978 -1.08767
0.278183 -1.03392
0.252705 -0.980078
0.233014 -0.936315
0.214623 -0.893958
-0.792564 -0.55143
-0.784184 -0.543145
-0.775814 -0.535793
-0.767255 -0.528365
-0.761015 -0.51832
-0.753603 -0.512587
Feature: 4.
4.79596 -0.943852
4.79596 -0.943852
4.79596 -0.943852
4.79596 -0.943852
4.79596 -0.943852
4.79596 -0.943852
4.79596 -0.943852
4.36837 -1.12686
4.38397 -1.11222
4.39799 -1.09906
4.41078 -1.08706
4.43146 -1.07248
4.44917 -1.059
4.4648 -1.0481
4.47905 -1.03821
4.50217 -1.02911
4.5215 -1.0215
4.53866 -1.01476
5.68764 0.110027
5.7494 0.00493078
5.79424 -0.0900857
5.83103 -0.176169
5.85452 -0.252512
5.8687 -0.31992
5.87553 -0.380263
5.87711 -0.439878
6.14454 -1.36757
6.07397 -1.30561
6.0126 -1.25155
5.95965 -1.20397
5.90702 -1.16124
5.86776 -1.11894
5.83533 -1.08646
5.80808 -1.05761
5.009 -0.220144
5.02883 -0.20975
5.04891 -0.199687
5.06759 -0.200996
5.08776 -0.191597
5.10773 -0.187699
5.12724 -0.179325
5.14555 -0.171864
5.16257 -0.159379
3.37121 -0.483693
3.37895 -0.388116
3.39841 -0.312699
3.427 -0.241983
3.46335 -0.194348
3.51084 -0.160734
3.55953 -0.132656
3.61114 -0.111404
3.65699 -0.0791415
3.71668 -0.0927999
3.78951 -0.0812319
5.60414 -0.633373
5.55302 -0.832569
5.48534 -0.990283
5.41062 -1.11337
5.30067 -1.18613
5.18847 -1.21958
5.07659 -1.23075
3.16458 -0.700393
3.18034 -0.59551
3.21701 -0.509633
4.57539 -0.720361
4.58835 -0.732027
4.60166 -0.743384
4.61248 -0.753965
4.62153 -0.76287
4.62901 -0.770817
4.67 -0.765535
4.70347 -0.766721
4.62043 -0.65219
4.61849 -0.732368
4.61149 -0.798813
4.59889 -0.858832
4.58293 -0.899439
4.58666 -1.03982
4.58218 -1.14416
4.56942 -1.22732
4.54801 -1.29815
5.07073 -0.641453
5.07667 -0.653201
5.08151 -0.677471
5.08805 -0.689951
5.09326 -0.700297
5.09768 -0.709454
5.0825 -0.741246
5.0691 -0.76636
5.05677 -0.787027
5.04612 -0.798818
5.48874 -0.902435
5.42218 -0.889067
5.36545 -0.870442
5.30725 -0.852377
5.25007 -0.835
5.17681 -0.817264
5.15921 -0.893411
5.13969 -0.952898
5.11862 -0.991861
5.09683 -1.0293
5.09064 -1.06646
4.16924 -0.16481
4.20951 -0.247093
4.24976 -0.327565
4.28797 -0.393048
4.32281 -0.44899
4.35432 -0.43601
4.38357 -0.425742
4.40416 -0.418729
4.42449 -0.413202
4.45312 -0.404292
4.23225 -0.00325358
4.26379 -0.0750456
4.28991 -0.135591
4.31257 -0.189241
4.33248 -0.235652
4.35014 -0.277587
4.36812 -0.318374
4.38262 -0.351887
4.39721 -0.38482
4.41129 -0.416495
4.46357 -0.439094
4.46484 -0.325573
4.39217 -0.11033
4.37404 -0.0728623
4.36562 -0.0608613
4.36732 -0.0697436
4.3782 -0.0948772
4.39665 -0.132035
4.44462 -0.200774
5.44439 -1.38631
5.40212 -1.50091
5.35127 -1.59479
5.29972 -1.65678
5.25166 -1.66848
5.20002 -1.66721
5.20476 -1.76502
4.203 -0.0746686
4.17242 0.0962118
4.1677 0.0433195
4.16505 -0.00737214
4.16369 -0.0651994
4.16335 -0.115235
3.69044 0.177036
3.67567 0.305457
3.67105 0.404492
3.67847 0.475162
3.6978 0.520163
3.72024 0.549856
3.75234 0.560612
3.79218 0.555251
3.83751 0.536784
4.51263 -1.34087
5.18148 -1.71067
5.15481 -1.65277
5.12615 -1.58889
5.09728 -1.52242
5.06957 -1.45613
4.51384 -0.828325
4.48687 -0.723105
4.4648 -0.645095
4.44589 -0.580778
4.43204 -0.530006
4.42397 -0.49182
4.42151 -0.464812
4.42401 -0.447391
4.43056 -0.437964
4.4402 -0.435045
5.32752 -1.78618
5.28987 -1.85286
5.18044 -1.71134
5.12618 -1.64686
5.43303 -1.45689
5.35299 -1.38252
5.26605 -1.31256
5.17806 -1.24869
5.0933 -1.19169
5.0302 -1.14726
4.97737 -1.1132
5.55488 -1.33582
5.47926 -1.31324
5.40335 -1.28912
5.32278 -1.26181
5.34063 -1.40428
5.34988 -1.51469
5.35062 -1.5937
5.34392 -1.64396
5.28225 -1.62302
4.80047 -0.93313
4.84906 -1.09099
4.89865 -1.20315
4.94376 -1.28827
4.98261 -1.34698
5.0041 -1.39216
5.02442 -1.40827
5.04134 -1.40688
4.54006 0.191271
4.5547 0.145771
4.56868 0.102073
4.58376 0.049884
4.59614 0.00921005
4.60006 -0.00604773
4.60514 -0.0271416
5.16393 -1.39625
5.13374 -1.36454
5.10609 -1.3352
5.07726 -1.30429
4.9161 -0.845011
4.89438 -0.854176
4.87043 -0.864135
4.84879 -0.872975
5.14597 -1.39445
5.07861 -1.22782
4.99924 -1.0766
4.93836 -0.968337
4.87779 -0.878012
4.81329 -0.681803
4.75723 -0.521757
4.71263 -0.383846
4.67972 -0.27703
4.66296 -0.204776
4.63576 -0.130592
3.71357 -0.670158
3.74156 -0.57162
3.77669 -0.490098
3.81691 -0.41615
3.87772 -0.387296
3.93754 -0.3658
4.00335 -0.352334
4.06132 -0.342849
4.11958 -0.335072
4.17397 -0.332728
3.05528 -0.824607
3.10756 -0.796064
3.16497 -0.765259
3.21306 -0.74991
3.25675 -0.738321
5.91014 -1.25225
5.83975 -1.42078
5.77573 -1.53224
5.7024 -1.62161
5.63585 -1.66198
4.84217 -1.0543
4.80097 -1.03763
4.7559 -1.02134
4.70985 -1.00445
4.69693 -0.969205
4.6849 -0.932773
4.67404 -0.896533
4.6665 -0.871253
4.03337 -0.445229
4.06228 -0.452928
4.09018 -0.460514
4.11947 -0.468487
4.14872 -0.476741
4.17686 -0.485154
4.20319 -0.493595
4.22729 -0.501939
4.24899 -0.510076
4.2844 -0.524667
4.35601 -0.531629
6.08236 -0.644109
5.9998 -0.74619
5.91271 -0.824528
5.82769 -0.878814
5.74505 -0.919569
5.70277 -1.0516
5.65253 -1.15567
5.6032 -1.23596
5.5509 -1.28759
5.52069 -1.33416
5.45727 -1.32964
5.33446 -0.549234
5.33022 -0.630229
5.32211 -0.690421
5.31099 -0.739578
5.32446 -0.865351
5.32692 -0.96541
5.32503 -1.04615
5.31886 -1.10896
5.30749 -1.16238
5.3042 -1.21303
4.82361 -0.272498
4.85229 -0.301206
4.88279 -0.330852
4.9136 -0.361342
4.9436 -0.390866
4.97936 -0.621497
4.99063 -0.790146
4.99558 -0.932494
4.99533 -1.04925
4.99564 -1.14297
4.31713 -2.12649
4.32097 -1.9784
4.31704 -1.84451
4.30704 -1.72525
4.29093 -1.61439
4.27872 -1.52103
4.26518 -1.44404
4.25286 -1.37636
4.27664 -1.33276
4.30136 -1.28702
4.34557 -1.62272
4.36701 -1.5395
3.77693 -2.20869
3.85342 -2.1199
3.93087 -2.02902
4.00444 -1.94166
4.07266 -1.85964
4.13534 -1.78333
4.39643 -0.678269
4.36827 -0.678412
4.33881 -0.683735
4.3147 -0.688852
4.29358 -0.69429
4.27471 -0.700101
Feature: 5.
5.42741 -2.29292
5.42741 -2.29292
5.42741 -2.29292
5.42741 -2.29292
5.42741 -2.29292
5.42741 -2.29292
5.42741 -2.29292
4.88492 -2.48559
4.90052 -2.47094
4.91454 -2.45779
4.92732 -2.44579
4.94871 -2.43094
4.96738 -2.41709
4.98351 -2.406
4.99819 -2.39595
5.02131 -2.38685
5.04064 -2.37924
5.0578 -2.37249
5.18817 -1.62491
5.19837 -1.683
5.20474 -1.739
5.20912 -1.7872
5.21232 -1.8345
5.21257 -1.87532
5.21014 -1.91329
5.20713 -1.94592
3.03557 -2.23583
3.10563 -2.15106
3.17943 -2.08321
3.26062 -2.01821
3.33736 -1.97389
3.41992 -1.94242
3.49902 -1.91563
3.577 -1.89508
3.65408 -1.86314
3.72648 -1.87677
3.81828 -1.865
4.89765 -2.19373
4.87028 -2.23019
2.6119 -2.35031
2.69225 -2.26567
2.77447 -2.19244
4.55372 -2.09531
4.55967 -2.10706
4.56128 -2.13018
4.56782 -2.14266
4.57303 -2.153
4.57744 -2.16216
4.55943 -2.19293
4.54356 -2.21716
4.5291 -2.23705
4.51817 -2.24874
5.11396 -2.43789
5.05839 -2.4195
5.00117 -2.40163
4.94492 -2.38443
4.87375 -2.36711
4.84049 -2.44011
4.80742 -2.49674
4.77727 -2.53372
4.745 -2.56881
4.72612 -2.60301
4.18116 -2.0579
4.20221 -2.1402
4.22355 -2.22051
4.24746 -2.28574
4.26983 -2.34137
4.30383 -2.32846
4.3351 -2.31824
4.3573 -2.31127
4.37892 -2.30578
4.41587 -2.29705
3.93706 -1.6194
3.96444 -1.69043
3.98694 -1.7503
4.00607 -1.80329
4.02326 -1.84918
4.03827 -1.8906
4.05419 -1.93099
4.06689 -1.96415
4.0799 -1.99677
4.09242 -2.02814
4.14921 -2.05162
3.73502 -1.64487
3.71612 -1.45797
3.72338 -1.43294
3.73722 -1.43137
3.7584 -1.44902
3.78633 -1.48155
3.81968 -1.52497
3.8707 -1.59497
5.47242 -3.01033
5.39362 -3.12516
5.30637 -3.21844
5.22384 -3.27928
5.15447 -3.28983
5.08149 -3.28715
5.05052 -3.38195
3.43893 -1.16924
3.4389 -1.22484
3.44032 -1.27786
3.44249 -1.3377
3.44521 -1.38947
3.37552 -2.10983
3.42248 -1.98907
3.47159 -1.89532
3.52572 -1.82823
3.58562 -1.78556
3.6433 -1.75731
3.70597 -1.74737
3.77234 -1.75311
3.84068 -1.77166
4.09748 -2.78146
4.64287 -3.11449
4.6162 -3.05659
4.58754 -2.99271
4.55868 -2.92624
4.53096 -2.85996
3.96583 -2.26275
3.96153 -2.16599
3.95695 -2.09423
3.95327 -2.03516
3.95269 -1.98881
3.95617 -1.95437
3.96377 -1.93054
3.97501 -1.91582
3.98916 -1.9087
4.00541 -1.90775
5.3878 -1.78392
5.37145 -3.56028
5.31244 -3.62736
5.2149 -3.48566
5.16064 -3.42118
5.21438 -2.81923
5.14165 -2.74601
5.06098 -2.67701
4.97835 -2.61393
4.8982 -2.5576
4.83948 -2.51379
4.78996 -2.48019
5.64304 -2.8706
5.56743 -2.84802
5.49151 -2.8239
5.41094 -2.79659
5.39928 -2.94047
5.38289 -3.05164
5.36136 -3.13097
5.33532 -3.18125
5.27562 -3.16032
5.06999 -2.8706
5.07316 -3.03424
5.0893 -3.14996
5.10532 -3.23772
5.1189 -3.29835
5.11595 -3.34508
5.11752 -3.36218
5.11815 -3.36149
4.61605 -1.75242
4.63308 -1.79782
4.64915 -1.84144
4.66424 -1.89363
4.67794 -1.93424
4.68856 -1.94921
4.69808 -1.97009
5.86064 -3.24695
5.83936 -3.2607
5.81779 -3.26351
5.79665 -3.25718
5.77546 -3.2389
6.03953 -1.90142
6.00455 -2.06647
5.96527 -2.205
5.92135 -2.31991
5.87811 -2.40608
5.7288 -2.09721
5.70275 -2.09052
5.67493 -2.09523
5.24633 -3.02769
5.19509 -2.87362
5.15861 -2.76254
5.11918 -2.66949
5.09735 -2.46701
5.07826 -2.30069
5.0693 -2.15598
5.06676 -2.04278
5.07588 -1.96465
5.08997 -1.88026
3.31281 -2.39549
3.38124 -2.30586
3.45165 -2.23129
3.52607 -2.16338
3.60492 -2.13743
3.68043 -2.11831
3.75988 -2.10679
3.8297 -2.09891
3.89607 -2.09218
3.95668 -2.09062
5.60564 -1.56663
5.54682 -1.59133
3.72983 -2.07426
3.75753 -2.08173
3.78436 -2.08912
3.81273 -2.09692
3.84117 -2.10502
3.8686 -2.1133
3.89431 -2.12162
3.91787 -2.12986
3.9391 -2.13791
3.97097 -2.15183
4.04258 -2.15879
5.19889 -2.1569
5.17442 -2.23606
5.15079 -2.29467
5.12621 -2.34233
5.10886 -2.46425
5.08462 -2.56048
5.0596 -2.63753
5.03342 -2.69688
5.00275 -2.74671
4.97203 -2.79184
3.71459 -1.91724
3.7645 -1.93882
3.79299 -1.9674
3.82352 -1.99708
3.85416 -2.02746
4.44715 -3.58919
4.48256 -3.43795
4.50598 -3.30077
4.51967 -3.17825
4.52407 -3.06424
4.52963 -2.96791
4.52847 -2.88871
4.52687 -2.81904
4.55065 -2.77544
4.57537 -2.7297
4.73378 -2.82584
4.72823 -2.85111
4.72566 -2.86972
4.72341 -2.8876
4.71041 -2.92184
4.71164 -2.93014
4.71615 -2.93203
4.7376 -2.84881
3.52249 -3.61197
3.59899 -3.52317
3.67643 -3.43229
3.75 -3.34493
3.81822 -3.26291
3.8809 -3.1866
Feature: 6.
11.7307 -1.58318
11.7273 -1.44699
11.7312 -1.31862
11.7402 -1.21745
11.7536 -1.13723
11.5479 -1.6306
11.6137 -1.39814
11.6833 -1.20381
11.7486 -1.03612
11.8127 -0.893668
11.8709 -0.717745
11.935 -0.672841
12.0135 -0.573858
14.2119 -0.0277997
14.1242 -0.300153
14.0264 -0.489964
13.9245 -0.635248
12.1003 -2.74188
12.1887 -2.28795
12.2681 -1.95671
11.8742 -0.457898
11.8876 -0.479574
11.9012 -0.49958
11.9122 -0.518473
11.9215 -0.533722
11.9292 -0.547147
11.9701 -0.541865
12.0038 -0.550829
13.335 1.28743
13.3872 0.942972
13.4166 0.681701
13.431 0.462149
13.4337 0.259557
13.412 -0.178747
13.3978 -0.226796
13.3853 -0.266026
13.3737 -0.29895
13.3631 -0.312292
14.4158 -0.796635
13.5479 0.342544
13.5416 0.181655
13.5312 0.048642
13.5158 -0.0397034
13.5003 -0.134316
13.5013 -0.24081
12.3749 -0.62332
12.4066 -0.599718
12.436 -0.580877
12.4567 -0.566986
12.4772 -0.555981
12.5063 -0.511679
12.5356 -0.477759
12.5882 -0.479709
12.6356 -0.481526
12.6674 -0.48279
12.7888 -0.406723
12.7748 -0.211783
12.7675 -0.0628399
12.7684 0.0473479
12.7772 0.125741
12.7928 0.178599
12.8401 0.128248
13.6387 -0.513416
13.6063 -0.73377
13.5696 -0.854677
14.1257 -1.13397
14.0438 -1.01305
13.9551 -0.903159
13.8654 -0.805079
13.7791 -0.718798
13.7144 -0.646524
13.6604 -0.591455
12.5886 -0.0245442
12.6289 -0.306879
12.6555 -0.539047
12.6696 -0.723996
12.6732 -0.866383
12.6106 -0.836095
11.9779 0.095766
12.0486 -0.23036
12.1119 -0.466445
12.1672 -0.659335
12.2136 -0.811705
12.2412 -0.947435
12.2655 -1.03305
12.2853 -1.09201
12.302 0.0803803
12.3168 0.0444756
12.3308 0.0091067
12.3459 -0.0430826
12.3584 -0.0784169
12.3625 -0.0669296
12.3677 -0.0702792
12.3737 -0.0798494
12.3856 -0.0840936
12.3992 -0.0957508
12.6166 -0.466942
12.6141 -0.526814
12.6094 -0.571588
12.6028 -0.602214
12.5942 -0.616495
12.5849 -0.625281
12.574 -0.546619
13.0006 -0.661283
12.9704 -0.629572
12.9428 -0.600237
12.9139 -0.569328
13.1749 -0.142011
13.1532 -0.151176
13.1292 -0.161135
13.1076 -0.169976
12.9868 0.0216786
12.9809 -0.251712
12.9654 -0.484356
12.941 -0.680938
12.914 -0.837919
12.8813 -0.964882
12.8418 -0.97364
12.8495 -0.257605
12.8185 -0.232123
12.7883 -0.227481
13.1477 -0.388098
13.1367 -0.557257
13.1205 -0.691673
13.0991 -0.793904
13.1403 -0.816952
11.1151 -1.51465
11.1169 -1.28829
11.735 -0.733668
11.7986 -0.623122
11.8602 -0.530667
11.9271 -0.455574
11.9856 -0.392568
12.044 -0.348214
12.0984 -0.317832
12.1557 -0.322563
12.2227 -0.320516
12.2876 -0.32042
12.2708 -1.34293
12.2859 -1.10311
12.301 -0.938283
12.3215 -0.787322
13.38 0.724373
13.3851 0.244664
13.3702 -0.107494
13.337 -0.430752
13.2964 -0.651343
13.2662 -0.555992
13.1947 -0.488951
11.8892 -1.07479
11.876 -1.05799
11.8638 -1.03756
11.8527 -1.01517
11.845 -1.0019
13.0603 0.92098
13.055 0.635013
13.0338 0.398907
13.0074 0.205476
12.9715 0.0667543
12.9636 -0.108157
12.9002 -0.103638
12.9857 1.12998
13.0337 0.856081
13.0639 0.626918
13.0843 0.433747
13.0962 0.273081
13.101 0.124962
13.1189 -0.0610495
13.6407 1.89692
13.7302 1.45128
13.7837 1.09523
13.8221 0.789775
13.8483 0.531212
13.8765 0.272372
Feature: 7.
14.0793 -1.43994
14.0626 -1.48929
14.0479 -1.52965
14.0345 -1.56355
14.0237 -1.57701
14.3425 -0.766553
14.3249 -0.935423
14.3047 -1.07526
14.2827 -1.16814
14.2595 -1.26794
14.2511 -1.38066
12.7898 -1.92959
12.8232 -1.90544
12.8541 -1.88616
12.8759 -1.87191
12.8972 -1.86062
12.9321 -1.81446
12.9663 -1.77892
13.0189 -1.78087
13.0663 -1.78268
13.0981 -1.78395
13.528 -0.962992
13.5462 -1.2447
14.4041 -2.89636
14.3317 -2.77391
14.251 -2.66268
14.1683 -2.56342
14.0879 -2.47611
14.0289 -2.40284
13.9791 -2.347
13.0708 -1.88377
13.0441 -1.8577
13.016 -1.85275
13.2121 -1.99315
13.1807 -2.163
13.1466 -2.29781
13.1096 -2.40021
13.1448 -2.42329
12.1105 -2.11512
12.1884 -2.00062
12.2624 -1.90462
12.3399 -1.82636
12.4076 -1.76054
12.4723 -1.71422
12.5316 -1.68231
12.5901 -1.68667
12.6571 -1.68462
12.7219 -1.68453
12.7556 -2.39027
12.7951 -2.13882
12.8288 -1.96461
12.8672 -1.80427
14.0347 -0.28723
13.9973 -0.793196
13.9491 -1.16429
13.8833 -1.50483
13.8172 -1.73799
13.787 -1.64264
13.7285 -1.56928
14.4326 1.23018
14.5054 0.765233
14.5441 0.392783
14.5693 0.0733719
14.584 -0.197086
14.5985 -0.469498
Feature: 8.
21.8386 -0.837664
21.7523 -0.724506
21.6876 -0.626665
21.6335 -0.552309
20.3178 0.154554
20.3319 -0.0840981
20.2682 -0.0440445
20.1237 -0.56855
20.1512 -0.729851
20.1732 -0.854541
20.3064 -0.180777
20.3189 -0.210635
20.3235 -0.171719
20.3289 -0.156871
20.3351 -0.149263
20.3471 -0.134703
20.3608 -0.129896
20.3758 -0.0923984
20.388 -0.126185
20.3991 -0.15783
20.5114 -0.544945
20.5082 -0.658629
20.5024 -0.752237
20.4947 -0.825763
20.485 -0.877763
20.4745 -0.919739
20.4651 -0.798029
20.4566 -0.702229
20.4582 -0.677221
20.4601 -0.643236
21.0733 1.71934
21.0928 1.31991
21.0978 0.97788
21.0899 0.686449
21.0762 0.447288
21.0544 0.249176
21.0149 0.240417
19.4987 -0.655464
19.5404 -0.702255
19.5812 -0.726904
19.6545 -0.706175
Feature: 9.
20.8421 -1.11739
20.8402 -1.36254
20.7782 -1.32184
20.4327 -1.79577
20.4473 -2.03429
20.4608 -2.19863
20.4706 -2.32585
20.2429 -1.70913
20.2565 -1.73903
20.2663 -1.70032
20.2752 -1.6856
20.2847 -1.6781
20.3003 -1.66366
20.3172 -1.65895
20.338 -1.6216
20.3501 -1.65539
20.3612 -1.68703
20.3364 -2.05448
20.3229 -2.16694
20.3078 -2.25937
20.2919 -2.33182
20.275 -2.38283
20.2582 -2.42391
20.257 -2.30336
20.2552 -2.20847
20.2568 -2.18347
20.2594 -2.14958
19.4103 -2.10521
19.4467 -2.15166
19.4834 -2.17604
19.5567 -2.15531
