-0.598 5.717
-0.576624277457 5.63199421965
-0.593521645949 5.57513330476
-0.639562174613 5.63394232165
-0.622604095287 5.64489631073
-0.670478680903 5.59178856766
-0.675733799399 5.68714191137
-0.734318749567 5.76907601309
-0.721548161669 5.57986659969
-0.705469482348 5.56397194983
-0.7507159634 5.65229537104
-0.764568556137 5.70975010342
-0.78656598326 5.5790726017
-0.78656598326 5.5790726017
-0.699906208567 5.44085799909
-0.699906208567 5.44085799909
-0.699906167036 5.44085799909
-0.779102519447 5.58284409736
-0.779102480176 5.58284409736
-0.850835904013 5.5382110496
-0.850835886266 5.53821106269
-0.968049331825 5.6305282961
-0.968049312753 5.6305282961
-1.0080308544 5.49635885146
-1.00803081637 5.49635887047
-1.008030838 5.49635887047
-1.02583482123 5.36475617911
-1.02583484117 5.36475617911
-1.05558423372 5.37371319493
-1.05558423372 5.37371319493
-1.0594173012 5.32848015565
-1.02742195 5.23121089441
-1.04253816758 5.48616380047
-1.03345088012 5.32497357135
-1.06577497447 5.34505467873
-1.05629115394 5.24549741237
-1.10291328291 5.28093131197
-1.10483291073 5.21268785405
-1.0881672737 5.22828111489
-1.11563854377 5.29338384941
-1.09870075936 5.30927837518
-1.08061665717 5.32624827557
-1.09237080402 5.3158563703
-1.07676570627 5.33049967462
-1.08656426131 5.47019142825
-1.07254568023 5.48334574409
-1.08531411179 5.59847003316
-1.0725289246 5.61046676462
-1.05240091939 5.62274558037
-1.03184499719 5.45322881396
-1.01487478433 5.4635739321
-1.04319148634 5.41245942153
-1.02792891616 5.42171093407
-1.07280035412 5.33218438828
-1.05887127001 5.34061542104
-1.03573174084 5.34967007415
-1.03349758663 5.19041532898
-1.0141509451 5.19798128551
-1.04624998448 5.31657175517
-1.02907345605 5.32328537645
-1.02365835486 5.47631098737
-1.0080617049 5.48240386547
-1.03285630577 5.49327780032
-1.05357863813 5.51618130288
-1.07044725262 5.40333410784
-1.06484091947 5.16997655983
-1.0828470756 5.26535100657
-1.09995637435 5.29085049557
-1.10475939275 5.28206494477
-1.1178097766 5.30909944043
-1.15947497398 5.44682003836
-1.16880374545 5.47351066954
-1.15828408687 5.53660673506
-1.16374176832 5.5625866866
-1.16528200667 5.5910267566
-1.26241848134 5.63882240741
-1.26096147837 5.66319098783
-1.33404860938 5.76129209903
-1.32941877182 5.78372983216
-1.37047535898 5.72892736008
-1.36402268027 5.74976270891
-1.35733442131 5.77148212089
-1.34804781364 5.79380793667
-1.30729213409 5.68228968118
-1.29506822866 5.81012098112
-1.36221046412 5.85350481092
-1.34775667264 5.90117235844
-1.36678364541 5.88539595076
-1.38010755385 5.86109430482
-1.33800558627 5.78305566425
-1.35153549834 5.75868213137
-1.31090129325 5.77487672383
-1.29349292569 5.74444646633
-1.288645198 5.88893286546
-1.27482504487 5.85999158018
-1.24935968463 5.90116060851
-1.23923911761 5.87380986697
-1.23107475514 5.84469506684
-1.19642633404 5.79884837686
-1.1916262074 5.77396154062
-1.16817350774 5.52222816744
-1.16595585676 5.49977496691
-1.15443927347 5.49396411268
-1.15390917125 5.47328731365
-1.15465465722 5.45146457375
-1.10796402586 5.57873113094
-1.13710242183 5.58225477248
-1.13088786116 5.60206774258
-1.09930557571 5.4943434367
-1.06961181493 5.39502144983
-1.06202418055 5.32554926106
-1.11690603768 5.48717554547
-1.11743688256 5.53455895733
-1.14461776696 5.549013514
-1.16956308677 5.7785873336
-1.27397907663 5.99898145327
-1.37555494712 6.19219235561
-1.37212596717 6.30669417123
-1.37124472178 6.44239652488
-1.35331087057 6.37041547094
-1.35562166783 6.42189485288
-1.32245759162 6.39570843353
-1.43630393626 6.54247359304
-1.50966788652 6.71523684581
-1.58725590467 6.86672140596
-1.55473131727 6.83085649778
-1.55800910318 6.97136720603
-1.52122871249 6.83618049881
-1.5303155603 6.82153393679
-1.54451191344 6.8581215765
-1.59863834104 6.9996412311
-1.62355374088 6.95596348589
-1.68253167882 7.08617928446
-1.71639104878 7.13745116864
-1.75380044149 7.02817681109
-1.78623642233 6.98786640726
-1.77505947007 7.0105862584
-1.73880579484 6.972866802
-1.70181018293 6.89833031019
-1.67615994645 6.8947196825
-1.67887974173 6.91438971037
-1.65201126202 6.86060260612
-1.65472182899 6.88064777983
-1.70755073178 7.10027715036
-1.64696625491 7.09431374206
-1.59854113432 6.91686761172
-1.55314912485 6.90975496453
-1.51459734029 6.90113683893
-1.49619734561 7.02071833235
-1.47012670106 7.01234133641
-1.50303984766 7.05026429036
-1.4857923729 7.04220620041
-1.36318425985 7.01178275415
-1.35301551568 7.00307162467
-1.34757247576 6.99329106397
-1.39728420483 6.89040381497
-1.39775726093 6.88178881104
-1.47206004097 6.87654814553
-1.47826239288 6.88172348225
-1.52825792385 6.90648941266
-1.56243387758 6.86083483513
-1.54670359906 7.01218023838
-1.53567914358 7.08648725426
-1.54562892068 7.10032862501
-1.53172450198 7.04427574485
-1.46910990331 6.95070325671
-1.43969266072 7.07879250184
-1.40445343272 7.00410275018
-1.37225845798 6.89935009764
-1.36335598352 6.89883524852
-1.35010489123 7.0929848541
-1.28694138628 7.03367259983
-1.28028679991 7.13600212388
-1.31190152049 7.20690329392
-1.25203673667 7.07467228062
-1.26723921181 7.11216258774
-1.26374616006 7.19193497478
-1.27106175953 7.19079027669
-1.27277407878 7.29344024076
-1.28022193371 7.29224590949
-1.31247069973 7.32643528085
-1.3953193417 7.32945943431
-1.3820345525 7.25108479274
-1.45362771184 7.25501653559
-1.39995348009 7.24013228929
-1.46145975021 7.24494974623
-1.52128245541 7.25097129676
-1.46137660701 7.16416662044
-1.5076102352 7.17023623099
-1.48184869849 7.12580715789
-1.51921040168 7.13209322378
-1.52331537565 7.18048657081
-1.55471673079 7.18678667748
-1.58486032252 7.19398133592
-1.56634118854 7.15534456513
-1.53800050025 7.21569314074
-1.53126558984 7.26984329569
-1.54330897519 7.22188999952
-1.50756720683 7.11987039141
-1.47432002285 7.03862244677
-1.44241546206 6.96578613299
-1.40488835918 6.93812561223
-1.4579620706 7.09662637635
-1.50880701639 7.12911048795
-1.48901418692 7.1395807249
-1.48629760762 7.07635120112
-1.46626167381 7.08649073751
-1.46396620854 7.11939592787
-1.44491578574 7.12860973991
-1.42480066682 7.13812728686
-1.40469755382 7.14720974285
-1.38524377593 7.15571809961
-1.36698740335 7.16330466265
-1.35020218794 7.16990009831
-1.40990730245 7.36621345537
-1.39835873418 7.37032384675
-1.39709770565 7.41323618925
-1.34104858979 7.23832988631
-1.35651737727 7.37095609479
-1.41557351529 7.39917411447
-1.38634135377 7.43146694613
-1.32466572164 7.51830790582
-1.26570348303 7.45213672758
-1.20230296519 7.5244776104
-1.15995533332 7.43718895293
-1.12125412048 7.54854615252
-1.0489730056 7.454327706
-1.01678012335 7.47747244282
-1.01571622813 7.52948607908
-0.974142997302 7.34832892055
-0.925431660439 7.37741148133
-0.895554671632 7.38485817074
-0.886717206357 7.43567977974
-0.859465140252 7.39199401229
-0.858216338925 7.55813558082
-0.798951063262 7.47596462497
-0.829179297309 7.60888447807
-0.79666958508 7.69481871767
-0.910452133676 7.72646928845
-0.912178569024 7.69229613024
-0.862379068939 7.83485193056
-0.771191502236 7.66657791612
-0.738138196466 7.58725932736
-0.642152893813 7.49316821632
-0.63288376567 7.43152046564
-0.619094688577 7.33735880727
-0.595793161939 7.30483643848
-0.559875752645 7.33810315044
-0.557165245052 7.41533327104
-0.54357028081 7.42928466953
-0.490152930492 7.56481949337
-0.417397082703 7.52001563789
-0.383477770191 7.41356317644
-0.368987906709 7.35532075597
-0.363545537881 7.48976520597
-0.367137832732 7.49630569683
-0.334369183059 7.38437174992
-0.399604737568 7.35346682192
-0.442894002401 7.35090261188
-0.438827783465 7.31147942565
-0.436400391257 7.38482570617
-0.483797204693 7.40809953765
-0.527574785761 7.3637603389
-0.584109796642 7.34814933525
-0.607271056951 7.24760419129
-0.675504839167 7.09533632868
-0.792033425591 7.06227972025
-0.780905479106 6.85444733586
-0.754413194081 6.56201077476
-0.696715782337 6.2799580894
0.0467198412343 5.77585123116
0.885132764971 5.26934183543
1.59186805961 4.87724613375
2.11469848577 4.77316280832
2.53923786223 4.73718135916
2.88258465923 4.76873395135
3.11912606317 4.83471725245
3.20450388104 5.00903770582
3.25330854047 5.10195456694
3.31513347053 5.06683984413
3.47237083961 5.07471095208
3.55200924916 4.97563502112
3.55394035559 4.8452414828
3.53616867058 4.72008722933
3.44269156554 4.65116714046
3.37852022427 4.5981646796
3.34924532323 4.52814304222
3.36245921369 4.56645989126
3.32212439036 4.52175318453
3.40047859864 4.61096472388
3.4752250846 4.75793254391
3.43198179437 4.73552111271
3.48497984193 4.73834535991
3.50664029637 4.78660333141
3.40520124855 4.57679242797
3.32063049735 4.48201698518
3.35103032819 4.60141475288
3.30000512246 4.58157461205
3.35569842991 4.66597158206
3.2872027348 4.62301773236
3.34284265604 4.65569515419
3.30726705519 4.63037613697
3.27319773755 4.6000103362
3.2188854306 4.53408273882
3.20842280164 4.57781900344
3.14783609936 4.45088779191
3.21276038065 4.51466828233
3.20713732305 4.46105799485
3.15493383595 4.45604092435
3.11074185661 4.44625871974
3.07626906827 4.43221006839
3.05180582159 4.41467612213
3.03671576161 4.39451648907
3.03054804186 4.37213652484
3.03151692556 4.34846983285
3.03798539178 4.3242508894
3.07952598483 4.55549231518
3.13372880127 4.62512078154
3.06321126799 4.53341352474
3.01242631352 4.44969402434
3.02641252772 4.46729402979
3.08587912055 4.5169290845
3.09038303291 4.44423354267
3.07707345009 4.32182079893
3.15762494584 4.37431101318
3.19841553301 4.37573065404
3.14622378814 4.37000601186
3.20491607409 4.46853483928
3.22909155553 4.38828605226
3.27267065407 4.40024782993
3.14885308054 4.36142653389
3.17871430149 4.41144266096
3.24346332804 4.52142941066
3.21318366005 4.44608977596
3.2026766115 4.42303925272
3.14241131079 4.34008054059
3.14667549557 4.31031383666
3.16168194209 4.37084692247
3.17622329896 4.33717684555
3.23622442803 4.34339003342
3.2606478367 4.30695816809
3.2955622368 4.26285796959
3.28187927984 4.22546957299
3.31878138684 4.18291487264
3.2104464663 4.04354083058
3.25029589966 3.99992727475
3.33066257126 4.11820579165
3.36451216098 4.07591297476
3.40964101947 4.0206988365
3.51212710599 3.99969686236
3.57244676966 3.95137484708
3.59656685371 3.96236096005
3.65374483627 3.91515382209
3.63611254831 3.95719718972
3.59517329515 4.01946742433
3.6222214695 4.0082156893
3.70042998022 4.01746537826
3.78755130445 4.10652604432
3.76502641602 4.11673167643
3.73161291546 4.14248382025
3.70611749348 4.06928941466
3.66744121462 4.10522846496
3.59534771452 4.17003212259
3.51712452672 4.24534038086
3.43653971321 4.32693032217
3.35609256627 4.41163709836
3.32821486665 4.45915945109
3.27162083754 4.36440308948
3.28693005557 4.40345609784
3.25203850362 4.38974107105
3.27665245514 4.40561171653
3.22186582033 4.36165144692
3.24597021758 4.37609713477
3.30577784242 4.34801183169
3.36496077249 4.46844090484
3.39756547553 4.39098529622
3.45342659377 4.4428033568
3.47876912938 4.37162702096
3.46355432433 4.36494857397
3.56034073228 4.45507915765
3.54537041488 4.45080851452
3.48296482931 4.34052187913
3.50432960726 4.38001261813
3.48695645511 4.28434808182
3.68020935247 4.34914254345
3.55661244465 4.33536088525
3.75916116359 4.48396400776
3.83625584584 4.43211959462
3.93264240137 4.48709760528
3.93437469859 4.50656714277
4.01700790827 4.41468974691
4.09574247947 4.55742349735
4.02908156798 4.47042850951
4.02027466069 4.4815769654
4.07633195383 4.57489502063
4.06461456929 4.5577069499
4.08582662881 4.55322786137
3.96399204243 4.39106098381
3.99790277565 4.37846493316
4.10309789479 4.50819324589
4.12248880679 4.4905329068
4.19217833909 4.62709537214
4.26501223482 4.71274742685
4.17293367027 4.72626538516
4.07480799314 4.6091887813
4.08764338927 4.58468017944
4.19123565352 4.65815081107
4.20553301938 4.66539231153
4.14079573284 4.7171729989
4.166008142 4.68413182541
4.17863575008 4.67612609133
4.19140115021 4.66757167223
4.13244291967 4.536387228
4.1428651005 4.52890003417
4.23110117094 4.54158921303
4.23969485862 4.53492148407
4.20198624436 4.44141177205
4.20904013535 4.43547623883
4.2502774986 4.43283759345
4.49483843696 4.75195409673
4.52922579144 4.74916336379
4.58449412406 4.71697221807
4.61492928655 4.71475274255
4.31397563715 4.51392033108
4.38275966871 4.47862189354
4.51841518952 4.57493312051
4.59443242524 4.52960207458
4.67780023899 4.58240340266
4.65320270219 4.50882805749
4.73829760599 4.58180963497
4.67743298436 4.51349579984
4.62472417081 4.40017181939
4.61928508801 4.38109689299
4.6845059481 4.49853316042
4.78208052444 4.48342419946
4.79546177816 4.43862560254
4.79225877075 4.37378221462
4.76749749864 4.3345640482
4.8185873234 4.422651206
4.79616929677 4.39454585605
4.80547273275 4.46507659214
4.8508951994 4.63028886308
4.88296580528 4.57256439836
4.81586991193 4.54205133148
4.80715371306 4.60298971934
4.84023506685 4.62693333194
4.7919774102 4.60901795804
4.7987679606 4.59814093278
4.80105505571 4.59261849845
4.94584647929 4.64741731704
4.94380283834 4.646923158
4.82879347515 4.58603763557
4.82226569755 4.5917556455
4.84401160141 4.55490439178
4.85644231456 4.5306842647
4.86078682144 4.51760946718
4.85789454232 4.51469063135
4.85532816514 4.52394451093
4.81865958779 4.36559669651
4.9052656631 4.45540433038
5.04193618864 4.50650734453
5.32791342529 4.66215329519
5.35256923127 4.52400916477
5.70173666505 4.25521048563
6.01905056649 4.04940815921
6.20752542114 3.8088942686
7.09458434846 3.26054853615
7.67587503375 2.91102677719
8.2012720467 2.76816814687
8.55015989581 2.70315920903
8.70661845603 2.64897368388
8.84402409698 2.63699304122
9.03588762948 2.72389109098
9.01165042716 2.77461205675
8.93884871048 2.86539144699
8.85599814834 3.01809604364
8.8995413106 3.14440434006
8.83001203741 3.29548349213
8.68714324364 3.36171190388
8.69241577316 3.34964740633
8.69801429941 3.33634262169
8.70386820286 3.32352632233
8.58091112011 3.56368163124
8.58554830534 3.55306990376
8.53177462463 3.73964266394
8.5356910139 3.73025977882
8.52079144892 3.70918180412
8.43312469476 3.69058571461
8.42017095339 3.67473083957
8.28478305044 3.78657715547
8.27296129264 3.77394533366
8.21172412887 3.88552097447
8.20069690049 3.87519773376
8.1891701216 3.86466556579
8.20418837583 4.00549948478
8.3321943382 4.09068240415
8.2057816131 4.11536652059
8.10356204146 4.15784508605
8.03771320244 4.17435427383
7.98109200833 4.19167762306
7.92311804264 4.20918526324
7.86620186605 4.22621504832
7.71142037896 4.38169734907
7.63767626157 4.39612090735
7.44598180565 4.31564334099
7.43595533411 4.29221129753
7.30488972042 4.33021753964
7.29295204537 4.31629853093
7.27735255845 4.30795772228
7.09132692007 4.30157861436
7.07635901966 4.29923904079
6.97763561422 4.36814552206
6.98016279343 4.3729533282
8.04858670318 5.0189386787
8.05103616949 5.02337649344
7.66235198399 4.95116609625
7.54260835997 4.81619222033
7.31413537328 4.6697727532
7.20208725305 4.64361872689
7.24976771503 4.677540838
7.16301049294 4.65777340413
7.09474789358 4.57042864381
7.03240036169 4.56626022882
7.08032908433 4.53238397594
7.28910787018 4.65746562765
7.26220524239 4.6535666918
7.18123867307 4.59073474928
7.08622131828 4.53326729032
7.12864089219 4.49358156282
7.17218809064 4.45584951461
7.21377922033 4.42345567358
7.25213129873 4.39690932769
7.28282246257 4.40508526417
7.31144549191 4.41152495922
7.38560446749 4.57988220641
7.40573051599 4.58369965666
7.42570516356 4.58676311549
7.45279286757 4.57682289608
7.48042740284 4.56387374921
7.53308353547 4.56289244535
7.5805001583 4.56194693915
7.66727062101 4.51753258704
7.69912505705 4.51685483615
7.73036371684 4.51612787175
7.78873359177 4.55991209336
7.8215217444 4.49963995347
7.88332524712 4.49372114546
7.91076437127 4.44334784678
7.83871227068 4.52258107777
7.86276546449 4.47887469339
7.97233878708 4.48012355663
7.99360523687 4.44153939767
7.97551182541 4.45236659834
7.99453388666 4.41807639344
8.01389628386 4.38338566057
7.93081060117 4.16876652106
7.94652949915 4.14060466289
7.96236855895 4.11246512903
7.97769473395 4.08550429663
8.02984189959 4.05211124973
8.07825623856 4.01973083888
8.31634805274 4.18006795439
8.24045855363 4.24551682256
8.25731602747 4.33737189983
8.37008899062 4.39582894056
8.28829500052 4.43168402371
8.26755922571 4.38738051729
8.25583051898 4.32855451558
8.25285833222 4.25784877957
8.25748728038 4.17834501287
8.26814063426 4.09307459871
8.30898945883 4.01093358102
8.34632868472 3.93398107449
8.49063372894 3.89425305224
8.73347787433 3.95537621313
8.72425578624 3.96344167202
8.70954132468 3.99091102247
8.63286562534 3.92457287313
8.68112506966 3.90889986144
8.66191650439 3.94919869194
8.63666107835 4.00724689939
8.60720817555 4.07741099787
8.64956394525 4.09499084638
8.68218136355 4.13452798379
8.57059611086 4.18832317782
8.59875705727 4.22181577996
8.63878243027 4.25091081235
8.74240957328 4.20605131664
8.83721262937 4.22563825815
8.86174422851 4.12610801422
8.82953131828 4.18689846018
8.82619312858 4.11850173711
8.83390028898 4.0854031196
8.83213990135 4.02131990249
8.83137613256 3.95191452641
8.75053835468 4.1323513753
8.75042541647 4.07230152518
8.73911085402 4.0555078955
8.73968012251 4.00051919821
8.86036755446 3.98226457586
8.72663639703 3.81829185128
8.71863465742 3.84752069641
8.72277058975 3.86050872457
8.73887295562 3.85569123581
8.76538087568 3.83370059139
8.76394827898 3.7953610147
8.79196499315 3.76570742679
8.8270968761 3.72299909881
8.86726983408 3.6691613739
8.91034964277 3.60660123901
8.95441388915 3.53780177906
9.05630069565 3.57999632167
9.02503728548 3.56424266206
8.89430963509 3.46316066366
9.04313714927 3.5918909853
9.06323372744 3.52910225796
9.06243992545 3.54287666492
9.0405927651 3.54877497205
9.03788698826 3.58347965454
9.06783259698 3.60355033334
9.07983663251 3.69721470764
9.06128922251 3.75820459059
9.04158973711 3.82539098555
9.02203630363 3.89516784499
9.00359784846 3.96460814275
8.98689818399 4.0315521436
9.14930986764 4.21355585948
9.07524586819 4.28125025634
9.03023317581 4.38153305025
9.05314438139 4.42516361228
9.01929452268 4.46474219275
8.87575808676 4.38837629704
8.84956717955 4.41676435883
8.82754858152 4.43835201111
8.81079265126 4.45189134299
8.79948323543 4.45726412605
8.79320096696 4.45508526993
8.79119543978 4.44637273841
8.79259083011 4.43230628915
8.7965206435 4.41407071726
8.84756314779 4.36863556856
8.86552232495 4.43219376963
8.78438303113 4.38730981666
8.76719920909 4.37586764144
8.70780840883 4.3864829957
8.6918302526 4.38702707832
8.59476200763 4.51601746983
8.49021920003 4.8898614989
8.37785158424 5.00635794235
8.69406901206 4.89734731299
8.48552533546 4.75026527684
8.61114413051 4.64078251456
8.57144820096 4.71511927073
8.5291421605 4.79742065366
10.5023416949 3.68317853576
11.8331055804 3.21887188012
12.7373050946 3.03949044651
13.2073980483 2.82334601878
13.6720966291 2.78273169607
14.0128186851 2.80566163248
14.0695989397 2.85810752313
14.1030003484 3.0259846669
13.9314350154 3.19232216104
13.8553104864 3.25520813123
13.774155026 3.31972927832
13.6928660769 3.38237254851
13.6150617576 3.440854458
13.4987635388 3.80287172256
13.440010816 3.84543705413
13.3492622688 4.02865654329
13.3001968567 4.06273991968
13.25120321 4.09596926486
13.2315450214 4.27315529291
13.2442114372 4.38828573761
13.1997462108 4.42846338738
13.2228892838 4.45097438072
13.1404091433 4.51354552419
13.0720868145 4.55303863507
12.7859406927 4.46103206228
12.7176882573 4.50209416803
12.6456359809 4.54733476654
12.5601517778 4.53287913441
12.5936429409 4.4842161673
12.6221874358 4.45657053698
12.6447350515 4.45068798786
12.6611742519 4.46500719983
12.6007820794 4.489852852
12.6195786082 4.51890315765
12.6522058496 4.55772481068
12.5663800719 4.59353705877
12.5883123358 4.6146609931
12.4982878994 4.62914922489
12.4427413842 4.56511843652
12.5672802508 4.66135918665
12.3344033625 4.5608859879
12.3515379075 4.53702220572
12.3466527685 4.56898246698
12.2830337289 4.45129946062
12.1788000492 4.45094900968
12.1625041108 4.50663877141
12.2408666942 4.63265767312
12.1983493404 4.61680996386
12.1732651571 4.66846523216
12.2908516563 4.74263584146
12.3557026579 4.68752584677
12.4208232786 4.65057245745
12.4828290447 4.63187738884
12.5390422088 4.63200323565
12.5600149418 4.68942282414
12.599979767 4.70338643906
12.636022851 4.73282266438
12.6674334897 4.77420297387
12.6937025169 4.82511826863
12.676974664 4.8436753915
12.8076124373 4.89514467808
12.8197507037 4.84331485438
12.5773206162 4.74900318289
12.5888132302 4.6997238967
12.6010438578 4.64679418479
12.7328038426 4.6632492522
12.7427883793 4.61880732752
12.665154257 4.63203680645
12.6673156961 4.60076392894
12.7744355701 4.6331772707
12.777586919 4.60131871326
12.7811720784 4.56476591894
12.6954766782 4.45807223286
12.7049835103 4.42391115335
12.7159211553 4.38582072188
12.7277488175 4.34540482899
12.73746696 4.31084168842
12.7462808302 4.27848984969
12.7541116911 4.24873706244
12.8153070103 4.2687043244
12.8532352139 4.33982283562
12.8807768943 4.3391361992
12.8116835302 4.23677795396
12.9002978945 4.25572278183
12.9029609121 4.2817232276
12.7376307797 4.28541389088
12.7382777674 4.31868495688
12.6463859649 4.31776102785
12.6450696963 4.35578981045
12.6417077495 4.40195198169
12.5040012095 4.33441934702
12.4993560026 4.37884796761
12.535907571 4.21840723706
12.5223433508 4.22907855116
12.5107219518 4.23406545259
12.5135890399 4.25895578291
12.5164837774 4.28291003752
12.5192614593 4.30427535844
12.6886146149 4.53524557555
12.5954974414 4.57658160447
12.5670592136 4.60987498525
12.7965011164 4.81906748584
12.7704778104 4.84985217673
12.7433581837 4.88227083217
12.780809333 4.8899457128
12.7581852305 4.91731626626
12.8775193839 5.06332298783
12.8148739588 5.13124855592
12.8460751529 5.12863279419
12.8048690306 5.1206702292
12.7613715817 5.13045122043
13.0319703769 5.14948440928
12.9765397039 5.17738206577
12.9543526364 5.16940253602
12.9298959012 5.16075047469
12.8412578147 5.18869774409
12.8191763713 5.1810373301
12.955923062 5.11713110148
12.9357388564 5.11026677028
12.9164977997 5.21880325762
13.0417755883 5.38329542981
13.0685141591 5.64311469735
13.0895670897 5.63444545002
13.0858352629 5.53869964958
13.0534342441 5.58568302533
13.210493692 5.54152936423
13.1377673988 5.5720023768
13.1381339556 5.57484359598
13.1374695603 5.58065142064
13.1357406145 5.58930185375
13.168195396 5.69723284778
13.1148963076 5.62955275601
13.1257656615 5.66262711062
13.1269497031 5.64871421037
13.0791102968 5.71525701689
13.1548410051 5.76342223503
13.1888680571 5.82431687694
13.1132523833 5.7492234189
13.02628963 5.70296989795
12.9983465952 5.66980618692
12.9541832263 5.58912935196
12.9784440432 5.55729756087
13.0093860882 5.60648372432
13.0024510081 5.53536566653
13.1605312783 5.58179846545
13.148555797 5.52415525501
13.1304253411 5.47872295672
13.2191792821 5.58174928947
13.199699521 5.55506751724
13.175015207 5.54026847064
13.1356073064 5.53103713389
13.0980367338 5.52271139511
12.9967346952 5.46659889905
12.9652442365 5.45786853381
12.9347760843 5.44541907157
12.9057208431 5.43123597075
13.0669237087 5.46776586325
12.8989681946 5.37055080626
12.8114894274 5.35384282205
12.9682494311 5.52105531696
12.8009254318 5.50093866429
12.970464797 5.57003518865
12.9999667618 5.56232750996
12.8666753253 5.50111312757
12.9127342846 5.46526744389
13.121835813 5.51408494073
13.1168783779 5.51202502622
13.0044621991 5.53008693766
12.9949339483 5.54145351225
12.9798390248 5.56627936724
12.9443828727 5.52707407252
13.0580049222 5.53072919372
13.1025278951 5.6877288916
13.1535579926 5.75575177777
13.1769011779 5.82336722538
13.3154769983 5.81831528292
13.3585743946 5.84578954144
13.199947257 5.79218962033
13.2412949375 5.82409996186
13.3135732848 5.84825311218
13.3867139861 5.87308804575
13.2208535938 5.85212192098
13.1960179392 5.80172869403
13.0755131596 5.7079521502
13.3150926267 5.78085572409
13.1781847681 5.70808257013
13.1365225744 5.64569086756
12.7429138858 5.21889262455
12.3253042925 4.83551396415
10.9819667801 3.92395773355
9.90964783174 3.26819069359
9.32479718911 2.88895588114
8.78357389739 2.60447167095
8.29355731868 2.49362845322
7.81601132078 2.3976113306
7.66526663716 2.43911873836
7.39180229593 2.50318184259
7.25192553476 2.62396071011
7.2050380918 2.59838280515
7.15335996618 2.5701948862
7.06055058116 2.64514601182
6.96173858169 2.71560338107
6.42025288004 3.06957181102
6.34527227415 3.10993326966
6.27404413944 3.14287619569
6.19300132362 3.22554480549
6.12741803955 3.28949603402
6.07676221835 3.33589831244
6.04058876318 3.36533052547
5.42675686884 3.57782200776
5.40693694309 3.58353140584
5.08419838427 3.62274956825
5.04900884326 3.5915630059
5.02215250625 3.5500903883
4.86279080563 3.62565681671
4.81066755944 3.78635527084
4.76937307192 3.76968382403
4.74645655358 3.77647428038
4.69521099463 3.82248721868
4.71036436765 3.83148630613
4.59767603817 3.71913707491
4.6225736501 3.7197182947
4.55284159057 3.73707411405
4.58340255777 3.73013947089
4.41401059202 3.63603800617
4.46689346727 3.6129878567
4.39200868646 3.61772656655
4.44384385447 3.59161671878
4.50091359609 3.55971086614
4.49764683008 3.6459916993
4.54722678594 3.61516116295
4.64412182307 3.73054391813
4.69622909272 3.70559858835
4.70199883968 3.73376421088
4.75032789266 3.70830745939
4.80159097959 3.67901827645
4.86688602394 3.66378044849
4.92958868501 3.64721337705
4.98820642196 3.62973934819
4.92214388691 3.47603067781
5.37801093467 3.90459056485
5.13893077921 3.71876301853
5.11321082147 3.67655992761
5.09337631246 3.62247237156
5.07896731976 3.55961107386
5.07026037598 3.48957273379
4.87954799924 3.36699255185
4.80056802669 3.34722891963
4.64843629019 3.24336004767
4.67773488775 3.20142596801
4.70824739897 3.15525019012
4.73809609255 3.10694256027
4.64778540917 3.09812216026
4.69611020904 3.09237395739
4.74749673421 3.08251248069
4.75291877033 3.07949478699
4.79657710837 3.06722688193
4.84221547383 3.15676373536
4.88125891 3.14345325748
4.94656465325 3.21228436071
4.98249119512 3.1980275415
4.97729880257 3.18479306298
4.88909796815 3.12806977338
4.83708997278 3.14482383567
4.8063535559 3.1368982553
4.81916274979 3.21923095449
4.8837265401 3.31362473447
5.13627243317 3.62605362032
5.0197139753 3.52457960589
5.00516992177 3.54915618541
5.01808852251 3.56220584934
5.00183620023 3.53848175164
5.10941272828 3.61466638978
5.05308980686 3.49436798108
5.09357880441 3.50221822685
5.06504252746 3.43338189971
5.07550085452 3.50910216147
5.30607027122 3.61266080854
5.31124258443 3.68765822162
5.04008976082 3.55576148566
5.03898716366 3.64614278667
5.07476033035 3.68781351397
5.06981663247 3.78497718909
5.11844340317 3.81106346746
5.11054817864 3.91077335795
5.01370788051 3.83973639788
5.18236700919 4.00146881582
5.10247919276 3.93955893609
5.07533971226 3.89517894445
5.11377625372 3.95617289224
5.03757148696 3.97473650914
4.94108239253 3.91166605567
4.91790760313 3.8047748248
4.87717246642 3.82123274777
4.83312991138 3.83934235979
4.78830788334 3.85830537297
4.79015314641 3.90673190088
4.79222817237 3.95460517068
4.79459475861 4.00072298106
4.83266182763 4.15044623053
4.83489842478 4.18401443857
4.83730294762 4.21834612189
4.84890092754 4.32591223822
4.91791218588 4.30188886518
4.85302211543 4.15927382317
4.8802626871 4.14764072163
4.91729136657 4.15051593957
4.94345542487 4.1389110383
4.97077689912 4.12630855515
4.99790060143 4.11319369663
5.02383350627 4.0999723611
5.04792874897 4.08696631593
5.0698295422 4.07441645589
5.08939909092 4.06249175638
5.12360724932 4.0486115124
5.19152499526 4.02487832174
5.2512738073 4.00171090031
5.26108189465 4.02249659435
5.3741800026 3.99137537421
5.27351485594 4.02439180534
5.27610482255 3.900104397
5.20359796719 3.90640562195
5.16678158992 3.82110477481
5.09098684526 3.83536191507
5.31796078888 3.89699980231
5.24357098198 3.91584415366
5.23604763713 3.85063859213
5.16419046071 3.87371234872
5.00728384454 3.77644803048
4.98389802496 3.7686840522
4.95347232692 3.77134671591
4.99959358362 3.81862612572
4.96974470289 3.82893729143
4.93444063823 3.84767199535
4.93271606497 3.89725671863
4.87018072532 3.90869817203
4.81181326862 3.92025367014
4.85176806408 3.96145196345
4.98188118087 4.05744790789
5.03195302682 4.11023476146
5.05387677185 4.11271154245
5.05561449469 4.09861036577
5.0091773567 3.99826286444
5.00665922558 3.98975932426
5.02225415681 3.93618610286
5.01676648814 3.93209232379
5.04399905622 3.90676907432
4.97505861991 3.84908136719
4.99222660075 3.8371498943
5.00479583391 3.83324526467
5.01229680268 3.8373025482
5.01485367087 3.84848647844
5.03196774577 3.88993865653
5.04089817459 3.93912226421
5.10474163652 3.91287058839
5.17230326774 3.92703488955
5.20206005354 3.92668416529
5.33477465076 4.05310324079
5.3836429062 4.02954678295
5.2574267644 4.01813589102
5.28685967734 3.99074968422
5.31811297064 3.96179268737
5.34973213843 3.93262013159
5.38051514096 3.90437628044
5.43287774967 3.7979695593
5.25438568493 3.65023555579
5.28449955173 3.58982192485
5.30939095158 3.54178629458
5.32856435774 3.50688542859
5.34922927323 3.50859733051
5.36262999531 3.52297621722
3.53401257252 2.15065019015
2.70394997035 1.64381940509
2.13869724474 1.28943284119
1.94830871993 1.36750510803
1.69450674878 1.33856521684
1.5353275154 1.47973701131
1.34124181475 1.41678025289
1.22433666074 1.46758802407
1.08113496755 1.36283996051
1.01987235967 1.46512185254
0.95223311691 1.48020212269
0.903709439872 1.53174125649
0.813182989511 1.50881582315
0.783600128974 1.77902593129
0.722836289403 1.68308048123
0.672276668128 1.53471103003
0.62489259213 1.58364116137
0.565924886647 1.53414495532
0.520468177613 1.58222559414
0.538678494588 1.79366934544
0.495145986026 1.83879026399
0.451578112721 1.8855653598
0.390169777746 1.76907018595
0.356086731055 1.80767677024
0.31137903026 1.79738124498
0.282936803371 1.83629362103
0.22937617803 1.77728078816
0.204878136769 1.81219141836
0.166803390678 1.94629374588
0.188632850124 1.9909074292
0.211306291547 2.03768792999
0.252974638988 2.29353979202
0.271813792373 2.33283951981
0.180426473045 2.07653586576
0.18766609848 2.11125643663
0.153697366427 2.32145250579
0.111804032965 2.25046996151
0.0678206545592 2.11484684833
0.0299536676113 2.10613627902
0.00227986872029 2.15605882799
-0.042210466805 2.11809282161
-0.0513339020402 2.05094701461
-0.0398045549148 2.05498852196
-0.0914172276682 1.97029444468
-0.0807135106163 1.97454015261
-0.0699441419172 1.97903884416
-0.0597440487167 1.98356822887
-0.0512913747284 1.98795172987
-0.0436587552974 1.9920752133
-0.0282115702216 2.07661490003
-0.0148070742565 2.15400105189
-0.0131569448562 2.22288064126
0.0204383333323 2.40200166643
0.0389514770038 2.28096307325
-0.00418475401149 2.23767031406
0.00934522875318 2.35789012618
0.0112339766984 2.38507061724
0.0581491979679 2.51263445234
0.0470316318569 2.37252015195
0.0462672175398 2.47848659368
0.0511216974694 2.42659194475
0.0238383478311 2.3614564823
0.00204696806325 2.25962490822
0.611969384194 1.10446424358
0.382104161721 1.32985905048
0.275684460636 1.85475686791
0.149118893032 1.81826328473
0.0810628988446 1.90293577567
0.0554375326226 2.0825217726
0.0388964285574 2.11525308706
0.00332040381635 2.00487373064
-0.0139994666574 1.94214456158
-0.0269104076713 1.82585129704
-0.0565950958904 2.07164677374
0.0133613450607 2.16567694293
-0.00793597145184 2.15491405515
0.0628249590724 2.25109010214
0.100322392635 2.40992431649
0.167468566816 2.50231691096
0.127218985011 2.31518834289
0.189410021063 2.40186625822
0.179429095207 2.38534102277
0.236501269081 2.4659293839
0.295825842638 2.55080967328
0.305014298461 2.73561222126
0.350605199615 2.90990717951
0.351498475617 2.73526412509
0.366759528361 2.90887490099
0.383033294218 2.80707666268
0.329036637146 2.76019473963
0.270066166773 2.70845311056
0.265872351573 2.58857350466
0.213271190365 2.54183281983
0.246032241309 2.67553596897
0.198345968464 2.63264084743
0.192365378776 2.56647277808
0.195099001168 2.52677187131
0.165039397991 2.50201157252
0.134131928031 2.47525774104
0.122784734682 2.36467201571
0.0973222737388 2.34124017411
0.108357045276 2.49532475008
0.086021041625 2.47412475551
0.105964634519 2.69185589178
0.0860156295001 2.67244340919
0.10756786283 2.62384573946
0.0901090352745 2.60599319844
0.157365698616 2.62055429013
0.199007381256 2.54570817777
0.247246863251 2.47919412347
0.265928825107 2.38118018261
0.226169415133 2.21124890288
0.212828905792 2.07099180591
