0.0 0.0
0.0 0.0
2.61411972726e-08 0.0
4.50153647536e-08 -4.47370808949e-08
1.47044405509e-07 3.99465212922e-09
-0.000165456099071 -7.60088606699e-05
-0.00032020554139 -0.00014705477878
-0.000462272867839 -0.0002122641611
-0.000590915338264 -0.00027129891785
0.0169399211407 0.144471845202
0.0237444291599 0.263688332581
0.0219370911509 0.360196978674
0.0133407977451 0.436821118095
0.163074291159 0.485003269355
0.295666495713 0.527139488767
0.412350867221 0.564608106254
0.594730427398 0.517031027167
0.754827062431 0.47846865125
0.858086645216 0.430314016061
0.937471737979 0.387461961803
0.994238640591 0.591742344566
1.04022848655 0.773599938312
1.07653136342 0.93511743117
1.10404282357 1.07882483906
1.12400615919 1.20645340656
1.13748607959 1.31974217307
1.33023123753 1.37557035107
1.49506589215 1.43244619255
1.63605437619 1.48925649263
1.75623263234 1.54551372524
1.85804096299 1.60102602462
1.94389671046 1.65523226044
2.01740401021 1.58501060906
2.08012977182 1.53263361088
2.13357554895 1.49488725382
2.1786022343 1.46965760044
2.21658175818 1.45383831655
2.24809174422 1.44596132117
2.21794796336 1.39501577888
2.19392266019 1.34890819348
2.23972438992 1.27153834531
2.28064216344 1.2139909069
2.31699192481 1.17273687023
2.34871516748 1.14557536357
2.37625849165 1.12900990192
2.29276374396 1.08353232346
2.22179495069 1.03831510657
2.25143260678 1.02097438479
2.27963794281 1.0051854968
2.30623343666 0.991056788353
2.33122077354 0.978388256752
2.35450591662 0.967265557356
2.37611369029 0.95754936671
2.39003439222 0.666248587303
2.35800789597 0.644699192506
2.33141816882 0.622750313164
2.3095982425 0.600827506962
2.29188013051 0.579470257346
2.53619553302 0.0431947745162
2.78363713561 -0.416770930654
3.02911967126 -0.823142971279
3.28247177417 -1.15661853091
3.42068183137 -1.10142947636
2.99904288344 -1.26437688204
