PILLARS.
Pillar: 1.
-0.303263 -6.4118
-0.303263 -6.4118
-0.303263 -6.4118
-0.303263 -6.4118
-0.303263 -6.4118
-0.303263 -6.4118
-0.303431 -6.41256
-0.303431 -6.41256
-0.303431 -6.41256
-0.303431 -6.41256
-0.242088 -7.28483
-0.225797 -7.36386
-0.210131 -7.43613
-0.19505 -7.50269
-1.03014 -6.98112
-1.01897 -6.9789
-1.01084 -6.9771
-1.11738 -7.35595
-1.10939 -7.35237
-0.83376 -7.67832
-0.831264 -7.72697
-1.00956 -6.98049
-1.00893 -6.97954
-1.00842 -6.97875
-1.00798 -6.97808
-1.00762 -6.9775
-1.0073 -6.977
-1.7242 -7.13071
-1.71994 -7.13054
-1.71623 -7.13039
-1.71298 -7.13023
-1.71012 -7.13009
-1.70759 -7.12995
-1.03448 -5.87808
-1.03276 -5.88174
-1.03122 -5.88504
-1.02983 -5.88802
-1.02858 -5.89072
-1.02745 -5.89319
-0.926299 -6.50172
-0.926299 -6.50172
-1.18113 -6.10044
-1.18084 -6.10198
-1.18058 -6.1034
-1.18034 -6.10471
-1.18012 -6.10592
-1.23006 -6.73864
-1.23006 -6.73864
-0.95932 -5.87788
-0.958046 -5.87992
-0.956867 -5.88182
-0.955769 -5.88359
-0.954749 -5.88525
-0.953797 -5.88679
-0.546653 -6.67029
-1.16078 -7.5121
-1.17339 -7.52366
-0.155615 -6.08996
-0.151064 -6.07378
-0.394504 -6.70318
-0.0933454 -7.14758
Pillar: 2.
-6.84999 -2.85461
-6.84999 -2.85461
-6.84999 -2.85461
-6.84999 -2.85461
-6.84999 -2.85461
-6.84999 -2.85461
-6.35596 -2.8154
-6.33968 -2.80667
-6.32769 -2.79994
-6.01289 -2.69209
-5.99899 -2.68231
-6.49022 -2.75255
-6.48875 -2.7505
-6.48752 -2.74879
-6.48648 -2.74733
-6.4856 -2.74609
-6.48485 -2.74503
-5.82612 -2.84993
-5.82047 -2.84842
-5.81554 -2.84709
-5.81121 -2.84591
-5.80738 -2.84484
-5.80399 -2.84388
-5.92697 -3.58295
-5.92628 -3.5888
-5.92567 -3.59408
-5.92513 -3.59886
-5.92465 -3.60321
-5.92422 -3.60717
-6.183 -3.37326
-6.18328 -3.37585
-6.18355 -3.37824
-6.18379 -3.38044
-6.18402 -3.38248
-5.77963 -3.69134
-5.77888 -3.69453
-5.77819 -3.6975
-5.77754 -3.70027
-5.77695 -3.70286
-5.77639 -3.70528
-6.71983 -2.76998
-6.72052 -2.7676
-6.93428 -2.62292
-6.93798 -2.62293
-6.04832 -2.1314
Pillar: 3.
6.92168 -8.00422
6.92168 -8.00422
6.92168 -8.00422
6.92168 -8.00422
6.92168 -8.00422
6.92168 -8.00422
6.92185 -8.00346
6.92185 -8.00346
6.92185 -8.00346
6.92185 -8.00346
7.21639 -8.06884
7.24036 -8.07097
7.26237 -8.07273
7.28271 -8.0742
7.27275 -7.77484
7.28294 -7.78281
7.29031 -7.78868
7.10279 -7.5154
7.11057 -7.52223
7.37755 -7.26484
7.37522 -7.22675
7.52172 -7.83828
7.52218 -7.83905
7.52255 -7.83969
7.52286 -7.84023
7.52312 -7.84068
7.52335 -7.84108
7.58262 -7.58146
7.58673 -7.58432
7.59031 -7.58683
7.59344 -7.58903
7.5962 -7.59098
7.59864 -7.5927
7.05597 -8.10606
7.05869 -8.1061
7.06113 -8.10612
7.06333 -8.10612
7.06532 -8.10612
7.06713 -8.10611
7.30331 -8.14269
7.30331 -8.14269
7.48265 -8.13862
7.48337 -8.13834
7.48403 -8.13809
7.48463 -8.13785
7.48518 -8.13763
7.59907 -7.86196
7.59907 -7.86196
6.86049 -8.05961
6.86229 -8.05979
6.86395 -8.05996
6.8655 -8.06011
6.86694 -8.06024
6.86829 -8.06037
7.2007 -7.10888
6.98802 -8.50302
FEATURES.
Feature: 1.
-0.303263 -6.4118
-0.303263 -6.4118
-0.303263 -6.4118
-0.303263 -6.4118
-0.307675 -6.41159
-0.307094 -6.41162
-0.30191 -6.41187
-0.302076 -6.41194
-0.30223 -6.41201
-0.302372 -6.41208
-0.807387 -8.42263
-0.735081 -8.28293
-0.671076 -8.16865
-0.614379 -8.07695
-0.949577 -7.60188
-0.956591 -7.53129
-0.959311 -7.47196
-0.95954 -7.4214
-0.974374 -7.4506
-0.988424 -7.47667
-0.968728 -7.52256
-0.179365 -8.77887
-0.294123 -8.57634
-0.357397 -8.39646
-0.422471 -8.23569
-0.467608 -8.09265
-0.507696 -7.96503
-2.01049 -8.0371
-1.97116 -7.97803
-1.91272 -7.92767
-1.86189 -7.87887
-1.82746 -7.82898
-1.79652 -7.78047
-0.246218 -5.87561
-0.337842 -5.95562
-0.418845 -6.01576
-0.502022 -6.05867
-0.561814 -6.08881
-0.622512 -6.10764
-0.697542 -6.1151
-0.743975 -6.15181
0.0212324 -6.14958
-0.140568 -6.23676
-0.279897 -6.30066
-0.414069 -6.34512
-0.512955 -6.37501
-0.596441 -6.39352
-0.691497 -6.3955
-1.52777 -5.56264
-1.46726 -5.60283
-1.41515 -5.63832
-1.36592 -5.67057
-1.32445 -5.69874
-1.28675 -5.72383
-0.470391 -4.55744
-2.05338 -4.46589
-2.20123 -4.99581
-0.994611 -4.35253
-1.18999 -4.77738
-1.72609 -6.88665
3.86609 -5.90065
Feature: 2.
-6.84999 -2.85461
-6.84999 -2.85461
-6.84999 -2.85461
-6.84999 -2.85461
-6.85195 -2.8499
-6.85169 -2.85052
-6.85888 -4.31589
-6.79697 -4.1243
-6.73728 -3.96016
-6.68135 -3.81883
-6.59963 -3.69905
-6.19408 -5.35303
-6.23138 -5.01795
-6.23892 -4.74669
-6.24925 -4.49915
-6.25098 -4.28926
-6.2527 -4.10393
-6.62886 -4.31936
-6.51412 -4.16851
-6.40037 -4.05315
-6.30062 -3.94839
-6.21813 -3.84489
-6.14552 -3.75094
-5.47707 -4.51828
-5.5341 -4.47136
-5.58267 -4.42231
-5.63244 -4.36073
-5.66526 -4.31144
-5.69882 -4.2542
-5.44735 -4.55247
-5.56171 -4.48536
-5.65637 -4.41658
-5.74437 -4.33413
-5.80586 -4.26755
-6.22958 -3.13172
-6.18723 -3.20735
-6.14952 -3.27143
-6.11346 -3.33023
-6.08208 -3.37895
-6.05311 -3.42204
-8.48328 -0.995006
-8.53202 -1.34727
-8.50941 -3.12839
-8.64112 -3.2117
-2.80319 -1.88263
Feature: 3.
6.92168 -8.00422
6.92168 -8.00422
6.92168 -8.00422
6.92168 -8.00422
6.91617 -8.00899
6.91689 -8.00836
6.92337 -8.00276
6.9232 -8.00284
6.92305 -8.00291
6.9229 -8.00298
6.60232 -9.58011
6.68213 -9.39134
6.75382 -9.22433
6.81813 -9.07757
7.37566 -7.09362
7.37734 -7.19457
7.37934 -7.28564
7.12954 -5.9506
7.15054 -6.19267
7.16323 -6.40563
7.1938 -6.53787
8.38837 -8.44356
8.27895 -8.43112
8.21689 -8.38382
8.15106 -8.35015
8.10404 -8.30581
8.06139 -8.264
7.27702 -7.28727
7.3295 -7.41441
7.39509 -7.49799
7.45058 -7.56591
7.48812 -7.62915
7.52064 -7.67752
8.11583 -6.57948
8.00459 -6.86284
7.90261 -7.0986
7.79574 -7.31019
7.71553 -7.46899
7.63328 -7.61136
7.53207 -7.75607
7.48563 -7.79279
8.92039 -6.29219
8.75098 -6.63144
8.59926 -6.91369
8.44807 -7.16846
8.33277 -7.35916
8.23269 -7.51684
8.13763 -7.51882
6.16984 -8.14262
6.24953 -8.12483
6.31676 -8.1136
6.37973 -8.10251
6.43164 -8.09717
6.47835 -8.09292
7.28727 -4.73805
5.56084 -9.04114
