PILLARS.
Pillar: 1.
-3.58333 -2.79217
-3.58333 -2.79217
-3.58333 -2.79217
-3.58333 -2.79217
-3.58333 -2.79217
-3.58333 -2.79217
-3.58333 -2.79217
-3.58333 -2.79217
-3.58333 -2.79217
-3.58333 -2.79217
-3.58333 -2.79217
-3.74392 -2.74099
-3.74392 -2.74099
-3.74392 -2.74099
-3.74392 -2.74099
-3.74392 -2.74099
-3.74392 -2.74099
-3.63266 -2.75419
-3.63454 -2.7541
-3.63606 -2.75403
-3.63729 -2.75397
-3.5789 -2.69603
-3.58112 -2.69772
-3.58293 -2.69911
-3.58444 -2.70027
-3.58569 -2.70125
-3.58676 -2.70207
-3.58767 -2.70278
-3.58846 -2.7034
-3.58914 -2.70393
-3.58973 -2.7044
-3.57791 -2.71593
-3.57791 -2.71593
-3.51613 -2.71801
-3.51761 -2.7179
-3.51892 -2.71781
-3.52008 -2.71773
-3.52111 -2.71766
-3.52203 -2.7176
-3.52286 -2.71754
-3.52361 -2.71749
-3.40192 -2.76149
-3.40192 -2.76149
-3.88493 -2.78838
-3.87759 -2.78772
-3.87106 -2.78715
-3.86523 -2.78663
-3.86 -2.78617
-3.85528 -2.78575
-3.85101 -2.78537
-3.84713 -2.78503
-4.04169 -2.63077
-4.04169 -2.63077
-4.33301 -2.72784
-4.32866 -2.72752
-4.32468 -2.72722
-4.32101 -2.72694
-4.31763 -2.72668
-4.3145 -2.72645
-4.3116 -2.72623
-4.30891 -2.72602
-3.74189 -2.58121
-3.26671 -2.88425
-3.25865 -2.88201
-3.25086 -2.87997
-3.24333 -2.8781
-3.23604 -2.8764
-3.22898 -2.87484
-3.22212 -2.87342
-3.21547 -2.87211
-3.23181 -2.85659
-3.23379 -2.85565
-3.2356 -2.85478
-3.23727 -2.85397
-3.23881 -2.85322
-3.24024 -2.85251
-3.24157 -2.85186
-3.76593 -2.70839
-3.34182 -2.69017
-3.34242 -2.68961
-3.343 -2.68909
-3.53515 -2.97228
-3.53508 -2.97219
-3.12884 -3.05353
-3.131 -3.05277
-3.18266 -2.83856
-3.19093 -2.83901
-3.19813 -2.83938
-3.20446 -2.83969
-3.21007 -2.83994
-3.45231 -2.96136
-3.45218 -2.96158
-3.45186 -2.96201
-2.87443 -2.90043
-2.87239 -2.90116
-2.87039 -2.90188
-2.86843 -2.90258
-2.86652 -2.90327
-3.39298 -3.3177
-3.18218 -3.32489
-3.18006 -3.32961
-3.17796 -3.33429
-2.94831 -2.79035
-2.94778 -2.79078
-2.94726 -2.79121
-2.94675 -2.79163
-2.94625 -2.79205
-3.21712 -2.41598
-3.21681 -2.41507
-3.21652 -2.41417
-3.21623 -2.4133
-3.17137 -2.19477
-3.17127 -2.19363
-3.17119 -2.19251
-3.1711 -2.19141
-3.02216 -2.54519
-3.02126 -2.545
-3.02037 -2.54481
-3.0195 -2.54463
-3.01865 -2.54445
-3.01781 -2.54427
-3.44424 -2.56591
-3.44423 -2.5658
Pillar: 2.
-3.50388 -1.05143
-3.50388 -1.05143
-3.50388 -1.05143
-3.50388 -1.05143
-3.50388 -1.05143
-3.50388 -1.05143
-3.50388 -1.05143
-3.50388 -1.05143
-3.50388 -1.05143
-3.50388 -1.05143
-3.50388 -1.05143
-3.34328 -1.10261
-3.34328 -1.10261
-3.34328 -1.10261
-3.34328 -1.10261
-3.34328 -1.10261
-3.34328 -1.10261
-3.23918 -1.11407
-3.2411 -1.11397
-3.24265 -1.11389
-3.24392 -1.11382
-3.24933 -1.04403
-3.25227 -1.04558
-3.25469 -1.04685
-3.2567 -1.04791
-3.2584 -1.04879
-3.25985 -1.04955
-3.26109 -1.05019
-3.26217 -1.05075
-3.2631 -1.05123
-3.26393 -1.05165
-3.40358 -1.10055
-3.40358 -1.10055
-3.27379 -1.11143
-3.27528 -1.11132
-3.27658 -1.11123
-3.27774 -1.11115
-3.27877 -1.11108
-3.27969 -1.11102
-3.28052 -1.11096
-3.28127 -1.11091
-3.54382 -1.0574
-3.54382 -1.0574
-3.80231 -1.08039
-3.79489 -1.07974
-3.78829 -1.07917
-3.78239 -1.07866
-3.7771 -1.0782
-3.77232 -1.07778
-3.768 -1.07741
-3.76408 -1.07707
-3.01376 -1.19537
-3.01376 -1.19537
-3.40451 -1.22621
-3.40036 -1.22577
-3.39654 -1.22536
-3.39304 -1.22498
-3.3898 -1.22463
-3.38682 -1.22431
-3.38405 -1.22401
-3.38148 -1.22373
-3.39968 -1.26139
-3.15037 -1.52576
-3.14215 -1.52353
-3.13422 -1.5215
-3.12657 -1.51965
-3.11917 -1.51796
-3.11202 -1.51641
-3.10509 -1.51499
-3.09837 -1.51369
-3.48693 -1.10935
-3.4884 -1.10833
-3.48973 -1.10739
-3.49096 -1.10652
-3.49209 -1.10571
-3.49314 -1.10495
-3.49411 -1.10424
-3.50004 -1.36113
-3.09863 -1.33862
-3.09909 -1.33809
-3.09953 -1.33759
-3.66122 -0.892913
-3.6606 -0.892795
-3.51757 -1.00693
-3.51925 -1.00609
-3.31295 -0.690735
-3.30854 -0.685012
-3.3042 -0.679377
-3.04489 -1.32635
-3.04528 -1.32574
-3.04567 -1.32514
-3.04604 -1.32458
-3.28095 -1.10765
-3.27597 -1.10864
-3.27146 -1.10954
-3.26736 -1.11038
-3.37497 -1.1367
-3.37499 -1.13669
-3.26281 -1.3277
-3.38414 -1.28565
-3.38414 -1.28588
-3.38414 -1.2861
-2.95232 -1.45682
-2.95 -1.45767
-2.94771 -1.45849
-2.94543 -1.45931
-2.94317 -1.46011
-3.07017 -1.39561
-3.06835 -1.39566
-3.22671 -1.42526
-3.22661 -1.42574
-2.96915 -1.47529
-2.96865 -1.47573
-2.96816 -1.47616
-2.96768 -1.47658
-2.96721 -1.47699
-3.06853 -1.15784
-3.06814 -1.15777
-3.06775 -1.15769
-3.06737 -1.15762
-3.067 -1.15756
-3.06663 -1.15749
-3.06627 -1.15742
-3.06592 -1.15735
-3.60137 -1.08299
-3.60144 -1.08276
-3.60152 -1.08254
-3.60159 -1.08232
-3.60165 -1.0821
-3.11744 -1.15489
-3.11722 -1.15483
-3.117 -1.15478
-3.11678 -1.15472
-3.11657 -1.15467
-3.11636 -1.15462
-3.27409 -1.30523
-3.27321 -1.30504
-3.27235 -1.30486
-3.2715 -1.30468
-3.27067 -1.3045
-3.26985 -1.30433
-3.32769 -1.3769
-3.32768 -1.37678
Pillar: 3.
-1.41754 -0.481018
-1.41754 -0.481018
-1.41754 -0.481018
-1.41754 -0.481017
-1.41754 -0.481018
-1.41754 -0.481018
-1.41754 -0.481017
-1.41754 -0.481018
-1.41754 -0.481018
-1.41754 -0.481018
-1.41754 -0.481018
-1.63644 -0.589212
-1.63957 -0.590064
-1.64216 -0.590746
-1.64432 -0.591301
-1.64614 -0.591759
-1.64769 -0.59214
-1.64902 -0.59246
-1.65018 -0.592733
-1.65119 -0.592966
-1.65207 -0.593168
-1.70383 -1.35822
-1.70533 -1.36518
-1.70667 -1.37141
-1.70896 -1.36961
-1.71006 -1.37462
-1.71105 -1.37915
-1.71196 -1.38328
-1.71273 -1.38739
-1.71348 -1.39082
-0.921762 -0.265571
-0.913384 -0.263613
-0.905325 -0.261815
-0.89756 -0.260163
-0.890068 -0.258641
-0.882832 -0.257239
-0.875832 -0.255943
-0.869055 -0.254747
-0.62466 -0.633882
-0.625981 -0.63371
-0.627189 -0.633551
-0.628298 -0.633403
-0.629318 -0.633264
-0.63026 -0.633135
-0.631131 -0.633013
-0.559711 -0.770193
-0.644998 -0.693732
-1.03788 -0.51296
-0.651087 -0.449157
-0.651449 -0.448888
-0.6518 -0.448633
-1.04716 -0.707365
-1.04649 -0.707933
-0.948138 -0.491412
-0.949696 -0.491167
-0.683663 -0.528073
-0.678899 -0.528237
-0.674222 -0.5284
-0.739886 -0.422736
-0.748357 -0.422985
-0.755738 -0.423179
-0.762224 -0.423331
-0.767966 -0.423447
-0.625769 -0.380748
-0.626073 -0.380372
-0.626365 -0.380012
-0.626648 -0.379666
-0.784734 -0.389875
-0.780078 -0.389747
-0.775865 -0.389626
-0.772037 -0.389512
-0.734632 -0.367585
-0.563504 -0.739144
-0.564251 -0.738659
-0.564959 -0.738198
-0.931636 -0.775261
-0.69073 -0.529636
-0.689288 -0.529926
-0.687962 -0.530196
-0.686733 -0.530448
-0.100334 -0.791712
-0.100631 -0.791323
-0.100912 -0.790948
-0.101178 -0.790587
-0.0770338 -0.866432
-0.0776363 -0.866328
-0.0782094 -0.866229
-0.0787478 -0.866135
-0.0553486 -0.830953
-0.0556727 -0.830598
-0.0559836 -0.830256
-0.0562801 -0.829925
-0.0565636 -0.829606
-0.0568345 -0.829297
-0.057094 -0.828999
-0.057342 -0.828711
-0.057581 -0.828432
-0.959078 -0.653609
-0.997761 -0.284522
-0.996902 -0.284988
-0.996088 -0.285431
-0.995313 -0.285855
-0.994577 -0.286259
-0.0733115 -0.798497
-0.0733255 -0.798327
-0.0733378 -0.798161
-0.0733486 -0.798
-0.0917049 -0.790994
-0.0916029 -0.790948
-0.0915045 -0.790902
0.142682 -0.562051
0.139705 -0.56274
-0.472167 -0.793356
-0.475293 -0.793272
-0.47838 -0.793193
-0.481433 -0.793119
-0.484446 -0.79305
-0.458491 -0.642407
-0.458249 -0.642419
-0.458014 -0.642431
-0.457784 -0.642442
-0.45756 -0.642452
-0.45734 -0.642463
-0.457126 -0.642473
-0.456915 -0.642483
-0.45671 -0.642492
-0.314659 -0.766077
-0.314649 -0.766027
-0.314638 -0.765978
-0.314628 -0.765931
-0.314617 -0.765884
-0.314607 -0.765839
-0.314597 -0.765794
-0.314587 -0.76575
-0.314577 -0.765708
-0.769516 -1.34429
-0.796846 -0.592007
-0.740583 -0.655055
-0.740602 -0.655053
-0.760731 -0.372927
-0.885315 -0.322404
-0.885353 -0.322535
-0.885388 -0.322662
-0.496334 -0.389071
-0.494135 -0.389638
-0.491956 -0.390195
-0.489794 -0.390743
-0.48765 -0.391281
-0.777095 -0.624493
-0.777102 -0.624487
-0.777107 -0.624482
-0.789806 -0.541114
-0.789866 -0.541048
-0.789923 -0.540983
-0.789978 -0.540919
-0.665671 -0.373241
-0.663381 -0.374407
-0.865293 -0.306978
-0.865274 -0.307295
-0.889197 -0.440789
-0.888651 -0.441443
-0.888327 -0.44187
-0.465714 -0.231931
-0.464307 -0.232092
-0.46293 -0.23225
-0.461581 -0.232405
-0.46026 -0.232555
-1.07307 -0.867178
-0.997583 -0.753006
-0.997299 -0.756168
-0.997024 -0.7593
-0.691746 -0.281374
-0.691273 -0.281756
-0.69081 -0.282132
-0.690359 -0.2825
-0.689919 -0.28286
-0.0279852 -0.853349
-0.0275851 -0.853352
-0.0271913 -0.853354
-0.0268046 -0.853357
-0.0264245 -0.853359
-0.0260514 -0.853362
-0.0256842 -0.853365
-0.0253238 -0.853367
0.0605981 -0.814813
-0.914015 -1.09702
-0.913538 -1.09641
-0.913072 -1.09581
-0.912615 -1.09522
-0.765781 -1.07356
-0.765628 -1.07256
-0.765479 -1.07157
-0.765335 -1.0706
-0.660035 -0.553979
-1.04553 -0.595806
-1.04567 -0.59583
-1.0458 -0.595853
-1.03037 -0.321478
-1.03038 -0.321415
-1.03039 -0.321354
-1.0304 -0.321294
-1.0304 -0.321233
-0.49086 -0.733426
-0.734249 -0.770831
-0.73445 -0.770897
-0.734647 -0.770962
-0.734843 -0.771026
0.0751268 -0.846889
0.0750589 -0.84677
0.0749939 -0.846652
0.0749316 -0.846537
0.0748717 -0.846423
-0.00234416 -0.72927
-0.00210002 -0.729227
-0.885212 -0.576403
-0.88499 -0.576338
-0.884771 -0.576274
-0.884557 -0.576211
-0.884346 -0.576149
-0.884139 -0.576088
-0.813901 -0.540535
Pillar: 4.
4.99457 -1.16856
4.99457 -1.16856
4.99457 -1.16856
4.99457 -1.16856
4.99457 -1.16856
4.99457 -1.16856
4.99457 -1.16856
4.74631 -1.18107
4.74631 -1.18107
4.74631 -1.18107
4.85067 -1.15721
4.84875 -1.15688
4.8472 -1.15661
4.84593 -1.15638
4.92852 -1.16528
4.92852 -1.16528
4.92852 -1.16528
4.92852 -1.16528
5.64747 -1.11742
5.65489 -1.11723
5.66149 -1.11706
5.66738 -1.11692
5.67268 -1.11679
5.67745 -1.11669
5.68177 -1.1166
5.6857 -1.11651
5.8227 -1.02387
5.82683 -1.02227
5.83061 -1.02079
5.8341 -1.01942
5.83731 -1.01815
5.84028 -1.01696
5.84303 -1.01586
5.84558 -1.01483
5.48158 -0.296032
5.48008 -0.302993
5.47874 -0.309226
5.47862 -0.32224
5.47752 -0.327249
5.47653 -0.331786
5.47563 -0.335909
5.47475 -0.339314
5.474 -0.342752
4.71996 -0.839878
4.71858 -0.841279
4.71731 -0.842576
4.71615 -0.843782
4.71508 -0.844904
4.71409 -0.84595
4.71317 -0.846927
4.78877 -0.80417
4.69991 -0.89202
4.92111 -0.882301
4.93153 -0.881125
4.01168 -1.03606
4.01125 -1.03629
4.01084 -1.03651
4.84384 -1.09577
4.83543 -1.09555
4.8281 -1.09533
4.82165 -1.09513
4.81595 -1.09495
5.18846 -0.934371
5.18742 -0.934675
5.18648 -0.93495
4.26477 -1.00149
4.2644 -1.0016
4.26405 -1.0017
4.26371 -1.00181
4.02742 -1.46034
4.03255 -1.45806
4.0372 -1.45596
4.04144 -1.45401
4.07706 -1.44011
5.36291 -1.03918
5.36087 -1.03888
5.35895 -1.03859
5.35713 -1.03832
5.35541 -1.03806
4.93787 -1.13011
4.94226 -1.12879
4.94628 -1.12755
4.94995 -1.12641
4.95333 -1.12533
4.91623 -0.923541
4.91546 -0.923656
4.91473 -0.923767
4.54857 -0.944953
4.75593 -1.15843
4.75749 -1.15768
4.75893 -1.15698
4.76026 -1.15633
4.89068 -1.08226
4.893 -1.08167
4.54193 -0.730217
4.54164 -0.730844
4.54137 -0.731448
4.54112 -0.73203
4.56084 -0.655464
4.56025 -0.655789
4.5597 -0.6561
4.55918 -0.6564
4.83821 -0.823286
4.87956 -0.828233
4.6265 -0.852736
4.62618 -0.852903
4.62586 -0.853066
4.62556 -0.853224
4.62528 -0.853378
4.625 -0.853527
4.62474 -0.853673
4.62449 -0.853815
4.62425 -0.853953
5.0392 -0.947839
5.03672 -0.947525
5.07464 -1.01766
4.94393 -1.39563
4.94502 -1.39484
4.94606 -1.39408
4.94705 -1.39336
4.94799 -1.39266
4.92331 -1.13119
4.92443 -1.13078
4.57425 -0.881469
4.57423 -0.881585
4.57421 -0.881699
4.5742 -0.881809
4.55551 -0.891735
4.55561 -0.891715
4.55571 -0.891697
4.75892 -1.1071
4.75612 -1.10627
5.09588 -0.995944
4.34668 -1.15097
4.34353 -1.15123
4.34041 -1.15149
4.33734 -1.15175
4.3343 -1.152
4.51775 -0.614914
4.51799 -0.615349
4.51823 -0.615773
4.51846 -0.616187
4.51869 -0.616591
4.51891 -0.616985
4.51913 -0.61737
4.51934 -0.617746
4.51954 -0.618113
4.35023 -1.17959
5.04788 -1.06768
5.0477 -1.06758
5.04752 -1.06748
5.04735 -1.06738
5.04719 -1.06729
4.7428 -0.969691
4.74281 -0.969686
4.74282 -0.969681
4.74283 -0.969676
4.74284 -0.969672
4.74285 -0.969667
4.74285 -0.969662
4.74286 -0.969659
4.74287 -0.969654
4.98529 -1.03377
4.72203 -0.919147
4.73113 -0.885725
4.73124 -0.885792
4.87094 -1.08034
4.62039 -1.11066
4.62195 -1.1103
4.62344 -1.10996
4.62486 -1.10962
4.62623 -1.1093
4.62755 -1.10899
4.62881 -1.10869
4.70414 -1.00505
4.70425 -1.00503
4.70492 -1.00495
5.09575 -0.953797
5.0941 -0.954058
5.0925 -0.954309
5.09096 -0.954554
5.08947 -0.954789
5.01554 -1.71861
5.08582 -0.95983
5.07806 -0.720935
5.07644 -0.721334
5.07487 -0.721722
5.07335 -0.722101
5.07187 -0.722469
5.07044 -0.722829
5.06905 -0.723179
5.0677 -0.723521
4.84365 -0.75273
4.84311 -0.752934
4.8426 -0.753133
4.84209 -0.753329
4.8416 -0.75352
4.78131 -0.748568
4.78491 -0.748659
4.68824 -0.747194
4.6887 -0.747731
4.68916 -0.748256
4.6896 -0.74877
5.31355 -1.31919
5.31256 -1.31839
5.3116 -1.3176
5.31065 -1.31683
5.21854 -0.972986
5.21866 -0.972816
5.21876 -0.972652
5.21882 -0.972496
5.21887 -0.972345
5.58046 -1.05576
5.57604 -1.05453
5.57181 -1.05335
4.80381 -1.05732
4.68151 -0.987916
4.6815 -0.98783
4.68149 -0.987746
5.0936 -0.819269
5.09585 -0.819213
5.09807 -0.819156
5.10028 -0.819099
5.10247 -0.819041
4.89814 -0.902058
4.89813 -0.90209
4.89812 -0.902121
4.87462 -0.987864
4.87456 -0.987781
4.87451 -0.987699
4.87446 -0.98762
4.86988 -0.915598
4.8698 -0.915582
4.86972 -0.915568
3.89699 -1.23497
3.89864 -1.2341
3.90025 -1.23324
3.90183 -1.2324
3.90337 -1.23158
4.85372 -0.969595
5.06968 -0.986493
4.45127 -1.07916
4.45179 -1.07842
4.45229 -1.0777
4.74569 -0.761726
4.74617 -0.761977
4.74664 -0.762223
4.74711 -0.762465
4.74756 -0.762702
4.49987 -0.857267
4.50027 -0.857382
4.50066 -0.857495
4.50105 -0.857607
4.50143 -0.857717
4.5018 -0.857824
4.50217 -0.857931
4.50253 -0.858036
4.58814 -0.867671
4.96478 -0.964764
4.96471 -0.964762
4.76469 -0.874691
4.76519 -0.874826
4.76569 -0.874959
4.76617 -0.87509
4.91157 -1.32817
4.91171 -1.32748
4.91184 -1.32681
4.91197 -1.32614
4.99713 -1.09577
5.089 -1.49922
5.08866 -1.49843
5.11693 -1.00783
5.1168 -1.00779
5.11667 -1.00775
5.07128 -1.27838
5.07129 -1.27818
5.0713 -1.27798
5.07132 -1.27779
5.07133 -1.2776
4.98225 -1.05158
4.98228 -1.05152
5.36066 -0.87995
5.36046 -0.879983
5.36026 -0.880017
5.36007 -0.88005
4.40601 -1.0029
4.40594 -1.00291
4.40587 -1.00291
4.4058 -1.00292
4.40574 -1.00293
4.32225 -1.00994
4.32249 -1.00994
4.6627 -1.05812
4.66281 -1.05808
4.66292 -1.05804
4.58474 -1.17473
4.58496 -1.17464
4.58518 -1.17456
4.5854 -1.17448
4.58561 -1.17439
4.58582 -1.17431
4.65139 -1.18
4.91341 -1.06691
4.91338 -1.06687
4.91335 -1.06683
4.91332 -1.06679
4.91329 -1.06674
4.91326 -1.0667
4.35375 -1.08151
4.35463 -1.0812
4.35548 -1.08089
4.35633 -1.08059
4.35716 -1.08029
4.35798 -1.08
Pillar: 5.
5.61641 -2.52554
5.61641 -2.52554
5.61641 -2.52554
5.61641 -2.52554
5.61641 -2.52554
5.61641 -2.52554
5.61641 -2.52554
5.25031 -2.54911
5.25031 -2.54911
5.25031 -2.54911
5.36064 -2.52304
5.35876 -2.5227
5.35724 -2.52241
5.356 -2.52218
5.43518 -2.53234
5.43519 -2.53234
5.43519 -2.53234
5.43519 -2.53234
5.26617 -2.51737
5.26468 -2.51727
5.26338 -2.51719
5.26222 -2.51711
5.26119 -2.51705
5.26026 -2.51699
5.25943 -2.51694
5.25868 -2.51689
4.87199 -2.62154
4.87009 -2.62298
4.86834 -2.62432
4.86672 -2.62557
4.86523 -2.62672
4.86385 -2.6278
4.86257 -2.62881
4.99803 -2.58002
4.85452 -2.67346
5.06635 -2.66453
5.07663 -2.66336
4.6077 -2.57929
4.60566 -2.58034
4.8715 -2.50679
4.86946 -2.50649
4.86753 -2.5062
4.86572 -2.50593
4.86399 -2.50567
4.45125 -2.59932
4.45567 -2.598
4.45971 -2.59678
4.4634 -2.59563
4.46679 -2.59457
4.68253 -2.48999
4.68159 -2.49008
4.6807 -2.49017
4.31908 -2.51203
4.39579 -2.70073
4.39765 -2.70005
4.39936 -2.69942
4.40095 -2.69882
4.50432 -2.61821
4.50666 -2.61761
4.5099 -2.64805
4.50919 -2.64867
4.50852 -2.64926
4.50787 -2.64984
4.59059 -2.57333
4.58982 -2.57366
4.5891 -2.57397
4.58842 -2.57428
4.92493 -2.73942
4.98111 -2.74364
4.3764 -2.49018
4.37589 -2.49032
4.3754 -2.49045
4.37493 -2.49059
4.37448 -2.49071
4.37404 -2.49084
4.37362 -2.49096
4.37322 -2.49108
4.37284 -2.49119
4.78549 -2.58473
4.78758 -2.58511
4.82238 -2.50243
4.5091 -2.83753
4.5105 -2.83684
4.51183 -2.83617
4.5131 -2.83552
4.51431 -2.83491
4.41257 -2.54798
4.41369 -2.54757
4.39956 -2.51127
4.39944 -2.51137
4.39932 -2.51148
4.39921 -2.51158
4.37458 -2.52086
4.37467 -2.52083
4.37476 -2.52081
4.42291 -2.71143
4.42064 -2.7107
4.71132 -2.58933
3.67477 -2.4522
3.67153 -2.45242
3.66832 -2.45263
3.66515 -2.45284
3.66203 -2.45305
4.78431 -2.94499
4.78436 -2.94545
4.7844 -2.9459
4.78445 -2.94633
4.78449 -2.94676
4.78453 -2.94717
4.78457 -2.94758
4.78461 -2.94797
4.78465 -2.94836
3.93047 -2.62505
4.57236 -2.50322
4.57218 -2.50312
4.572 -2.50302
4.57183 -2.50292
4.57167 -2.50282
4.40723 -2.4746
4.40722 -2.47459
4.40722 -2.47458
4.40721 -2.47457
4.40721 -2.47457
4.40721 -2.47456
4.4072 -2.47455
4.4072 -2.47454
4.4072 -2.47454
4.60214 -2.52727
4.73169 -1.89369
4.91014 -2.69831
4.85683 -2.67038
4.85694 -2.67045
4.71746 -2.47604
4.52517 -2.51153
4.52645 -2.51116
4.52768 -2.51079
4.52886 -2.51045
4.53 -2.51011
4.53109 -2.50978
4.53216 -2.50947
4.86492 -2.553
4.86502 -2.55298
4.86456 -2.55302
5.0395 -2.50906
5.03784 -2.50932
5.03624 -2.50957
5.03469 -2.50982
5.0332 -2.51005
5.10086 -3.27255
5.03024 -2.51512
5.16602 -2.71693
5.16439 -2.71733
5.16283 -2.71772
5.1613 -2.7181
5.15983 -2.71846
5.15839 -2.71882
5.157 -2.71917
5.15565 -2.71952
5.05433 -2.72881
5.05377 -2.72902
5.05323 -2.72922
5.0527 -2.72942
5.05219 -2.72961
4.97894 -2.726
4.98276 -2.72607
5.65558 -2.67503
5.64843 -2.67322
5.64184 -2.67154
5.63575 -2.66997
5.63009 -2.6685
5.15586 -2.75991
5.15592 -2.75981
5.15598 -2.7597
5.64225 -2.56969
5.64469 -2.56957
5.64711 -2.56945
5.6495 -2.56934
5.65188 -2.56922
4.84739 -2.6726
4.84737 -2.67263
4.84735 -2.67267
4.77108 -2.75611
4.77103 -2.75602
4.77098 -2.75594
4.77093 -2.75586
4.74602 -2.68253
4.74591 -2.68252
4.74581 -2.6825
4.21327 -2.48937
4.21363 -2.48948
4.21399 -2.48958
4.21434 -2.48969
4.21468 -2.48979
4.21501 -2.48989
4.21534 -2.48999
4.21567 -2.49009
4.28393 -2.49658
4.68002 -2.59719
4.67995 -2.59718
4.85827 -2.60309
4.85815 -2.60305
4.85804 -2.60301
4.67216 -2.84441
4.67221 -2.84422
4.67226 -2.84404
4.6723 -2.84385
4.67235 -2.84367
4.50846 -2.59666
4.5085 -2.59661
4.54485 -2.50034
4.29365 -2.55986
4.29346 -2.5599
4.29327 -2.55994
4.29308 -2.55998
4.73362 -2.45833
4.73351 -2.45835
4.7334 -2.45836
4.73329 -2.45838
4.73318 -2.4584
4.60782 -2.4742
4.60804 -2.47421
4.96904 -2.51818
4.96915 -2.51814
4.96926 -2.51809
5.03182 -2.48322
5.03205 -2.48313
5.03227 -2.48305
5.0325 -2.48296
5.03271 -2.48288
5.03293 -2.4828
5.08862 -2.49181
4.72094 -2.51025
4.72091 -2.5102
4.72088 -2.51016
4.72085 -2.51012
4.72082 -2.51008
4.72079 -2.51004
Pillar: 6.
12.4476 -0.876026
12.4551 -0.875533
12.4623 -0.875004
12.4692 -0.874444
12.476 -0.873858
13.1393 -0.548128
13.1383 -0.551236
13.1374 -0.554135
13.1365 -0.556844
13.1976 -0.230838
13.1224 -0.57731
13.3451 -0.611879
13.3556 -0.611341
12.3412 -0.661396
12.3328 -0.660534
12.3254 -0.659774
12.319 -0.659102
12.3132 -0.658506
12.6941 -0.678536
12.693 -0.678841
12.6921 -0.679115
13.3709 -0.411805
13.3755 -0.40537
13.3798 -0.399425
13.3836 -0.393918
13.421 -0.39559
13.6933 -0.427598
13.6977 -0.426125
13.7017 -0.424773
13.7054 -0.423529
13.7088 -0.422381
14.0932 -0.502964
13.5845 -0.344812
13.5859 -0.34239
13.5872 -0.340118
13.5884 -0.337984
13.7318 -0.419159
13.7342 -0.418506
13.0022 -0.625073
13.0016 -0.626181
13.0011 -0.62724
13.0006 -0.628255
13.275 -0.54212
13.3139 -0.481723
13.3013 -0.486362
13.2998 -0.486901
13.2985 -0.487393
13.2973 -0.487844
13.6225 -0.203047
13.6233 -0.200425
13.6241 -0.197913
13.6249 -0.195504
13.6256 -0.193194
13.6529 -0.400891
13.6541 -0.400432
13.2644 -0.498022
13.2645 -0.498054
13.2646 -0.498086
13.5458 -0.217097
13.5475 -0.218516
13.5492 -0.219835
13.5508 -0.221064
13.5523 -0.222211
13.5537 -0.223284
13.5551 -0.224287
12.6776 -0.573534
12.6759 -0.573825
12.6743 -0.574105
12.6728 -0.574376
12.6713 -0.574638
12.5314 -0.650934
12.6675 -0.576288
12.5354 -0.614036
12.5337 -0.61444
12.5322 -0.614832
12.5306 -0.615213
12.5292 -0.615583
12.5277 -0.615943
12.5263 -0.616291
12.525 -0.616631
12.8464 -0.579124
12.8459 -0.579424
12.8454 -0.579716
12.8449 -0.580001
12.8444 -0.580279
12.7851 -0.627804
12.7887 -0.627005
12.854 -0.515825
12.8594 -0.514772
12.8642 -0.513894
12.6796 -0.171234
12.6736 -0.172849
12.6682 -0.174341
12.6631 -0.175723
12.6585 -0.177008
12.9064 -0.499858
12.908 -0.499384
12.0922 -0.481155
12.1002 -0.480445
13.2289 -0.706241
13.2294 -0.706779
13.2298 -0.707304
13.2303 -0.707817
12.9022 -0.540028
12.9033 -0.538986
12.9238 -0.539685
12.6032 -0.139528
12.6022 -0.138725
12.6013 -0.137939
12.6003 -0.137169
12.5848 -0.455049
12.585 -0.455163
12.5851 -0.455272
12.5852 -0.455377
12.5852 -0.455478
12.7613 -0.64492
12.7631 -0.643209
13.06 -0.264495
13.0558 -0.265889
13.0519 -0.267223
12.7736 -0.400408
12.7661 -0.402605
12.7589 -0.404731
13.7876 -0.359208
13.784 -0.360212
13.1759 -0.403568
13.1759 -0.40346
13.1758 -0.403354
13.1757 -0.403251
13.1773 -0.426756
13.1773 -0.426859
13.1772 -0.426957
13.1619 -0.431693
13.1613 -0.431902
13.1594 -0.432463
13.0379 -0.702609
13.038 -0.701936
12.7925 0.0795802
13.0662 -0.561319
12.1352 -0.728394
12.1357 -0.728465
12.1362 -0.728535
12.1367 -0.728605
12.1371 -0.728676
12.6587 -0.269545
12.6589 -0.269289
12.6591 -0.269036
12.6593 -0.268786
12.7879 -0.430832
12.7521 0.0551054
12.7517 0.0558947
13.1966 -0.232861
13.1966 -0.232482
13.1965 -0.232109
13.1965 -0.231742
13.1965 -0.23138
13.1483 -0.397043
13.1484 -0.396961
Pillar: 7.
13.5279 -1.78103
13.5266 -1.78423
13.5254 -1.78722
13.5243 -1.79001
13.6267 -1.45025
13.5138 -1.80933
13.73 -1.84594
13.7404 -1.84543
14.3678 -1.69488
14.3722 -1.6934
14.3762 -1.69204
14.3799 -1.69079
14.3833 -1.68963
14.304 -1.51864
14.3057 -1.51608
14.3072 -1.51368
14.3086 -1.51142
14.4313 -1.60507
14.4336 -1.60441
13.427 -1.93811
13.4263 -1.93926
13.4256 -1.94036
13.425 -1.94141
13.7386 -1.84196
13.7875 -1.77793
13.741 -1.79445
13.7396 -1.79499
13.7383 -1.79548
13.7371 -1.79593
13.4655 -1.54869
13.4628 -1.54499
13.785 -1.70164
13.9651 -1.9508
13.9665 -1.9523
13.9678 -1.9537
13.9691 -1.955
13.9703 -1.95622
13.9715 -1.95735
13.9726 -1.95842
13.2058 -1.84914
13.207 -1.84898
13.2082 -1.84884
13.2102 -1.84678
13.0716 -1.90711
13.0669 -1.90851
13.0624 -1.90985
12.7449 -2.0065
12.7369 -2.00868
12.729 -2.0108
13.869 -1.96349
13.8658 -1.96447
13.6642 -1.79285
13.6642 -1.79274
13.6641 -1.79263
13.6641 -1.79253
13.6497 -1.82156
13.6496 -1.82167
13.6495 -1.82177
13.5677 -1.84728
13.5671 -1.84748
13.5677 -1.84733
13.8324 -2.30595
13.8338 -2.31383
13.6988 -1.65483
13.6989 -1.65411
13.4681 -1.71082
Pillar: 8.
20.6972 -0.147867
20.6957 -0.148156
20.9691 -0.590126
20.6917 -0.146217
20.7192 -0.388594
20.7178 -0.388952
20.7164 -0.3893
20.715 -0.389638
21.0509 -0.148628
21.0505 -0.148995
20.9938 -0.250335
20.9973 -0.248623
21.0652 -0.195167
21.0706 -0.195726
21.0754 -0.196195
20.9642 -0.198553
20.9641 -0.198691
20.9639 -0.198805
20.8366 -0.339349
20.8306 -0.344936
20.825 -0.350111
20.8199 -0.354921
20.8152 -0.359403
21.0607 -0.231765
21.0624 -0.231909
21.0044 -0.237745
21.0044 -0.23777
21.0043 -0.237793
21.6763 0.135459
21.6844 0.134678
21.2972 0.106711
21.2984 0.106435
21.382 0.161143
21.3834 0.161142
21.3846 0.161143
21.3184 0.110418
21.3872 0.160594
21.138 -0.193555
21.1381 -0.193999
21.1382 -0.194425
21.1383 -0.194834
21.1384 -0.195226
21.2951 -0.0135094
21.2969 -0.0128991
20.5542 -0.233703
20.5506 -0.233106
Pillar: 9.
21.081 -1.28068
21.0795 -1.28097
21.076 -1.27886
21.0046 -1.88004
21.0031 -1.8804
21.0018 -1.88074
21.0004 -1.88108
21.0461 -1.70504
21.0456 -1.70541
20.9787 -1.80668
20.9825 -1.80497
21.0393 -1.75137
21.0445 -1.75193
21.0491 -1.75239
20.9484 -1.75489
20.9482 -1.75503
20.9481 -1.75515
20.59 -1.87299
20.5832 -1.87846
20.577 -1.88352
20.5712 -1.88822
20.5659 -1.89261
20.8964 -1.77639
20.898 -1.77652
20.8052 -1.77826
20.8052 -1.77828
20.8051 -1.77831
21.1041 -2.16208
21.1118 -2.16277
20.7267 -2.08431
20.7275 -2.0845
21.1774 -2.09367
21.1786 -2.09366
21.1798 -2.09366
20.7488 -2.08084
21.1817 -2.09414
20.4852 -1.72377
20.482 -1.72319
FEATURES.
Feature: 1.
-3.58333 -2.79217
-3.58333 -2.79217
-3.58333 -2.79217
-3.58072 -2.79551
-3.58063 -2.79501
-3.58685 -2.78654
-3.58704 -2.78738
-3.58715 -2.78812
-3.58719 -2.78875
-3.58722 -2.7893
-3.58714 -2.78982
-3.98897 -2.96681
-3.97204 -2.95122
-3.95482 -2.93537
-3.93643 -2.91845
-3.92056 -2.90384
-3.90631 -2.89072
-3.89331 -2.87875
-3.87133 -2.86855
-3.85274 -2.86001
-3.83615 -2.85234
-4.04599 -2.83362
-4.03153 -2.85586
-4.0174 -2.87041
-4.00336 -2.8799
-3.98873 -2.88532
-3.99557 -2.85418
-3.9805 -2.85857
-3.96294 -2.86389
-3.94664 -2.864
-3.92973 -2.85955
-3.39673 -2.36834
-3.40777 -2.39354
-3.41901 -2.41884
-3.4166 -2.42181
-3.4114 -2.43497
-3.40838 -2.44873
-3.40596 -2.46619
-3.40707 -2.47994
-3.40926 -2.49399
-3.41235 -2.50741
-3.35093 -3.05596
-3.35521 -3.03581
-3.35491 -3.02039
-3.35086 -2.95892
-3.34883 -2.91528
-3.3514 -2.8755
-3.35727 -2.84711
-3.36734 -2.82325
-3.38059 -2.80408
-3.39521 -2.78946
-3.92362 -2.61267
-3.93182 -2.61348
-3.94016 -2.61435
-4.00002 -2.64256
-4.04919 -2.6704
-4.09056 -2.69407
-4.13724 -2.70567
-4.17022 -2.71954
-4.19658 -2.7311
-4.21843 -2.74059
-3.81771 -1.69795
-3.81299 -1.75888
-3.8214 -1.84672
-3.82427 -1.92921
-3.81979 -2.00678
-3.80763 -2.07947
-3.78539 -2.15257
-3.75984 -2.21499
-3.72992 -2.27253
-4.74268 -0.544195
-4.72756 -0.740076
-4.69268 -0.916794
-4.64421 -1.07608
-4.58597 -1.21497
-4.51543 -1.34229
-4.44358 -1.45331
-0.83604 -4.4879
-1.0576 -4.46365
-1.23098 -4.41346
-1.39546 -4.35028
-1.94513 -3.74895
-2.05831 -3.73532
-2.15051 -3.72775
-2.23257 -3.68782
-3.36854 -2.76642
-3.3664 -2.76889
-3.3663 -2.76809
-3.35404 -2.78083
-3.35103 -2.781
-3.79115 -2.3616
-3.75345 -2.39465
-3.71316 -2.43219
-3.67087 -2.47508
-3.61644 -2.48479
-3.55761 -2.49588
-3.50701 -2.50638
-3.46027 -2.51754
-2.04377 -4.14168
-2.1402 -4.12435
-2.22516 -4.09358
-2.31433 -4.05867
-2.40555 -4.01955
-2.47324 -3.92457
-2.53557 -3.83036
-2.59207 -3.73886
-2.63417 -3.66907
-1.44664 -3.23916
-1.57137 -3.2303
-1.6898 -3.21694
-1.80237 -3.1992
-1.90898 -3.17674
-1.98461 -3.15796
-2.06953 -3.12899
-2.1472 -3.09507
-2.52868 -2.20298
-2.56131 -2.22086
-2.59588 -2.2433
-2.62807 -2.26365
-2.6576 -2.28252
-2.68467 -2.30016
-3.06023 -1.95766
-3.08814 -1.99994
Feature: 2.
-3.50388 -1.05143
-3.50388 -1.05143
-3.50388 -1.05143
-3.5029 -1.05469
-3.50258 -1.0542
-3.50472 -1.04592
-3.50526 -1.04675
-3.50568 -1.04747
-3.50598 -1.04809
-3.50625 -1.04863
-3.50639 -1.04913
-3.58833 -1.32842
-3.5714 -1.31284
-3.55417 -1.29699
-3.53579 -1.28006
-3.51992 -1.26545
-3.50567 -1.25233
-3.49267 -1.24036
-3.47163 -1.22994
-3.45386 -1.22119
-3.43799 -1.21335
-3.56886 -1.21805
-3.57364 -1.23473
-3.57638 -1.24461
-3.57709 -1.25018
-3.57537 -1.25227
-3.58119 -1.22139
-3.57758 -1.22291
-3.57117 -1.22553
-3.56346 -1.22361
-3.55406 -1.21742
-3.2224 -0.75297
-3.23344 -0.778172
-3.24468 -0.803465
-3.22972 -0.807838
-3.2172 -0.821861
-3.20782 -0.836406
-3.19989 -0.854563
-3.19568 -0.869001
-3.19379 -0.883594
-3.19333 -0.897487
-3.49282 -1.35187
-3.4971 -1.33172
-3.49941 -1.31652
-3.46212 -1.25256
-3.43457 -1.20745
-3.41244 -1.16661
-3.39935 -1.13764
-3.39295 -1.11346
-3.39189 -1.09413
-3.39408 -1.07948
-2.89569 -1.17727
-2.90388 -1.17809
-2.91223 -1.17895
-2.98493 -1.19805
-3.04661 -1.21719
-3.09894 -1.23335
-3.15255 -1.24028
-3.19294 -1.24919
-3.22578 -1.25647
-3.25328 -1.26225
-3.4755 -0.378135
-3.47079 -0.439058
-3.50854 -0.519634
-3.53699 -0.596351
-3.55479 -0.669318
-3.56202 -0.738315
-3.55855 -0.808109
-3.5474 -0.868178
-3.53 -0.923807
-4.50927 1.20608
-4.55832 1.01756
-4.57926 0.845328
-4.57995 0.688518
-4.56372 0.550658
-4.52959 0.423426
-4.48931 0.311866
-1.00846 -3.12552
-1.17231 -3.09519
-1.29844 -3.04187
-1.42182 -2.97728
-2.61806 -1.77745
-2.65362 -1.739
-2.68518 -1.71435
-2.74425 -1.66845
-4.8073 1.80789
-4.74237 1.64347
-4.65392 1.47698
-2.39535 -2.09271
-2.43124 -2.05687
-2.46658 -2.02194
-2.50061 -1.98766
-2.53401 -1.95302
-2.56033 -1.9303
-2.58994 -1.90392
-2.62884 -1.86436
-2.62095 -0.225501
-2.6775 -0.284227
-2.73951 -0.349516
-2.84014 -0.33207
-2.94748 -0.329312
-3.02773 -0.356338
-3.1032 -0.385518
-3.14468 -0.415522
-3.17532 -0.453067
-3.19541 -0.496834
-3.20596 -0.545211
-3.314 0.451797
-3.32306 0.337194
-3.32151 0.220229
-3.35093 0.103413
-2.49205 -2.70718
-2.55109 -2.61166
-2.60591 -2.51703
-2.65591 -2.42519
-2.69236 -2.35514
-3.30726 -1.13113
-3.28595 -1.12851
-3.26542 -1.1271
-3.24401 -1.12627
-3.22284 -1.12602
-3.20254 -1.12666
-3.18371 -1.12776
-3.1666 -1.12921
-3.04784 -1.45169
-3.08652 -1.42912
-3.12623 -1.40529
-3.16453 -1.3821
-3.2052 -1.35667
-3.13722 -1.34509
-3.1364 -1.3338
-3.13556 -1.32178
-3.13476 -1.3083
-3.13395 -1.29421
-3.13309 -1.28017
-2.82921 -0.973886
-2.85546 -0.99023
-2.88449 -1.01136
-2.91187 -1.03059
-2.93722 -1.04851
-2.96066 -1.06533
-2.94369 -0.768644
-2.97159 -0.810932
Feature: 3.
-1.41754 -0.481018
-1.41754 -0.481018
-1.41754 -0.481018
-1.41709 -0.482337
-1.41671 -0.482106
-1.4175 -0.478728
-1.41815 -0.47913
-1.41868 -0.479482
-1.41907 -0.479784
-1.41941 -0.480047
-1.41962 -0.480282
-1.92153 -0.910465
-1.9301 -0.90757
-1.93632 -0.90041
-1.94021 -0.891123
-1.94138 -0.880281
-1.94698 -0.850411
-1.94601 -0.840474
-1.94224 -0.832001
-1.93662 -0.821542
-1.92907 -0.807921
-2.00208 -1.49957
-1.98145 -1.48995
-1.96056 -1.48067
-1.94374 -1.46827
-1.92271 -1.45964
-1.90169 -1.45145
-1.88143 -1.44396
-1.86228 -1.43751
-1.84481 -1.43182
-1.0626 0.430096
-1.12022 0.4027
-1.16685 0.37175
-1.20113 0.338197
-1.22319 0.303165
-1.2345 0.265944
-1.23499 0.230701
-1.2279 0.196508
-1.62626 0.879049
-1.66528 0.796176
-1.68065 0.715796
-1.67887 0.639839
-1.66229 0.571016
-1.62921 0.503626
-1.59082 0.443911
-1.54752 0.384304
-1.50686 0.326844
1.06075 -1.54437
0.961859 -1.60289
0.885899 -1.62402
0.803997 -1.62547
-0.146776 -0.905392
-0.150115 -0.96427
-0.159392 -1.01567
-0.21066 -0.99862
-2.17665 1.66909
-2.10993 1.54438
-2.02042 1.4116
-0.798842 -0.486077
-0.813008 -0.470308
-0.827195 -0.453727
-0.836034 -0.443534
-0.842862 -0.433145
-0.0641975 -0.947289
-0.086142 -0.940261
-0.111013 -0.927584
-0.136118 -0.912736
-0.161881 -0.895064
-0.169153 -0.916133
-0.182936 -0.927905
-0.205511 -0.929599
-0.230681 -0.921479
0.21957 -0.991156
0.158826 -0.968991
0.0928802 -0.946024
0.0254898 -0.923383
-0.0609072 -0.909294
-0.0914055 -0.926603
-0.121447 -0.934394
-0.154774 -0.936376
-0.295068 -0.853647
-0.263744 -0.883907
-0.2319 -0.912742
-0.200566 -0.937649
-0.171833 -0.957774
-0.158233 -0.953879
-0.14592 -0.949497
-0.137564 -0.945877
-0.478522 -0.230909
-0.438047 -0.289287
-0.403711 -0.338995
-0.373275 -0.383027
-0.345894 -0.42274
-0.321125 -0.458687
-0.295454 -0.495863
-0.274735 -0.526375
-0.253425 -0.557048
-1.09102 1.63029
-1.24436 1.61869
-1.29594 1.54873
-1.33128 1.46646
-1.35116 1.37492
-1.35752 1.27732
0.964323 -2.33985
0.898523 -2.352
0.838647 -2.33652
0.782246 -2.30784
0.729555 -2.26964
0.676469 -2.21787
0.624411 -2.1527
0.571671 -2.07837
0.577223 -2.07463
-0.667766 0.819762
-0.688262 0.754517
-0.702552 0.682252
-0.712282 0.598166
-0.716129 0.519351
-1.2171 1.45209
-1.27588 1.43612
-1.31372 1.4033
-1.32843 1.3539
-1.32182 1.28965
-1.30895 1.22103
-1.27595 1.14324
-1.23222 1.0552
-1.17672 0.962099
-0.328613 -0.322231
-0.373554 -0.290216
-0.410463 -0.268028
-0.442841 -0.252282
-0.468446 -0.243952
-0.486494 -0.242937
-0.496975 -0.248957
-0.500462 -0.260857
-0.49864 -0.277167
0.0897411 -1.51015
0.0240119 -1.51334
0.0134342 0.256139
-0.0431106 0.197413
-0.105148 0.132266
-0.218207 0.213318
-0.339317 0.278504
-0.432127 0.303053
-0.518272 0.31457
-0.57366 0.334035
-0.617162 0.339254
-0.648994 0.332474
-0.6702 0.316106
-1.59869 0.789748
-1.64233 0.750727
-1.66487 0.707499
-1.67068 0.661043
-1.64887 0.612696
-1.61924 0.564312
-1.57806 0.513828
-0.796913 1.1526
-0.818402 1.08117
-0.828184 1.00137
-0.872298 0.929977
-1.22804 0.158965
-1.18992 0.125483
-1.14962 0.0879505
-1.1095 0.047251
-1.07469 0.0573105
-1.03504 0.0652602
-0.99934 0.0693439
-0.96567 0.070856
0.0191752 -1.47123
-0.0421538 -1.48139
-0.115575 -1.45982
-0.195 -1.43274
-0.277121 -1.401
-0.327607 -1.32009
-0.37509 -1.23819
-0.41877 -1.15742
-0.449789 -1.097
-0.270074 -0.79474
-0.248249 -0.796797
-0.22733 -0.79898
-0.205568 -0.801482
-0.184071 -0.804239
-0.163535 -0.8072
-0.144488 -0.81032
-0.127199 -0.813528
-0.111765 -0.816755
0.703518 -1.68329
0.602766 -1.70812
0.502406 -1.72089
0.405292 -1.72605
0.311929 -1.72365
0.25936 -1.74074
0.197888 -1.74959
0.140056 -1.74883
0.0767255 -1.73932
-0.632386 -0.925411
-0.641625 -0.931489
-0.653928 -0.933649
-0.662292 -0.936607
-0.651184 -0.948723
-0.649609 -0.949775
-0.651347 -0.944485
-0.657995 -0.931614
-1.17368 -0.415852
-1.12462 -0.438908
-1.09192 -0.46989
-1.0581 -0.499507
-1.02436 -0.529085
0.632666 -1.28955
0.593534 -1.25723
0.553429 -1.22495
0.514759 -1.19444
0.473754 -1.16266
0.439334 -1.13591
0.405512 -1.10385
-0.90006 -0.785994
-0.899873 -0.772147
-0.899599 -0.757905
-0.899288 -0.742492
-0.898897 -0.726725
-0.898408 -0.711235
-0.897821 -0.696469
Feature: 4.
4.99596 -1.16446
4.99354 -1.17616
4.99303 -1.17526
4.99263 -1.17448
4.99235 -1.1738
4.9921 -1.17321
4.99197 -1.17262
4.5538 -1.35852
4.56966 -1.34392
4.58392 -1.33079
4.59692 -1.31883
4.618 -1.30375
4.6358 -1.29093
4.6517 -1.27952
4.66626 -1.26898
4.69013 -1.25951
4.71009 -1.25159
4.7278 -1.24457
5.87191 -0.100711
5.9311 -0.219596
5.97306 -0.315079
6.00709 -0.410278
6.028 -0.485833
6.04024 -0.552506
6.04566 -0.612149
6.04673 -0.666123
6.30754 -1.60116
6.23824 -1.53801
6.17915 -1.47751
6.12851 -1.42422
6.0757 -1.38749
6.03593 -1.34979
6.00345 -1.31649
5.97612 -1.28694
5.18332 -0.43738
5.20396 -0.427763
5.22485 -0.418485
5.24385 -0.420905
5.26488 -0.412276
5.28589 -0.404079
5.30615 -0.396592
5.3252 -0.389441
5.34267 -0.383748
3.45735 -0.783552
3.47573 -0.679419
3.50457 -0.596025
3.54091 -0.526928
3.58376 -0.471231
3.63723 -0.430192
3.69147 -0.395595
3.7494 -0.357295
3.80223 -0.321989
3.86856 -0.318488
3.94761 -0.30697
5.61774 -0.963684
5.56105 -1.14569
5.49137 -1.28736
4.74038 -1.45974
4.73301 -1.4045
4.7245 -1.35355
4.7236 -1.29295
4.72029 -1.2592
4.71844 -1.23039
4.75562 -1.19641
4.78726 -1.16846
4.8612 -1.15512
4.83632 -1.20878
4.80868 -1.2427
4.78081 -1.26835
4.75238 -1.28588
4.73709 -1.39723
4.71504 -1.48697
4.6822 -1.57224
4.64935 -1.62005
5.12507 -1.02106
5.14151 -1.02119
5.15948 -1.02141
5.17795 -1.02173
5.19309 -1.02209
5.20635 -1.02248
5.1814 -1.03059
5.16114 -1.03756
5.14356 -1.0438
5.12795 -1.04955
5.69605 -1.25506
5.6358 -1.22242
5.57026 -1.19044
5.50321 -1.16005
5.41719 -1.13713
5.38392 -1.21335
5.35134 -1.26617
5.31551 -1.3071
5.28249 -1.33662
5.26546 -1.37094
4.33107 -0.462213
4.36586 -0.535874
4.40068 -0.606805
4.43404 -0.664151
4.46436 -0.712577
4.47819 -0.713192
4.49071 -0.712782
4.49924 -0.712665
4.50747 -0.711647
4.53048 -0.700304
4.20333 -0.21036
4.24383 -0.274317
4.27818 -0.328937
4.30862 -0.377299
4.33601 -0.420838
4.36078 -0.460549
4.38645 -0.500672
4.40715 -0.537983
4.42846 -0.570434
4.44712 -0.618293
4.51307 -0.642237
4.54144 -0.563705
4.47331 -0.342564
4.45829 -0.302493
4.45304 -0.288505
4.45802 -0.295929
4.47228 -0.320062
4.49459 -0.351066
4.54599 -0.420251
5.56116 -1.65005
5.51085 -1.77479
5.46099 -1.84597
5.41197 -1.8927
5.3647 -1.92009
5.3157 -1.92757
5.26658 -1.91388
5.21613 -1.88929
5.22482 -1.99331
5.2267 -2.05601
4.10619 0.0724267
4.09342 0.0583109
4.08538 0.0304574
4.08151 -0.00904667
4.08169 -0.0551835
3.61429 0.259886
3.591 0.398264
3.58068 0.504079
3.58664 0.575581
3.60878 0.616638
3.63449 0.649957
3.67591 0.650496
3.72659 0.63817
3.78663 0.603167
4.6768 -1.62082
5.35559 -1.98731
5.32432 -1.92711
5.29074 -1.86058
5.25693 -1.79124
5.22448 -1.72195
4.6723 -1.1034
4.6386 -0.9957
4.61036 -0.908912
4.58497 -0.835761
4.56491 -0.777534
4.55127 -0.733161
4.54469 -0.697274
4.54396 -0.67701
4.54801 -0.665386
4.5558 -0.660821
5.52521 -2.06273
5.41915 -1.94838
5.3545 -1.88794
5.52009 -1.85226
5.46369 -1.81139
5.37604 -1.72419
5.28523 -1.63905
5.1953 -1.56437
5.11073 -1.49696
5.04973 -1.44652
4.9998 -1.40524
5.70126 -1.61869
5.62243 -1.59606
5.54213 -1.57564
5.45819 -1.54717
5.47021 -1.68668
5.47659 -1.78044
5.49942 -1.7706
5.49702 -1.83654
5.48644 -1.87527
5.41885 -1.85007
4.97628 -1.1746
5.02472 -1.30998
5.07362 -1.41267
5.1159 -1.49807
5.15106 -1.55697
5.17027 -1.59638
5.18637 -1.6152
5.19859 -1.61605
4.68919 -0.10403
4.70401 -0.147322
4.71774 -0.188374
4.73208 -0.232766
4.74402 -0.27039
4.75456 -0.304823
4.76206 -0.344861
4.65056 -0.262161
4.65279 -0.295745
4.65532 -0.332785
4.65768 -0.366241
5.32567 -1.51671
5.32549 -1.50306
5.32518 -1.4891
5.32471 -1.47412
5.32417 -1.46112
5.3435 -1.55211
5.35731 -1.62024
5.3729 -1.65948
5.38295 -1.6851
5.41924 -1.42218
5.45509 -1.46876
5.48955 -1.50147
5.24083 -1.55681
5.16708 -1.3459
5.08165 -1.15173
5.01612 -1.01945
4.95008 -0.92218
4.91742 -0.797565
4.89202 -0.700632
4.87468 -0.627468
4.86513 -0.574184
3.79529 -0.996379
3.81197 -0.84175
3.83616 -0.715196
3.86663 -0.613135
3.91215 -0.553648
3.96067 -0.508046
4.01696 -0.476678
4.06943 -0.452805
4.12128 -0.435968
4.17172 -0.425212
3.18672 -1.21044
3.23115 -1.16705
3.27988 -1.12669
3.32242 -1.09757
3.36195 -1.07415
6.20842 -1.6168
6.12023 -1.70846
5.41452 -1.62654
5.34042 -1.62883
5.26033 -1.62196
5.17752 -1.60917
5.12554 -1.56417
5.07657 -1.51342
5.03146 -1.45968
4.99909 -1.4227
4.25757 -0.751132
4.27946 -0.760156
4.30042 -0.767698
4.32221 -0.775168
4.34373 -0.782406
4.36428 -0.788818
4.38334 -0.794948
4.40064 -0.800784
4.41608 -0.806305
4.44523 -0.816525
4.5127 -0.817949
6.32658 -0.859698
6.23798 -0.972251
6.14602 -1.05254
6.05556 -1.11649
5.96749 -1.16528
5.92316 -1.27331
5.86872 -1.37716
5.81571 -1.45902
5.7559 -1.52941
5.71804 -1.58128
5.64896 -1.58136
5.54231 -0.78813
5.53434 -0.874432
5.52229 -0.942222
5.51389 -0.959595
5.5233 -1.09527
5.5214 -1.20354
5.51514 -1.29126
5.50287 -1.36699
5.48834 -1.41698
5.48029 -1.46202
4.97071 -0.521233
5.00362 -0.534155
5.03737 -0.570343
5.07105 -0.605524
4.95954 -1.5326
4.92103 -1.48881
4.88145 -1.4466
4.84321 -1.40747
4.80257 -1.36823
4.76845 -1.33502
4.73412 -1.31371
4.70269 -1.29356
4.69954 -1.27477
4.69625 -1.2551
4.56449 -1.43175
4.56541 -1.41166
4.56632 -1.39199
4.56718 -1.37186
4.56804 -1.35199
4.56893 -1.33294
4.56987 -1.31509
4.05159 -2.10491
4.11083 -2.03323
4.17118 -1.96022
4.22891 -1.89041
4.28283 -1.82522
4.33273 -1.7649
4.78393 -0.450211
4.76028 -0.506047
4.73336 -0.561459
4.70768 -0.610445
4.68371 -0.654182
4.66139 -0.693408
Feature: 5.
5.61889 -2.52094
5.61328 -2.5341
5.61304 -2.53307
5.61289 -2.53218
5.61281 -2.5314
5.61274 -2.53073
5.61279 -2.53006
5.0578 -2.72657
5.07367 -2.71196
5.08792 -2.69884
5.10092 -2.68687
5.12279 -2.6715
5.14128 -2.65843
5.15778 -2.6468
5.17293 -2.63604
5.1968 -2.62657
5.21675 -2.61865
5.23447 -2.61162
5.347 -1.84779
5.35358 -1.91895
5.36097 -1.97191
5.36575 -2.02024
5.36959 -2.06771
5.36974 -2.11046
5.36846 -2.14676
5.36612 -2.17949
3.11537 -2.53868
3.19816 -2.44588
3.28315 -2.3704
3.36904 -2.30678
3.45429 -2.25467
3.54457 -2.21592
3.63076 -2.1827
3.72178 -2.14522
3.80588 -2.11012
3.89213 -2.10647
3.98904 -2.09462
5.53202 -2.69925
5.46119 -2.74698
4.63365 -2.48867
4.6501 -2.4888
4.66807 -2.48902
4.68654 -2.48934
4.70168 -2.4897
4.71494 -2.4901
4.69069 -2.49844
4.67097 -2.50559
4.65387 -2.51199
4.63867 -2.51787
5.43964 -2.81796
5.38238 -2.78581
5.31942 -2.75424
5.25458 -2.7242
5.17108 -2.70169
5.121 -2.77516
5.07558 -2.82577
5.02866 -2.8647
4.98605 -2.89242
4.95577 -2.92415
4.43549 -2.37747
4.45231 -2.45202
4.46971 -2.52366
4.48965 -2.58144
4.50826 -2.63017
4.52023 -2.63083
4.53111 -2.63046
4.53819 -2.63037
4.54514 -2.62938
4.57462 -2.61789
3.96804 -1.85
4.00659 -1.91367
4.03922 -1.96804
4.06814 -2.01618
4.09419 -2.05952
4.11764 -2.09904
4.14228 -2.13901
4.1606 -2.17596
4.18129 -2.20832
4.19341 -2.25518
4.26393 -2.27983
3.84669 -1.89993
3.83392 -1.70614
3.84518 -1.67808
3.86296 -1.67413
3.8881 -1.68997
3.92001 -1.72119
3.95948 -1.75884
4.01409 -1.82924
5.65948 -3.28623
5.56914 -3.41289
5.48853 -3.48488
5.41279 -3.53184
5.34231 -3.55908
5.27237 -3.56613
5.20508 -3.55186
5.13708 -3.52652
5.10782 -3.62827
5.07746 -3.68833
3.33094 -1.17002
3.33151 -1.19236
3.33511 -1.22723
3.34298 -1.27366
3.35179 -1.3248
3.30201 -2.06451
3.35285 -1.93489
3.40888 -1.8349
3.47254 -1.76692
3.54481 -1.72776
3.61894 -1.69527
3.69748 -1.69468
3.78399 -1.7064
3.87149 -1.74057
4.30992 -3.0806
4.88007 -3.42284
4.8488 -3.36264
4.81522 -3.29612
4.78141 -3.22677
4.74896 -3.15749
4.16668 -2.56
4.15505 -2.45978
4.1457 -2.3791
4.13715 -2.31116
4.13174 -2.2573
4.13085 -2.2166
4.13662 -2.18416
4.14538 -2.16647
4.15769 -2.15703
4.17265 -2.15432
5.59094 -2.05955
5.64143 -3.84804
5.54485 -3.73304
5.4802 -3.6726
5.3666 -3.24796
5.31021 -3.20708
5.23022 -3.1207
5.14677 -3.03631
5.06247 -2.96218
4.98274 -2.89522
4.92593 -2.84515
4.87959 -2.80419
5.86204 -3.16665
5.7832 -3.14401
5.70178 -3.12371
5.61784 -3.09524
5.59829 -3.23768
5.58043 -3.33325
5.60326 -3.32341
5.57979 -3.39062
5.5509 -3.43021
5.48606 -3.4049
5.36011 -3.13531
5.36991 -3.27787
5.38795 -3.38572
5.40057 -3.47562
5.40993 -3.53806
5.4067 -3.58027
5.40329 -3.60132
5.39855 -3.60395
4.88906 -2.08123
4.90531 -2.12438
4.92027 -2.16531
4.93568 -2.20959
4.94865 -2.24711
4.95997 -2.28146
4.96645 -2.3216
5.98764 -3.32802
5.9683 -3.35364
5.94901 -3.36616
5.92973 -3.36865
5.91035 -3.35907
5.34787 -3.17136
5.30596 -2.97235
5.27648 -2.83527
5.23893 -2.73368
5.24097 -2.60319
5.24564 -2.50061
5.25434 -2.42213
5.26737 -2.36393
3.2726 -2.68877
3.35001 -2.55172
3.42741 -2.43866
3.5044 -2.34697
3.58368 -2.2942
3.66161 -2.25389
3.7435 -2.22671
3.81826 -2.20618
3.88683 -2.19165
3.95179 -2.18278
3.98812 -2.38615
4.0075 -2.39476
4.02652 -2.40198
4.04652 -2.40915
4.06642 -2.41611
4.08573 -2.42231
4.1037 -2.42825
4.12005 -2.43393
4.13466 -2.43931
4.16048 -2.44895
4.22795 -2.45037
5.42645 -2.40007
5.39754 -2.48473
5.36839 -2.55097
5.35624 -2.56798
5.3335 -2.70018
5.30375 -2.80491
5.27337 -2.88917
5.23815 -2.96126
5.2058 -3.00819
5.17225 -3.04849
3.86203 -2.18276
3.91109 -2.20582
3.949 -2.22187
3.98094 -2.25692
4.01306 -2.29113
5.25782 -2.99432
5.22319 -2.94974
5.18696 -2.90683
5.15163 -2.86709
5.1135 -2.82732
5.08156 -2.79364
5.04361 -2.7731
5.00903 -2.75362
5.00588 -2.73483
5.00259 -2.71516
5.00021 -2.74407
5.00263 -2.72348
5.00484 -2.70338
5.00682 -2.68287
5.00867 -2.66267
5.01042 -2.64334
5.0121 -2.62523
3.85912 -3.54824
3.91836 -3.47656
3.97871 -3.40355
4.03644 -3.33374
4.09035 -3.26856
4.14026 -3.20824
Feature: 6.
11.9961 -1.73706
12.0027 -1.58083
12.0164 -1.4331
12.0334 -1.32635
12.0543 -1.23721
11.8802 -1.74879
11.9498 -1.49434
12.0226 -1.28052
12.0907 -1.09586
12.1601 -0.901993
12.2212 -0.719482
12.2914 -0.622184
12.3731 -0.526529
12.2503 -1.43098
12.2425 -1.32226
12.2334 -1.22479
12.231 -1.09607
12.2268 -1.03079
12.2241 -0.974559
12.2612 -0.940573
12.2929 -0.912621
13.8592 1.0519
13.8854 0.772723
13.8967 0.537217
13.8971 0.294831
13.885 0.141351
13.9641 -0.348573
13.9388 -0.352486
13.9183 -0.356217
13.9005 -0.359636
13.8847 -0.362912
15.0526 -0.834753
14.1624 0.321464
14.1443 0.151108
14.1227 0.0261804
14.0958 -0.0772216
14.0702 -0.160842
14.0629 -0.270101
12.9053 -0.619878
12.9192 -0.628703
12.9318 -0.635525
12.9404 -0.641785
12.9487 -0.646399
12.9714 -0.606597
12.9949 -0.559776
13.0308 -0.551132
13.0632 -0.543347
13.0851 -0.538116
13.2331 -0.421503
13.218 -0.213391
13.21 -0.0532856
13.2106 0.0663341
13.2196 0.152666
13.2355 0.228523
13.2856 0.179208
13.9945 -0.685288
13.9606 -0.803102
13.9234 -0.885367
14.4185 -1.29033
14.3279 -1.15398
14.234 -1.02164
14.1415 -0.910984
14.0546 -0.812553
13.9915 -0.735381
13.9397 -0.671081
12.9143 -0.120755
12.9538 -0.412385
12.9792 -0.623201
13.002 -0.613363
13.0146 -0.781177
13.016 -0.908512
12.9467 -0.870007
12.3347 0.0402193
12.4056 -0.240141
12.4704 -0.458554
12.5262 -0.655127
12.5717 -0.8107
12.5989 -0.934148
12.6211 -1.02601
12.6381 -1.09032
12.6928 0.0258362
12.7075 -0.0116912
12.7212 -0.0477517
12.7354 -0.0878219
12.7473 -0.121285
12.7578 -0.152538
12.7654 -0.19673
12.7729 -0.240948
12.7857 -0.279516
12.7986 -0.315328
12.8616 -0.437653
12.8633 -0.513727
12.8621 -0.570625
12.8585 -0.612142
12.8526 -0.636912
12.8454 -0.65443
12.8406 -0.597963
13.2738 -0.642183
13.2849 -1.2371
13.1912 -0.221208
13.1935 -0.254792
13.196 -0.291833
13.1984 -0.325289
13.881 -0.512686
13.8655 -0.796747
13.6484 -0.98333
12.6153 -0.337051
12.6151 -0.323398
12.6148 -0.309437
12.6144 -0.294456
12.6138 -0.281461
12.6477 -0.466352
12.6734 -0.617438
12.6973 -0.719274
12.7143 -0.800497
12.7296 -0.858576
12.7348 -0.838765
12.8482 -0.247473
12.8918 -0.344433
12.9328 -0.421262
13.222 -0.363745
13.1709 -0.358982
13.1203 -0.273324
13.0677 -0.20766
13.0729 -0.0346808
12.1637 -1.25489
12.2201 -1.03407
12.2755 -0.848233
12.3359 -0.695029
12.3905 -0.565333
12.4431 -0.469217
12.4935 -0.389642
12.5486 -0.327888
12.6105 -0.321871
12.6711 -0.295474
12.8869 -1.31225
12.8827 -1.13265
13.8938 0.632534
13.8495 0.385151
12.5562 -1.20678
12.5067 -1.21038
12.4596 -1.20181
12.416 -1.18467
12.3847 -1.17946
13.4842 0.988314
13.4735 0.759242
13.452 0.528534
13.426 0.336052
13.3907 0.15839
13.3811 -0.0269591
13.312 -0.0270405
13.3876 1.30287
13.4407 1.00922
13.4741 0.763124
13.4966 0.555282
13.51 0.364622
13.5144 0.224926
13.5317 0.0508514
Feature: 7.
12.0411 -3.03145
12.1411 -2.7728
12.2402 -2.55476
12.3311 -2.36601
12.424 -2.16747
12.5072 -1.98015
12.5914 -1.87959
12.6856 -1.78087
14.6344 -1.61805
14.6097 -1.62165
14.5897 -1.62513
14.5723 -1.62833
14.5569 -1.63142
14.966 -0.79646
14.9359 -0.975395
14.9049 -1.1068
14.87 -1.21574
14.8373 -1.3041
14.8202 -1.41986
13.3397 -1.92975
13.3524 -1.93899
13.3639 -1.94619
13.3715 -1.95277
13.3789 -1.95767
13.406 -1.91641
13.4347 -1.86787
13.4706 -1.85922
13.503 -1.85144
13.5249 -1.84621
13.8835 -0.953596
13.9116 -1.25887
13.9263 -1.49322
14.7653 -3.03999
14.6842 -2.90171
14.5995 -2.76747
14.514 -2.65533
14.4332 -2.55559
14.3753 -2.47728
14.328 -2.41199
13.842 -1.02007
13.7685 -0.987225
13.7044 -0.979621
13.6433 -1.18412
12.9443 -1.88732
12.9768 -1.98489
13.0081 -2.0622
13.1168 -1.96664
13.0658 -1.96188
13.0252 -1.87685
12.9811 -1.81167
13.0084 -1.63973
12.4426 -2.70084
12.527 -2.47432
12.6067 -2.28311
12.6881 -2.1249
12.7608 -1.99061
12.8269 -1.8909
12.8891 -1.8081
12.9544 -1.74347
13.0163 -1.73745
13.0794 -1.71034
13.3264 -2.65018
13.3682 -2.4782
13.4098 -2.34669
13.4245 -2.15736
14.4836 -0.654436
Feature: 8.
20.9402 0.635447
20.969 0.359845
21.4537 -0.960903
20.9121 0.191338
20.7121 0.118094
20.7492 -0.0975542
20.7793 -0.269552
20.8024 -0.403499
20.943 0.314445
20.9546 0.285248
20.9649 0.257258
20.9727 0.208806
20.9804 0.16101
20.9938 0.111731
21.0071 0.0664058
21.0198 0.0255632
21.0162 0.000658572
21.0125 -0.0225935
21.0153 -0.152086
21.0189 -0.287924
21.019 -0.397243
21.0162 -0.484765
21.0109 -0.549933
21.004 -0.602949
20.9989 -0.517932
20.9939 -0.500846
20.993 -0.474407
20.9924 -0.448944
22.1087 3.12328
22.279 2.1305
22.0782 1.41042
22.0999 0.960112
22.1061 0.591699
22.0209 0.683219
21.9476 0.73576
21.8834 0.771006
21.9077 0.426053
21.1086 0.749754
21.1551 0.45546
21.1906 0.207779
21.2213 0.0330828
21.2437 -0.112841
21.2634 -0.227165
21.2686 -0.208455
19.8104 -0.789566
19.8229 -0.523566
Feature: 9.
21.4384 -0.451931
21.4524 -0.734191
21.3844 -0.907482
21.1243 -1.34337
21.1449 -1.56359
21.1606 -1.73941
21.1712 -1.87655
20.9326 -1.24194
20.9451 -1.27114
20.956 -1.29914
20.963 -1.34758
20.97 -1.39538
20.9814 -1.44464
20.9929 -1.48995
21.004 -1.53078
21.0003 -1.55568
20.9966 -1.57893
20.8544 -1.69706
20.8466 -1.83168
20.8368 -1.93986
20.8253 -2.02633
20.8124 -2.09053
20.7987 -2.14267
20.7991 -2.05836
20.7947 -2.04136
20.7938 -2.01492
20.7932 -1.98946
22.3323 0.766141
22.3972 -0.23427
21.8495 -0.842086
21.8257 -1.2873
21.7924 -1.65055
21.7231 -1.5612
21.6621 -1.51025
21.6085 -1.47632
21.5935 -1.81613
19.5862 -2.26429
19.6191 -2.00124
