-0.598 5.717
-0.576624277457 5.63199421965
-0.593521645949 5.57513330476
-0.639562174613 5.63394232165
-0.622604095287 5.64489631073
-0.670478680903 5.59178856766
-0.675733799399 5.68714191137
-0.734318749567 5.76907601309
-0.721548161669 5.57986659969
-0.705469482348 5.56397194983
-0.7507159634 5.65229537104
-0.764568556137 5.70975010342
-0.78656598326 5.5790726017
-0.786566065424 5.57907257705
-0.699906290732 5.44085797445
-0.699906307985 5.44085794321
-0.699465159569 5.4409145249
-0.77866151198 5.58290062316
-0.778326176579 5.58294764586
-0.850059600416 5.5383145981
-0.850811110745 5.53819997039
-0.968024556304 5.63051720381
-0.968629802969 5.63041398448
-1.00861134462 5.49624453984
-1.00907478886 5.49615982457
-1.00948351928 5.49608517214
-1.02728750252 5.36448248078
-1.02755927502 5.3644298811
-1.05730866756 5.37338689692
-1.05749485777 5.37334906803
-1.06132792526 5.32811602874
-1.02933257405 5.23084676751
-1.04444879163 5.48579967356
-1.03536150417 5.32460944444
-1.06768559852 5.34469055182
-1.05820177799 5.24513328547
-1.10482390697 5.28056718506
-1.10674353479 5.21232372715
-1.08982168849 5.22791697152
-1.11729295856 5.29301970604
-1.10007928546 5.3088834046
-1.08170166118 5.325821549
-1.09345580803 5.31542964374
-1.07759852513 5.33004668081
-1.08739708017 5.46973843445
-1.0731528246 5.48287014054
-1.08592125616 5.59799442961
-1.07293104244 5.60997141177
-1.05260876312 5.62240614646
-1.03205284092 5.45288938004
-1.01489595443 5.46337141357
-1.04321265645 5.412256903
-1.02787643858 5.4216125486
-1.07274787655 5.33208600281
-1.05872069386 5.34061686623
-1.03484070323 5.35005983394
-1.03260654901 5.19080508876
-1.01264131015 5.19869702692
-1.04474034953 5.31728749658
-1.02701506679 5.32429158193
-1.0215999656 5.47731719284
-1.00550545951 5.48367475178
-1.03030006038 5.49454868663
-1.05102239274 5.51745218918
-1.06789100723 5.40460499414
-1.06228467408 5.17124744613
-1.08029083022 5.26662189287
-1.09947757496 5.29256103635
-1.10428059335 5.28377548554
-1.11938361245 5.31129162493
-1.16104880983 5.44901222287
-1.17230271208 5.4761944458
-1.16178305351 5.53929051132
-1.16899822124 5.56576538632
-1.17290296314 5.59461424783
-1.27003943781 5.64240989864
-1.27397161506 5.66619340161
-1.34705874606 5.76429451282
-1.3478798088 5.78606589369
-1.38893639596 5.73126342161
-1.38648922409 5.75178583556
-1.38129752986 5.77396896596
-1.37354660598 5.79678452259
-1.33279092643 5.6852662671
-1.320567021 5.81309756703
-1.38770925646 5.85648139683
-1.37325546498 5.90414894435
-1.39228243775 5.88837253668
-1.40500074289 5.86397322601
-1.36289877531 5.78593458544
-1.37581637539 5.76145801703
-1.3351821703 5.77765260949
-1.31587614525 5.74681175781
-1.31102841756 5.89129815693
-1.29648464048 5.86176412805
-1.27101928025 5.90293315639
-1.25984196589 5.87509787389
-1.25047290297 5.84548045193
-1.21582448186 5.79963376194
-1.20992973718 5.7743313691
-1.18647703752 5.52259799592
-1.18335241683 5.49975035432
-1.17183583353 5.49393950009
-1.17027388826 5.47293746899
-1.16989018794 5.45077695726
-1.12319955658 5.57804351445
-1.15233795255 5.58156715599
-1.14612339188 5.60138012609
-1.11454110643 5.49365582021
-1.08484734565 5.39433383334
-1.07725971127 5.32486164457
-1.1321415684 5.48648792898
-1.13267241328 5.53387134084
-1.15985329768 5.54832589751
-1.18479861749 5.77789971711
-1.28921460734 5.99829383678
-1.39079047783 6.19150473911
-1.38736149789 6.30600655474
-1.3864802525 6.44170890839
-1.36854640129 6.36972785445
-1.37085719855 6.42120723639
-1.33769312234 6.39502081704
-1.45153946698 6.54178597655
-1.52490341724 6.71454922932
-1.60249143539 6.86603378947
-1.56996684799 6.83016888129
-1.5732446339 6.97067958954
-1.53646424321 6.83549288232
-1.54555109102 6.8208463203
-1.55974744416 6.85743396001
-1.61387387176 6.99895361461
-1.6387892716 6.9552758694
-1.69776720954 7.08549166797
-1.7316265795 7.13676355215
-1.76903597221 7.0274891946
-1.80147195305 6.98717879077
-1.79029500078 7.00989864191
-1.75404132556 6.97217918551
-1.71704571364 6.8976426937
-1.69139547716 6.89403206601
-1.69491037297 6.91432941343
-1.66804189326 6.86054230918
-1.67156428013 6.88122810237
-1.72439318292 7.1008574729
-1.66222169075 7.09513233817
-1.61379657016 6.91768620782
-1.56792894444 6.91064995767
-1.52863488763 6.90210573611
-1.51023489295 7.02168722953
-1.48423456175 7.01326625871
-1.51714770835 7.05118921266
-1.49969423874 7.04309280005
-1.37708612569 7.01266935378
-1.36648142971 7.00396169908
-1.36034845642 6.99419559231
-1.4100601855 6.89130834331
-1.40925485595 6.88278350102
-1.48355763599 6.87754283552
-1.4897599879 6.88271817224
-1.53975551887 6.90748410264
-1.5739314726 6.86182952512
-1.55820119408 7.01317492836
-1.5471767386 7.08748194424
-1.55712651571 7.10132331499
-1.543222097 7.04527043484
-1.48060749833 6.95169794669
-1.45119025574 7.07978719182
-1.41595102774 7.00509744016
-1.383756053 6.90034478763
-1.37485357854 6.8998299385
-1.36160248625 7.09397954409
-1.2984389813 7.03466728981
-1.29178439493 7.13699681387
-1.32339911552 7.20789798391
-1.26353433169 7.07566697061
-1.27873680683 7.11315727773
-1.27524375508 7.19292966477
-1.28338216331 7.19168215666
-1.28509448256 7.29433212074
-1.29338004678 7.29302889355
-1.3256288128 7.32721826491
-1.4091812357 7.3303828283
-1.3958964465 7.25200818673
-1.46821990596 7.25604964923
-1.41454567421 7.24116540293
-1.47629325178 7.24618803047
-1.53592782379 7.25253585337
-1.47602197539 7.16573117705
-1.52284086108 7.17188734144
-1.49707932437 7.12745826834
-1.53552551951 7.13368315512
-1.53963049348 7.18207650215
-1.57202490969 7.1883193605
-1.60321443535 7.1954535666
-1.58469530137 7.15681679581
-1.55635461308 7.21716537143
-1.54961970267 7.27131552637
-1.56166308802 7.2233622302
-1.52592131966 7.1213426221
-1.49267413568 7.04009467745
-1.46076957489 6.96725836367
-1.42324247201 6.93959784291
-1.47631618343 7.09809860703
-1.52716112922 7.13058271863
-1.50658910758 7.14033205175
-1.50387252828 7.07710252797
-1.48304558582 7.08651344767
-1.48075012054 7.11941863803
-1.46094554567 7.12794124551
-1.43999064491 7.13674760176
-1.41904596147 7.14512232842
-1.39884937345 7.15278119008
-1.37989280306 7.15956884998
-1.36247120855 7.16540842837
-1.42217632306 7.36172178543
-1.41011528333 7.36548688891
-1.4088542548 7.40839923142
-1.35280513894 7.23349292847
-1.36827392642 7.36611913696
-1.42733006445 7.39433715664
-1.39809790292 7.4266299883
-1.3364222708 7.51347094799
-1.27746003218 7.44729976974
-1.21405951434 7.51964065257
-1.17171188247 7.4323519951
-1.13301066963 7.54370919468
-1.06072955475 7.44949074816
-1.02853667251 7.47263548499
-1.02747277728 7.52464912125
-0.985899546454 7.34349196272
-0.937188209592 7.3725745235
-0.907311220785 7.3800212129
-0.898473755509 7.43084282191
-0.871221689405 7.38715705445
-0.869972888077 7.55329862299
-0.810707612414 7.47112766714
-0.840935846461 7.60404752024
-0.808426134233 7.68998175984
-0.922208682829 7.72163233062
-0.923935118177 7.68745917241
-0.874135618091 7.83001497273
-0.782948051388 7.66174095829
-0.749894745619 7.58242236952
-0.653909442966 7.48833125848
-0.644640314823 7.42668350781
-0.630851237729 7.33252184944
-0.607549711092 7.29999948065
-0.571632301798 7.3332661926
-0.568921794205 7.41049631321
-0.555326829962 7.42444771169
-0.501909479645 7.55998253553
-0.429153631855 7.51517868005
-0.395234319344 7.4087262186
-0.380744455861 7.35048379814
-0.375302087034 7.48492824814
-0.378894381885 7.49146873899
-0.346125732212 7.37953479208
-0.41136128672 7.34862986408
-0.454650551553 7.34606565404
-0.450584332617 7.30664246782
-0.44815694041 7.37998874833
-0.495553753846 7.40326257982
-0.539331334913 7.35892338106
-0.595866345795 7.34331237741
-0.619027606103 7.24276723346
-0.68726138832 7.09049937085
-0.803789974744 7.05744276242
-0.792662028258 6.84961037803
-0.766169743234 6.55717381693
-0.708472331489 6.27512113157
0.0349632920819 5.77101427333
0.873376215818 5.2645048776
1.58011151046 4.87240917591
2.10294193662 4.76832585048
2.52748131308 4.73234440133
2.87082811007 4.76389699352
3.10736951402 4.82988029461
3.19274733189 5.00420074798
3.24155199131 5.09711760911
3.30337692138 5.06200288629
3.46061429046 5.06987399424
3.54025270001 4.97079806328
3.54218380644 4.84040452497
3.52441212143 4.71525027149
3.43093501638 4.64633018263
3.36676367511 4.59332772177
3.33748877408 4.52330608438
3.35070266454 4.56162293343
3.3103678412 4.51691622669
3.38872204949 4.60612776605
3.46346853545 4.75309558607
3.42022524521 4.73068415487
3.47322329277 4.73350840207
3.49488374722 4.78176637358
3.39344469939 4.57195547014
3.3088739482 4.47718002735
3.33927377903 4.59657779505
3.28824857331 4.57673765422
3.34394188076 4.66113462422
3.27544618564 4.61818077452
3.33108610689 4.65085819636
3.29551050604 4.62553917913
3.26144118839 4.59517337837
3.20712888145 4.52924578099
3.19666625249 4.57298204561
3.13607955021 4.44605083408
3.2010038315 4.50983132449
3.20623007837 4.44894963556
3.15784172404 4.44588707101
3.11845754834 4.4378543907
3.08955420956 4.42524497913
3.07117089886 4.40878119272
3.0624340187 4.389300852
3.06275913864 4.36717668787
3.06966842037 4.34367639582
3.08169416624 4.31941305647
3.12323475929 4.55065448225
3.17743757573 4.62028294861
3.10692004245 4.52857569181
3.05613508798 4.44485619141
3.07012130218 4.46245619686
3.12958789501 4.51209125158
3.13409180737 4.43939570974
3.12078222455 4.31698296601
3.2013337203 4.36947318025
3.24212430747 4.37089282112
3.1899325626 4.36516817893
3.24862484855 4.46369700635
3.27280032999 4.38344821933
3.31637942853 4.395409997
3.19256185501 4.35658870096
3.22242307595 4.40660482803
3.2871721025 4.51659157773
3.25689243451 4.44125194303
3.2457687437 4.41979949072
3.18550344299 4.33684077859
3.18968541356 4.30851422257
3.20469186008 4.36904730838
3.21955269405 4.33656812077
3.27955382312 4.34278130863
3.30364259181 4.30778956694
3.33874470767 4.26493272114
3.32506175072 4.22754432454
3.36256712769 4.18577276745
3.25423220715 4.04639872539
3.29502901796 4.00318838562
3.37539568956 4.12146690252
3.41144548913 4.07853045784
3.45946518246 4.02221137271
3.56195126898 4.00120939856
3.62552458206 3.95140905013
3.64964466611 3.9623951631
3.70941803005 3.91381973217
3.69178574208 3.9558630998
3.65084648893 4.01813333441
3.61521903309 4.0129935913
3.64544515688 4.00041986519
3.72750844882 4.01062873511
3.81545096151 4.10267278502
3.7987526107 4.11845854405
3.77211953664 4.14950740214
3.74373102663 4.07480992829
3.71170656301 4.11451434155
3.68659853529 4.1541003119
3.63267356528 4.06981112098
3.64424939165 4.10591875903
3.60841361547 4.0923680752
3.63110615222 4.10777587601
3.57569766682 4.06403800744
3.59884155564 4.07825510808
3.65791935483 4.05012249092
3.71663159345 4.17031819209
3.73782770987 4.10076419392
3.79335201405 4.15252432137
3.8057460624 4.09406286183
3.76810135915 4.11378449444
3.86463946688 4.20388419948
3.82914261915 4.22453118976
3.76659324824 4.11423950936
3.78786951075 4.15372212543
3.77043886509 4.05805427087
3.96365058306 4.12284488322
3.84002615809 4.10906096103
4.04255429803 4.25766213244
4.1196343826 4.20581663358
4.21601035601 4.26079377497
4.21773499829 4.28026270303
4.29727477765 4.17789095847
4.39087331372 4.0582951187
4.44803629392 4.26397643361
4.5332491559 4.15309123363
4.46460391268 4.03352388361
4.46224105122 4.03633957193
4.52527493107 4.12683605444
4.42795140469 3.98819365673
4.51025397204 4.08282892834
4.5300041065 4.06486430658
4.5980511567 4.19188617654
4.67135660684 4.27557161279
4.58327398496 4.28999722403
4.48742712816 4.17480476263
4.50102337175 4.1507776636
4.60497624312 4.22430753488
4.61977146264 4.23176250605
4.55546111217 4.28367244807
4.58093079943 4.2507738067
4.56681643566 4.27469378393
4.55340242453 4.29877509654
4.4946956927 4.16771767329
4.4848989336 4.18734668912
4.57329157915 4.20010650788
4.56714535874 4.21530574176
4.52954434814 4.12184464303
4.52528289668 4.13435190142
4.56790138589 4.16119346435
4.81253761536 4.4803420976
4.84864408258 4.50222757989
4.90395963738 4.47005742478
4.93633549078 4.48899430708
4.63541268194 4.28817556166
4.70421506633 4.25288524294
4.83988269341 4.34920180207
4.91590832219 4.30387446472
4.99928209443 4.35667841857
4.97468884625 4.28310496545
5.05978685373 4.35608791032
4.99892448922 4.28777507033
4.94621731911 4.17445181449
4.94077943416 4.15537741596
5.00600116785 4.27281406824
5.10357638157 4.25770538819
5.11695810046 4.21290699627
5.11375543252 4.14806375794
5.08899440815 4.10884570069
5.14008441372 4.19693293815
5.11766651905 4.16882764635
5.12697005134 4.23935842488
5.17239258828 4.40457072679
5.20446324546 4.34684628468
5.13736738955 4.3163332343
5.12865121801 4.37727163419
5.16173259174 4.40121525559
5.11347494965 4.3832998881
5.10436349166 4.39108029246
5.09043353837 4.40524854408
5.23522497521 4.46004736851
5.22000320171 4.47638305649
5.10499384724 4.41549753789
5.08830548231 4.43471633761
5.09442333994 4.40957891662
5.09362622398 4.39500265674
5.08645406813 4.39067586111
5.07241048414 4.39750487531
5.05954316852 4.41266623153
5.02287459824 4.25431842023
5.109480677 4.34412605562
5.24615120463 4.39522907069
5.53212844265 4.55087502195
5.55678424957 4.41273089195
5.90595168402 4.14393221311
6.22326558595 3.93812988689
6.41174044095 3.69761599644
7.29879936852 3.1492702641
7.88009005399 2.79974850523
8.40548706708 2.65688987497
8.75437491629 2.59188093717
8.91083347657 2.53769541205
9.04823911758 2.52571476941
9.24010265012 2.61261281919
9.21586544783 2.66333378497
9.14306373117 2.75411317522
9.06021316905 2.90681777188
9.10375633131 3.0331260683
9.03422705813 3.18420522038
8.89135826436 3.25043363213
8.90775235148 3.24918470258
8.9256668333 3.2477400645
8.94407448394 3.24615409143
8.8211174012 3.48630940035
8.83619941144 3.48491293056
8.78242573075 3.67148569074
8.79562190247 3.6701872446
8.76951403828 3.6613632895
8.68184728412 3.64276719999
8.66063957501 3.63533554206
8.52525167207 3.74718185796
8.50683834934 3.74053666071
8.44560118557 3.85211230153
8.42922824926 3.84605038077
8.41248900639 3.83970594748
8.42750726063 3.98053986647
8.555513223 4.06572278584
8.4291004979 4.09040690228
8.32688092626 4.13288546774
8.26597020997 4.15908210203
8.20028448077 4.18669855065
8.13343841669 4.21430252141
7.98544086054 4.36297017519
7.89889205126 4.38371309628
7.70811821376 4.30694141362
7.68625335697 4.29033011727
7.55344196483 4.32913699195
7.53056224656 4.32187127567
7.5037719799 4.32035511392
7.31594569959 4.31481183968
7.29124565414 4.31910014178
7.19116793712 4.38846335465
7.1861088373 4.39931965915
8.25331915912 5.04548181734
8.24867563276 5.05616178588
7.85949807534 4.98423827077
7.73942879797 4.84943831917
7.51074079148 4.70313137418
7.39853914086 4.67705179489
7.44610855789 4.71102612929
7.35927219473 4.69129661079
7.29095206763 4.6039794235
7.22856264302 4.5998308596
7.27646075222 4.56596907992
7.48521718068 4.69106121852
7.45829832126 4.68716997485
7.37731991224 4.62434364993
7.2822939149 4.56688028711
7.32096479117 4.53306258759
7.36051063 4.50138815345
7.39814392111 4.47471457608
7.43265945195 4.4534468602
7.44717585566 4.45723012011
7.46028645763 4.46153819157
7.53443608511 4.62989986075
7.54349004618 4.63345907361
7.5521735037 4.63753152046
7.57281863813 4.63373203712
7.59399992311 4.62931500464
7.62989507696 4.63791612362
7.66234889657 4.64566347129
7.74911357357 4.60125185683
7.77100405018 4.60645694419
7.79255685636 4.61156196458
7.85092362066 4.65534765804
7.89167480401 4.59639922997
7.95347651999 4.5904812674
7.9881696817 4.54035052312
7.91611645283 4.61958428798
7.9469536114 4.5752408114
8.05652619634 4.57649002368
8.08433286124 4.53654924105
8.06623896121 4.5473766729
8.09147805109 4.51124212799
8.1175959985 4.47397454061
8.03450996765 4.25935556585
8.05612481211 4.22853641649
8.0778214442 4.19789074858
8.09910416216 4.16793158261
8.1636014966 4.1320326112
8.22340743513 4.09716590915
8.46149899673 4.25750314417
8.38560937189 4.32295207183
8.40246676986 4.414807185
8.51523968283 4.47326424947
8.42902467653 4.51068762179
8.40587115267 4.4660521952
8.39201221826 4.40644398265
8.3872109836 4.33452212943
8.39027758525 4.25341164089
8.39957704004 4.16620213321
8.44107279344 4.08167027521
8.47884708126 4.0022789259
8.62315207382 3.9625509281
8.86599619442 4.02367410072
8.8586568799 4.03508467535
8.84528975124 4.06799311181
8.76861403465 4.00165497063
8.75262118962 4.04458772583
8.80514622046 4.02752939957
8.78708548579 4.07729930986
8.76458852041 4.13878376061
8.73819102331 4.21169471165
8.70881829296 4.29268903435
8.76238600888 4.31020077513
8.80302743283 4.35191993293
8.68651174948 4.40781860654
8.75752074811 4.45292663526
8.78826869484 4.48895394489
8.82944628479 4.5183025342
8.93458696463 4.47136978151
9.02927072378 4.49079513432
9.05272862044 4.39025619907
9.04389962945 4.33168600322
9.04991412223 4.30124923084
9.04530291408 4.23516046223
9.04434957433 4.15757249361
8.96478204048 4.33282366215
8.96683470714 4.25890361388
8.95461293883 4.24302439421
8.95905853626 4.17179971161
9.07864972162 4.15405718841
8.94486571355 3.99063265203
8.9319816109 4.01429609634
8.93457580622 4.01818727171
8.95291396994 4.00034420021
8.98495262576 3.96187926903
8.98316958222 3.92365906286
9.01772996157 3.87861303186
9.0624675914 3.81569776675
9.11344328446 3.73948622504
9.16864733478 3.65159718058
9.2245867052 3.55694334212
9.32624158025 3.59920423543
9.29486665795 3.58348454224
9.16407263179 3.48242356507
9.31285467099 3.61116641551
9.33292035351 3.54838705636
9.3229402137 3.56730827206
9.30106828096 3.5732139432
9.29834652678 3.60792335912
9.32828120275 3.62799728479
9.34027753519 3.72166394099
9.31875156167 3.78599636917
9.29592159534 3.85693376398
9.27330350614 3.93068884033
9.25202659745 4.00417770767
9.23281544001 4.07511471158
9.39521922821 4.25712078143
9.32115118032 4.32481638756
9.27613601076 4.42509992136
9.29904556636 4.46873097642
9.2562209188 4.51363089916
9.11268318791 4.43726539061
9.07763228622 4.47123014991
9.04680865342 4.49815060987
9.02186414086 4.51633202792
9.00322915788 4.52554021175
8.9905819964 4.52636678093
8.98364889347 4.51901184425
8.98086428631 4.50575254147
8.98127644187 4.48784560136
9.0348746834 4.44130362011
9.05283267367 4.5048621759
8.97169281904 4.45997839054
8.95450866635 4.44853631414
8.88989503057 4.46100841304
8.79697893316 4.57174279281
8.69808693668 4.92537872423
8.58726792493 5.04471169028
8.89638042894 4.94247674878
8.68958590261 4.79962331803
8.81412341977 4.69239583958
8.76602498409 4.76668499231
8.71461100726 4.84935428862
10.6852158105 3.73782470373
12.0156925974 3.27424001175
12.9201947791 3.09511504662
13.3907099663 2.8791278166
13.8557468981 2.83859011121
14.1967392327 2.86156999677
14.2537311547 2.91405177627
14.2872874444 3.08195397104
14.2424579946 3.1352624941
14.0472171094 3.32470275129
13.9668772461 3.40422078684
13.8846074206 3.48435062843
13.805050619 3.56070987896
13.7309905968 3.63176277608
13.6218217554 3.99153484497
13.5679031374 4.04264067663
13.4824828634 4.21983223219
13.4382487391 4.26131034023
13.3946885107 4.30209241239
13.3791984893 4.47428203719
13.3942356697 4.58644879848
13.3512431633 4.62465355353
13.3754168481 4.64580962174
13.2936415966 4.70743184747
13.2237901673 4.75041956442
12.9382143522 4.65762652809
12.868555654 4.70246557716
12.7953165579 4.75238926075
12.7102921397 4.73732875836
12.7464149086 4.69844750664
12.7769093256 4.68238486846
12.8014053187 4.68662750312
12.8248498393 4.69004530151
12.8414272725 4.71297977993
12.7753749302 4.74302867209
12.8083529935 4.78139115769
12.823740255 4.80787443227
12.7323529001 4.84584426871
12.7569718777 4.8668263072
12.6662461768 4.88080082901
12.6112959333 4.81551669556
12.7374642521 4.91201834021
12.5044335207 4.81093790541
12.5221413917 4.78688348333
12.5176425471 4.81876721957
12.4542811922 4.70095217613
12.3502387425 4.70055598334
12.334104128 4.7562192629
12.41259148 4.88222024242
12.3701586025 4.86635071907
12.3451370752 4.91799156952
12.4627709177 4.99215143282
12.5272684749 4.94194440581
12.5923449633 4.90654275161
12.6542694907 4.88762995961
12.7099256651 4.88764582689
12.7309450117 4.94505353598
12.7701850979 4.95900438353
12.805725165 4.98695992235
12.8364426405 5.02721575225
12.8619453071 5.07736155596
12.8452478887 5.09591083787
12.9759011013 5.14737615347
12.9858765386 5.09946065569
12.7434567766 5.00514631305
12.7525731106 4.9600051208
12.761959435 4.91186046995
12.8937268263 4.92831362868
12.9013865143 4.88722967669
12.8237569629 4.90045797712
12.8304016124 4.86326045307
12.9375244504 4.89567303076
12.9413060997 4.85751640878
12.944949781 4.81828854164
12.8592564743 4.71159431574
12.8701581588 4.68848274507
12.88118987 4.66628235788
12.8918803116 4.64588189905
12.8858233638 4.6214541867
12.8798687058 4.59867707211
12.8741196176 4.57781965978
12.9353164787 4.5977865242
12.973245434 4.66890484161
13.0007875639 4.66821808933
12.9316944956 4.56585976781
13.0203090644 4.58480454295
13.0271454804 4.60242784854
12.8618155123 4.60611846945
12.8663799492 4.63158912635
12.7744882645 4.63066516695
12.7767357491 4.66159528804
12.7769930617 4.70057943385
12.6392866085 4.63304677682
12.6376158178 4.67165492634
12.6741674402 4.51121418189
12.6680054718 4.52321023881
12.6634064642 4.53176109494
12.6644626993 4.55819395584
12.6656799819 4.58363583653
12.6670264361 4.60751566121
12.8363796335 4.83848586755
12.7432624809 4.87982189108
12.9516831412 5.06984836483
12.9878791855 5.08152810576
13.0407405224 5.07656934477
13.095939509 5.12334510877
13.2232734492 5.27499971538
13.1649007791 5.34595696072
13.1990222076 5.34521266465
13.1597804036 5.33853759934
13.1176817128 5.34923622493
13.389333173 5.36892846761
13.3346231468 5.39730243422
13.3372303063 5.36374505132
13.3401707723 5.32673510039
13.2521881842 5.35511138675
13.2549103718 5.32168328066
13.3920899279 5.25805765493
13.3946415313 5.22748338815
13.3756865699 5.3362067471
13.5011376562 5.5008119371
13.5279908385 5.76070602396
13.5491232373 5.75208846206
13.5454478522 5.65637935916
13.5432677695 5.65298987432
13.5349527905 5.6730224039
13.4947726843 5.73139182992
13.4171295522 5.66254800349
13.6134420581 5.60432648059
13.5467498429 5.53443054761
13.4468120496 5.57285672767
13.3885040755 5.50246241996
13.400766365 5.54065468744
13.3252649606 5.47265884176
13.3284250976 5.4742241189
13.3301968207 5.47873083586
13.3308492326 5.4853047032
13.3658646522 5.60521005794
13.3067104883 5.52717827973
13.317720158 5.55937202065
13.3186507691 5.5434927949
13.2701300248 5.60960554786
13.346262018 5.6570621989
13.380270552 5.71736477352
13.3044286834 5.64155388687
13.2173460458 5.59485582356
13.1893743033 5.56139162616
13.1885379259 5.57501986998
13.1382134222 5.4828732081
13.13723863 5.49680402692
13.1360557533 5.51174502637
13.1695067604 5.47439624641
13.1683493341 5.48735121288
13.2060821461 5.55447437056
13.2459599143 5.53425816969
13.4145787483 5.58418371018
13.4468043354 5.57888561032
13.4758286654 5.58775331439
13.5593366704 5.69127867182
13.5807128548 5.70832452818
13.5990714031 5.7359045553
13.6023142481 5.75776098826
13.6053986688 5.77907083921
13.4978201681 5.72053635476
13.5442028441 5.71531254622
13.5872604482 5.71956554983
13.625526971 5.73267506089
13.7834098125 5.76796241861
13.6135761547 5.67004568196
13.524981162 5.6529353418
13.6810286164 5.81989985851
13.5131828621 5.79959222165
13.6823651112 5.86855595711
13.711605267 5.86075044904
13.5781224769 5.79946476534
13.6240436407 5.76356759436
13.8330450964 5.81234786884
13.7817601256 5.81134328677
13.6692601658 5.82937416826
13.6166138928 5.8273388012
13.5634599837 5.81721007018
13.5279382601 5.77798042397
13.6415224072 5.78162146977
13.6860208214 5.93861206168
13.7370340815 6.00662869736
13.7603653767 6.07423973045
13.8989326711 6.06918462078
13.9030820556 6.0623045621
13.7444479053 6.00870203661
13.7564464031 5.9868098621
13.6109927095 5.96842207049
13.5817709084 5.92068762723
13.4611708343 5.82889517336
13.6915325939 5.89833398268
13.5542505499 5.82531024322
13.5110987216 5.76232038178
13.1173772597 5.33603889913
12.6991645462 4.95235762128
11.3558756981 4.04074894962
10.2829208815 3.38445476943
9.69725368495 3.00462506206
9.15536134829 2.71965054305
8.66481966425 2.60841985524
8.18687392918 2.51211577654
8.03582267322 2.55340934743
7.76213448614 2.61731653456
7.62209224563 2.73798160544
7.57011875816 2.67517410634
7.51315727708 2.60555636158
7.39915225924 2.68348788656
7.28120780489 2.7507758234
6.73955294671 3.10462908093
6.65197172151 3.13532558945
6.57069224159 3.15435701496
6.52207867136 3.18518019031
6.48476117095 3.2016804099
6.45795590627 3.20546193422
6.44034702512 3.19853403557
5.82639982338 3.41094757191
5.81743223733 3.39437402781
5.49463404156 3.43355190539
5.35657936795 3.49897656271
5.30204239594 3.65070141254
5.25705594794 3.64008181771
5.23040669891 3.65031722935
5.17659603177 3.69840204128
5.1624250042 3.71875301443
5.04743669692 3.60919936092
5.04856640499 3.61714441957
4.97677621896 3.6359861944
4.98895334026 3.63239180329
4.81813369026 3.53939839476
4.84876073918 3.51727046489
4.77282554662 3.52269878385
4.80734963459 3.49430921414
4.84935135455 3.45720500384
4.84531184405 3.54397700528
4.88424805306 3.50640591238
4.98066315557 3.6220945559
5.02149559577 3.58905186764
5.02695629246 3.61741829597
5.06643328767 3.58288882164
5.10998959305 3.54214246943
5.17128076089 3.53176825135
5.23026439712 3.51998454351
5.2853302284 3.50453727957
5.21902380921 3.35098760218
5.67476827084 3.77962687317
5.43561417466 3.59384764172
5.41779441799 3.53909236187
5.40386961051 3.47273353212
5.36173706067 3.42751749294
5.32655247925 3.37487291089
5.13577465256 3.25233538556
5.05676030803 3.23259414835
4.90460731548 3.12873912666
4.92962091976 3.08446482515
4.95546175311 3.03583765087
4.98045637692 2.98515736751
4.89012739082 2.97634889075
4.92948471448 2.9821789445
4.97260523947 2.98356693637
4.9780157023 2.98055678191
5.01533578499 2.9775047626
5.06096723 3.06704612422
5.09511494772 3.06123863975
5.16041625659 3.13007263169
5.19250492406 3.12208332827
5.18730961655 3.10885074866
5.0991070239 3.05212860445
5.04709786586 3.06888342415
5.01636064331 3.06095836862
5.02916926511 3.14329144049
5.09373264393 3.23768548853
5.34627823899 3.55011456851
5.22971956452 3.44864069518
5.21517535325 3.47321737746
5.228093839 3.4862671163
5.21184143284 3.46254307324
5.31941789971 3.53872775125
5.26309493363 3.41842937163
5.30358389859 3.42627963863
5.27504759786 3.35744332698
5.50844242724 3.48145863201
5.28245901994 3.36637840611
5.29880337615 3.39045146045
5.33072376586 3.40640001725
5.29093664934 3.4561888668
5.43320656531 3.59318061727
5.43902658804 3.64959271216
5.41802220639 3.61248168282
5.45784370576 3.67407216062
5.3848191831 3.69443259482
5.34184603718 3.69735631192
5.23496255647 3.62844413477
5.2144977929 3.51818786915
5.15680922312 3.55831505067
5.09373002247 3.60532036728
5.02876379561 3.65723772967
5.01138040357 3.74470101416
4.99503248464 3.83262594204
4.98025523498 3.9187354752
5.02313186977 4.07508360853
5.01365938585 4.13851245746
5.00423470229 4.20436212294
5.01836385384 4.31511509704
5.08876698652 4.29266542619
5.02467854119 4.15099581905
5.04627650465 4.14257919088
5.08394096786 4.14622482347
5.104403543 4.13813944717
5.1255529922 4.12960902856
5.14632055733 4.12098826683
5.16595600008 4.11254129221
5.18405165757 4.10438634629
5.20037200306 4.09664939079
5.21484739865 4.08941119088
5.24435829801 4.08044980547
5.30925369935 4.06193354162
5.36646341852 4.04335170346
5.37683974286 4.06483362019
5.49020426869 4.03403849403
5.38969534389 4.06724656428
5.39238735985 3.94308413239
5.31674391919 3.94720323858
5.28000664265 3.86199932785
5.20093652785 3.87461679954
5.42796640929 3.93632322989
5.350679282 3.95349411563
5.34319408226 3.88833530924
5.26843310391 3.91039086848
5.11155216026 3.81315802
5.0848138916 3.80587292229
5.05222611178 3.80688069373
5.09836578666 3.85418267974
5.06701573549 3.86282109289
5.03040510203 3.87972254451
5.02650091765 3.92898723559
4.95800627589 3.9379231123
4.8940347907 3.94739205765
4.93400297625 3.98860676398
5.06412275956 4.08461087995
5.11419862863 4.1374026649
5.13612503468 4.13988270767
5.13714457697 4.12528991929
5.09070951888 4.02494496741
5.08731528574 4.01622768307
5.10291169188 3.96265626957
5.09628932419 3.95884270042
5.12372719117 3.93085981256
5.05478783616 3.87317343086
5.0718570767 3.85948451326
5.08410506461 3.85422264154
5.09109218657 3.85736954631
5.09251309917 3.86884069638
5.1083779159 3.9115353754
5.11680422343 3.96115231398
5.18064849148 3.93490162627
5.24821051599 3.94906640952
5.27796753699 3.94871597355
5.41068228908 4.07513523888
5.45983496043 4.05227482944
5.33361893934 4.04086408546
5.36504341474 4.01324478853
5.39943626661 3.98252282549
5.43372742859 3.95207564004
5.46669702216 3.92298283112
5.29327883185 3.77944840345
3.82193154421 2.67511566634
2.97516834207 2.14285248012
2.34571402547 1.73964130469
2.08334780496 1.76008990493
1.77659161739 1.6931688119
1.57629792271 1.80512154865
1.35188885801 1.72264703928
1.21226492158 1.75880418446
1.0524046423 1.64367400893
0.978836505363 1.73815585695
0.902201675353 1.7476192104
0.847097381487 1.79505499253
0.751768800726 1.76914919483
0.718672701423 2.03716480568
0.655345034204 1.93963776804
0.602913143132 1.79011347228
0.560215055681 1.82054141279
0.499689934109 1.77008229746
0.456615822756 1.80087592077
0.473694464457 2.01161941816
0.432566979421 2.04100248131
0.38953516712 2.07193166638
0.32728885067 1.95491854628
0.291198389354 1.98104949762
0.245968781066 1.97043133436
0.214970537956 2.00358504011
0.161070441804 1.94436235641
0.132422575879 1.97465645096
0.094123418401 2.10862004603
0.0909327155188 2.12740605545
0.087600060631 2.14706784747
0.129108616463 2.40282092911
0.126320753444 2.41930344834
0.0348349295164 2.16293890331
0.0420163500713 2.19762349389
0.00800952117522 2.40779601269
-0.0339100720718 2.33679723563
-0.0779120452117 2.20116262793
-0.115792387364 2.19244380292
-0.143475850657 2.24236037771
-0.187973207732 2.20439003087
-0.19710175523 2.13724106366
-0.197829034985 2.15211616554
-0.249445952049 2.06741946458
-0.249938921158 2.0825543655
-0.250268442733 2.09874369373
-0.250407681075 2.1151853277
-0.250355430156 2.13125945769
-0.250127543688 2.1465331395
-0.239170485482 2.16427668117
-0.237551009272 2.23203525249
-0.204240377894 2.40997462602
-0.185720969178 2.29019762457
-0.228663071313 2.24731078508
-0.215121806227 2.36754513602
-0.213208542124 2.39487518311
-0.166292264597 2.52251715593
-0.177388965634 2.38253645921
-0.17814039023 2.48856005271
-0.173276814314 2.43672150295
-0.200552412731 2.37162594379
-0.222338621228 2.26982313992
0.387581881487 1.11469188891
0.157721661073 1.34009701843
0.0513048044239 1.86500211671
-0.0752587839758 1.82851519661
-0.143313452956 1.91319244266
-0.168937890269 2.0927819023
-0.185478322681 2.12551580474
-0.221053856742 2.0151383554
-0.238373371898 1.95241057002
-0.251284054177 1.83611831531
-0.280968553473 2.08191452157
-0.221564445231 2.15346193561
-0.242861605071 2.14269965902
-0.182343288295 2.21557007171
-0.144845741145 2.37440472959
-0.0869596796612 2.44408550924
-0.127209183047 2.25695724743
-0.0731443546132 2.3220188328
-0.0831252275101 2.30549380414
-0.0330821868133 2.36569782669
0.0193931737813 2.42880971251
0.0285816676531 2.61361240906
0.0741725903838 2.78790745157
0.0750658802289 2.61326445122
0.0903269424161 2.786875264
0.106600714925 2.68507705166
0.103218112976 2.58838574259
0.12959372078 2.69062446491
0.126241865415 2.63906580966
0.12948604435 2.60181367377
0.108334749328 2.57072140375
0.0839867250066 2.53654751116
0.0737847856408 2.42616081241
0.050685116085 2.3953927106
0.0620304353872 2.54479280506
0.040560763773 2.51668704748
0.0607479300538 2.73208503738
0.0408302643485 2.70627057197
0.0625934728156 2.6570957894
0.0436606632329 2.63334358109
0.111051989393 2.64743504888
0.15279818829 2.57233592968
0.201111293764 2.50564292583
0.219850620486 2.40750273963
0.192802606798 2.36465973156
0.163270225003 2.31773036572
0.114156052469 2.10747084822
0.102112864615 1.96252398535
