-0.598 5.717
-0.576624277457 5.63199421965
-0.593521645949 5.57513330476
-0.639562174613 5.63394232165
-0.622604095287 5.64489631073
-0.670478680903 5.59178856766
-0.675733799399 5.68714191137
-0.734318749567 5.76907601309
-0.721548161669 5.57986659969
-0.705469482348 5.56397194983
-0.7507159634 5.65229537104
-0.764568556137 5.70975010342
-0.78656598326 5.5790726017
-0.78656598326 5.5790726017
-0.699906208567 5.44085799909
-0.699906208567 5.44085799909
-0.699906187802 5.44085799909
-0.779102540212 5.58284409736
-0.779102520577 5.58284409736
-0.850835944414 5.5382110496
-0.850835925189 5.5382110496
-0.968049370749 5.63052828301
-0.968049370749 5.63052828301
-1.0080309124 5.49635883837
-1.00484229334 5.50705909352
-1.00513149124 5.50608854106
-1.02293547448 5.3744858497
-1.02317792681 5.37367216917
-1.05292731935 5.38262918499
-1.05314278261 5.38190608873
-1.05697585009 5.33667304945
-1.02498049889 5.23940378821
-1.04009671647 5.49435669427
-1.03100942901 5.33316646514
-1.06333352336 5.35324757252
-1.05384970283 5.25369030617
-1.1004718318 5.28912420577
-1.10239145962 5.22088074785
-1.08585939319 5.23588645773
-1.11333066326 5.30098919225
-1.09651273346 5.31625435538
-1.07855679788 5.3325524978
-1.09031094472 5.32216059253
-1.07481661127 5.33622439733
-1.08461516631 5.47591615096
-1.070696195 5.48855003889
-1.08346462656 5.60367432796
-1.07077041393 5.61519655174
-1.05066316586 5.62747733234
-1.03010724366 5.45796056592
-1.01304943553 5.46832751183
-1.04136613754 5.41721300126
-1.02608943525 5.42646897378
-1.07096087322 5.33694242799
-1.05693728483 5.34538942538
-1.03228717781 5.35505775753
-1.0300530236 5.19580301235
-1.00944310967 5.20388113872
-1.04154214905 5.32247160838
-1.02324385104 5.32963918437
-1.01782874985 5.48266479528
-1.00121337024 5.48916921431
-1.02600797111 5.50004314917
-1.04673030347 5.52294665172
-1.06359891796 5.41009945668
-1.05799258481 5.17674190867
-1.07599874095 5.27211635541
-1.0940981008 5.29746222996
-1.0989011192 5.28867667916
-1.11318503049 5.31547877401
-1.15485022788 5.45319937194
-1.16553068286 5.47961505023
-1.15501102429 5.54271111574
-1.16105143607 5.56860566831
-1.16408493571 5.5967151641
-1.26122141037 5.6445108149
-1.26120452935 5.66857594402
-1.33429166036 5.76667705523
-1.33191569861 5.78859676427
-1.37297228577 5.73379429218
-1.36861305896 5.75416604166
-1.36218873722 5.77593893153
-1.35581876962 5.79761778246
-1.31506309008 5.68609952697
-1.30283918464 5.8139308269
-1.3699814201 5.8573146567
-1.35552762862 5.90498220422
-1.37455460139 5.88920579655
-1.38815733671 5.86464317299
-1.34605536914 5.78660453242
-1.35985885394 5.76196607947
-1.31922464885 5.77816067193
-1.30173307105 5.74759009827
-1.29688534336 5.8920764974
-1.28345403162 5.86292158158
-1.25798867139 5.90409060991
-1.24796502425 5.87659545398
-1.23988418937 5.84732679101
-1.20523576827 5.80148010103
-1.19875088133 5.77679043543
-1.17529818168 5.52505706225
-1.17252277414 5.50259244418
-1.16100619085 5.49678158995
-1.1594531118 5.47619143625
-1.11036740935 5.60998633633
-1.11447164415 5.57607713593
-1.14364174413 5.57751761441
-1.13819043012 5.59578955648
-1.10727612759 5.48800263879
-1.07794967434 5.38826837053
-1.07053128266 5.31827143611
-1.12546235312 5.47920891495
-1.12608674245 5.52623614925
-1.15332784301 5.54045378593
-1.17832123545 5.76982240275
-1.28276735894 5.99008485536
-1.38436951574 6.18320974109
-1.38096442833 6.29765481418
-1.38010054714 6.43331678348
-1.36217948049 6.36130850725
-1.36449947623 6.41276733713
-1.33134218665 6.38656615827
-1.4451933011 6.53332034177
-1.5185608104 6.70607564079
-1.59615144385 6.857554447
-1.56362879324 6.82168538974
-1.56690798731 6.9621930524
-1.53012862627 6.82700414018
-1.53921622371 6.81235596317
-1.553413124 6.84894242338
-1.60753995075 6.99046121664
-1.63245564218 6.94678284389
-1.69143379291 7.07699818405
-1.72529331826 7.12826973386
-1.76270282439 7.01899513239
-1.79513888802 6.97868455048
-1.78396199619 7.00140427164
-1.74770836507 6.96368472038
-1.71071278535 6.88914815934
-1.68506257236 6.88553748112
-1.69055562211 6.90687568022
-1.66368716194 6.85308853395
-1.66922035596 6.87484063294
-1.72204927294 7.09446997295
-1.66099620815 7.08910524962
-1.61257109734 6.91165909824
-1.56662419622 6.90509470149
-1.52739280019 6.89704143408
-1.5089928126 7.01662291225
-1.48228052676 7.00871765584
-1.51519367776 7.04664060034
-1.49731225431 7.03899677397
-1.3747041441 7.00857332158
-1.36453748796 7.00016114553
-1.36016089533 6.99052990942
-1.40987262642 6.88764265609
-1.4104456758 6.879229219
-1.48474845708 6.87398855083
-1.49095080972 6.87916388598
-1.54094634117 6.90392981536
-1.57512229523 6.85827523712
-1.55939201695 7.00962063987
-1.54836756163 7.08392765538
-1.55831733886 7.09776902588
-1.54441292024 7.04171614553
-1.48179832163 6.94814365725
-1.45238107909 7.07623290227
-1.41714185112 7.00154315055
-1.38494687641 6.89679049796
-1.37604440196 6.89627564879
-1.36279330969 7.09042525435
-1.29962980475 7.03111300005
-1.29297521839 7.13344252409
-1.32458993898 7.20434369412
-1.26472515516 7.07211268081
-1.2799276303 7.10960298793
-1.27643457855 7.18937537496
-1.28495847502 7.18861439025
-1.28667079427 7.29126435432
-1.29537074547 7.29048888668
-1.32761951149 7.32467825804
-1.41156471177 7.32830660946
-1.39827992257 7.24993196788
-1.4710418777 7.25438209093
-1.41736764595 7.23949784463
-1.48007533871 7.24475218772
-1.54127572983 7.25119586603
-1.48136988143 7.16439118971
-1.52886353223 7.1707806894
-1.50310199553 7.1263516163
-1.5421487089 7.13278087645
-1.54625368287 7.18117422348
-1.5791940914 7.1876006736
-1.61095431447 7.19492520931
-1.59243518049 7.15628843852
-1.56409449221 7.21663701413
-1.55735958179 7.27078716908
-1.56940296714 7.22283387291
-1.53366119878 7.1208142648
-1.5004140148 7.03956632016
-1.46850945402 6.96673000638
-1.43098235114 6.93906948562
-1.48405606255 7.09757024974
-1.53490100835 7.13005436134
-1.51358692673 7.13968664502
-1.51087034743 7.07645712124
-1.48929137443 7.08575383549
-1.48699590916 7.11865902584
-1.46647558582 7.12707736706
-1.44494257562 7.13547507899
-1.42341772226 7.14343551933
-1.40265932542 7.15068908554
-1.38317311309 7.15709067125
-1.36525177526 7.16258966706
-1.42495688977 7.35890302412
-1.4125483342 7.36242883959
-1.41128730567 7.4053411821
-1.35523818981 7.23043487915
-1.37070697729 7.36306108764
-1.42976311531 7.39127910731
-1.40053095379 7.42357193897
-1.33885532166 7.51041289866
-1.27989308305 7.44424172042
-1.21649256521 7.51658260324
-1.17414493334 7.42929394578
-1.1354437205 7.54065114536
-1.06316260562 7.44643269884
-1.03096972337 7.46957743566
-1.02990582815 7.52159107192
-0.988332597322 7.34043391339
-0.939621260459 7.36951647417
-0.909744271652 7.37696316358
-0.900906806377 7.42778477258
-0.873654740272 7.38409900513
-0.872405938945 7.55024057367
-0.813140663282 7.46806961782
-0.843368897329 7.60098947092
-0.8108591851 7.68692371051
-0.924641733696 7.7185742813
-0.926368169044 7.68440112309
-0.876568668959 7.8269569234
-0.785381102256 7.65868290897
-0.752327796486 7.5793643202
-0.656342493833 7.48527320916
-0.64707336569 7.42362545849
-0.633284288597 7.32946380012
-0.609982761959 7.29694143132
-0.574065352665 7.33020814328
-0.571354845072 7.40743826389
-0.55775988083 7.42138966237
-0.504342530512 7.55692448621
-0.431586682723 7.51212063073
-0.397667370211 7.40566816928
-0.383177506729 7.34742574882
-0.377735137901 7.48187019882
-0.381327432752 7.48841068967
-0.348558783079 7.37647674276
-0.413794337588 7.34557181476
-0.457083602421 7.34300760472
-0.453017383485 7.3035844185
-0.450589991277 7.37693069901
-0.497986804713 7.4002045305
-0.541764385781 7.35586533174
-0.598299396662 7.34025432809
-0.62146065697 7.23970918413
-0.689694439187 7.08744132152
-0.806223025611 7.0543847131
-0.795095079125 6.84655232871
-0.768602794101 6.5541157676
-0.710905382357 6.27206308224
0.0325302412144 5.767956224
0.870943164951 5.26144682827
1.57767845959 4.86935112659
2.10050888575 4.76526780116
2.52504826221 4.72928635201
2.86839505921 4.7608389442
3.10493646315 4.82682224529
3.19031428102 5.00114269866
3.23911894045 5.09405955979
3.30094387051 5.05894483697
3.45818123959 5.06681594492
3.53781964914 4.96774001396
3.53975075557 4.83734647564
3.52197907056 4.71219222217
3.42850196552 4.6432721333
3.36433062425 4.59026967245
3.33505572321 4.52024803506
3.34826961367 4.5585648841
3.30793479034 4.51385817737
3.38628899862 4.60306971672
3.46103548458 4.75003753675
3.41779219435 4.72762610555
3.47079024191 4.73045035275
3.49245069635 4.77870832425
3.39101164853 4.56889742082
3.30644089733 4.47412197803
3.33684072817 4.59351974572
3.28581552244 4.57367960489
3.34150882989 4.6580765749
3.27301313478 4.6151227252
3.32865305602 4.64780014703
3.29307745517 4.62248112981
3.25900813753 4.59211532905
3.20469583058 4.52618773166
3.19423320162 4.56992399628
3.13364649934 4.44299278475
3.19857078063 4.50677327517
3.20661480115 4.44452804851
3.15898413737 4.44268305181
3.12062814969 4.43584922722
3.09297518418 4.42436018997
3.07698977532 4.40836259282
3.07054469844 4.38929566792
3.07190817374 4.3681642216
3.07996033313 4.3454599748
3.09318762622 4.32180802719
3.13472821927 4.55304945297
3.1889310357 4.62267791933
3.11841350242 4.53097066252
3.06762854795 4.44725116213
3.08161476216 4.46485116758
3.14108135499 4.51448622229
3.14558526735 4.44179068046
3.13227568453 4.31937793672
3.21282718028 4.37186815097
3.25361776744 4.37328779183
3.20142602258 4.36756314965
3.26011830852 4.46609197707
3.28429378996 4.38584319004
3.3278728885 4.39780496772
3.20405531498 4.35898367167
3.23391653593 4.40899979875
3.29866556248 4.51898654845
3.2644792572 4.49392636105
3.22998196606 4.40809274774
3.21050715593 4.37664749154
3.21029031885 4.35233995199
3.143477067 4.26200256461
3.1582042087 4.23376545094
3.17757815325 4.30326551543
3.20045335796 4.2722167456
3.26367073687 4.28152228399
3.29317890325 4.24837136151
3.33139947872 4.20815980104
3.31878550236 4.17266470064
3.35733481168 4.13346831818
3.24952282949 3.99517740629
3.28913926604 3.95513217628
3.37009559802 4.0744454159
3.39844822473 4.03466172719
3.43759649494 3.98232943969
3.54045900695 3.96196693523
3.59180145572 3.91884044483
3.61613634383 3.93022448422
3.66355540366 3.88878403204
3.6460600145 3.93108540855
3.60520276908 3.99351038491
3.63230581633 3.98235977929
3.71055242449 3.9916795812
3.79770065563 4.0807901603
3.77786889062 4.09552249743
3.74722324399 4.12757838841
3.72175158579 4.0544282494
3.68531787694 4.09722125948
3.66196459534 4.13708646987
3.60911579664 4.05321914174
3.62130636097 4.08943874588
3.58592377992 4.07600374925
3.60891520996 4.09148328672
3.55373507761 4.04780694166
3.57703507063 4.06206158167
3.63622571505 4.03395838209
3.69502121118 4.15417191585
3.7184625948 4.08550531095
3.77405699714 4.13728269375
3.78865293306 4.08083334209
3.75421571801 4.10364864042
3.85080905305 4.1937621329
3.81737691915 4.2184657457
3.75486269402 4.10818304135
3.77615983823 4.1476709114
3.75874292667 4.05200654582
3.95196410429 4.11679953991
3.82834641516 4.10301731444
4.03087938118 4.25161969933
4.10796296455 4.19977508475
4.20434148083 4.25475286725
4.2060679756 4.27422226256
4.27518925784 4.39953615729
4.21560380118 4.32309765906
4.20779965534 4.33569398494
4.2631675081 4.42864403186
4.16659544483 4.30087073278
4.24524795622 4.39781756334
4.26347701768 4.38320069573
4.33027262789 4.51193477169
4.4027964651 4.59724473823
4.31443522626 4.61304042535
4.21833714954 4.4989459622
4.23167898455 4.47564965371
4.33543083411 4.54968967961
4.35009813361 4.55753059157
4.28569953338 4.60972010528
4.31110048894 4.57702936201
4.31564928573 4.5805354411
4.32286302843 4.5818841415
4.26409510538 4.45101578735
4.27291532994 4.44982317582
4.3612670509 4.46270626037
4.37101481925 4.45971367767
4.33338694169 4.36633452872
4.34380171702 4.36175007783
4.40637229992 4.37159986366
4.6509892515 4.69080674172
4.70360537397 4.69805110062
4.75890910261 4.6659169604
4.80577148983 4.67152163092
4.50484103556 4.47072623113
4.57363881634 4.43544992269
4.70930340598 4.53177572328
4.78532693358 4.48645478364
4.86869921494 4.53926327708
4.84410489508 4.46569308844
4.92920212645 4.53867839685
4.86833919801 4.47036727472
4.81563161722 4.35704526983
4.81019343287 4.33797178318
4.87541494819 4.45540910055
4.97299000259 4.44030090576
4.98637160522 4.39550286794
4.98316885244 4.33065988803
4.95840776616 4.29144201937
5.00949772653 4.37952939447
4.98707979889 4.35142420312
4.9963833071 4.42195505496
5.04180582648 4.58716741038
5.07387647083 4.52944300732
5.00678060557 4.49892998544
4.9980644272 4.55986840614
5.03114579595 4.58381204272
4.98288815022 4.56589668631
4.98253014768 4.56217601429
4.97846860363 4.56269311
5.12326003715 4.61749194452
5.11671590396 4.62121150886
5.00170654731 4.56032599689
4.99276345515 4.56775932762
5.00695349748 4.53118323603
5.01392345839 4.5046474951
5.01388449035 4.48846157974
5.00784459334 4.48165659568
5.00251107723 4.48366031364
4.96584250518 4.32531250771
5.05244858308 4.41512014574
5.18911911018 4.46622316239
5.47509634786 4.62186911469
5.49975215455 4.48372498541
5.84891958883 4.21492630708
6.16623349064 4.00912398123
6.35470834555 3.76861009105
7.24176727306 3.2202643589
7.82305795849 2.87074260017
8.34845497154 2.72788397001
8.69734282072 2.66287503229
8.85380138099 2.60868950723
8.99120702198 2.59670886462
9.18307055451 2.68360691443
9.15883335221 2.73432788023
9.08603163555 2.8251072705
9.00318107343 2.97781186717
9.04672423569 3.1041201636
8.9771949625 3.25519931568
8.83432616874 3.32142772744
8.86165397484 3.31851335307
8.89151960925 3.31487523392
8.92231304234 3.31089861258
8.79935595961 3.5510539215
8.82467692876 3.54757044342
8.77090324806 3.7341432036
8.79314252551 3.73091234334
8.77154928282 3.72136217999
8.68388252866 3.70276609048
8.66669096508 3.69411223897
8.53130306214 3.80595855488
8.51662926563 3.7976627486
8.45539210186 3.90923838942
8.44260353712 3.90115065283
8.42979650674 3.89227502292
8.44481476098 4.03310894191
8.57282072334 4.11829186129
8.44640799825 4.14297597773
8.3441884266 4.18545454319
8.28387080199 4.21147408099
8.21870233412 4.239283435
8.15226988601 4.26747731274
8.00427232986 4.41614496653
7.91819640543 4.43698288328
7.72742256793 4.36021120061
7.7064479744 4.34454028427
7.57363658226 4.38334715895
7.55178874635 4.37647281709
7.52591764566 4.37567386999
7.33809136534 4.37013059576
7.31403773899 4.37530363395
7.21396002197 4.44466684683
7.21009785765 4.45673503488
8.27730817947 5.10289719307
8.27406024504 5.11410911721
7.88488268762 5.0421856021
7.76481341025 4.9073856505
7.53612540376 4.76107870551
7.42392375314 4.73499912622
7.47149317017 4.76897346062
7.38465680701 4.74924394212
7.31633667991 4.66192675483
7.2539472553 4.65777819093
7.3018453645 4.62391641125
7.51060179295 4.74900854985
7.48368293354 4.74511730618
7.40270452452 4.68229098126
7.30767852718 4.62482761844
7.34735543947 4.59046872462
7.38781120469 4.55844399429
7.42653707158 4.53099865117
7.46189964176 4.50927678169
7.47592924656 4.51353945564
7.48842159742 4.51856215456
7.56257122489 4.68692382374
7.57109650863 4.69115647602
7.57856990919 4.69701492174
7.59876035372 4.69432344655
7.61924542348 4.69108210947
7.6565549979 4.70256364807
7.69029587234 4.71285623322
7.77706054934 4.66844461875
7.79982487071 4.67532505948
7.82223996733 4.68204848446
7.88060673163 4.72583417792
7.92254415638 4.66527961715
7.98434587235 4.65936165458
8.01992267884 4.60793407498
7.94786944997 4.68716783984
7.97939338486 4.64172673894
8.0889659698 4.64297595122
8.11852006054 4.59993730711
8.10042616051 4.61076473896
8.1270653641 4.57203939922
8.15448023895 4.53224362425
8.0713942081 4.31762464949
8.09390541556 4.28486276185
8.11671833319 4.25174052658
8.13889623092 4.21961791942
8.2050284009 4.18085516786
8.26675380628 4.14457662621
8.50484536788 4.30491386123
8.42895574304 4.37036278889
8.44581314101 4.46221790206
8.55858605398 4.52067496653
8.47129457913 4.5573138751
8.44752422419 4.51181735733
8.43275357473 4.45159099496
8.42676721291 4.37930592722
8.42841251026 4.29806895926
8.43610018342 4.21093603317
8.47559444161 4.12673740165
8.51153360485 4.04735630463
8.65583859741 4.00762830683
8.89868271801 4.06875147945
8.89381325649 4.07948783778
8.88342912599 4.1109743393
8.8067534094 4.04463619812
8.79297375086 4.08783550384
8.8454987817 4.07077717757
8.82918886794 4.12189193514
8.8069683182 4.18704741929
8.78073985448 4.26436465805
8.83258975384 4.28587408675
8.87355192294 4.33000874759
8.9037543853 4.39230338662
8.78723870195 4.44820206023
8.85162956863 4.50500999185
8.88237751536 4.54103730148
8.93078463872 4.60234628161
8.97558020673 4.63427351994
9.08447159961 4.58438032379
9.17934501902 4.60439204762
9.20099120574 4.50248635525
9.15739839147 4.54790986104
9.1616491646 4.5176907467
9.09407790635 4.66423588045
9.07942721754 4.6593902502
9.17430674523 4.64989959726
9.05670004681 4.50534299269
9.04158324926 4.49665555901
9.04450915626 4.46458908815
9.04123948203 4.4279727056
9.11665869197 4.45669505854
9.09625792549 4.44418522005
8.97900112868 4.35111183472
9.12092567305 4.4722139677
9.14190684679 4.41084856806
9.12396469334 4.41557861687
9.12149181814 4.44773163347
9.15026380883 4.46762681732
9.16231483278 4.55999532536
9.21744558403 4.52743870093
9.2781296722 4.49138306642
9.34094849155 4.45378563568
9.40315330838 4.41624509182
9.462749415 4.37994869932
9.62522868444 4.56300485477
9.55156950343 4.63148633719
9.5067560914 4.73226009567
9.52976692857 4.77626117757
9.40268167108 4.70887859008
9.47898440381 4.64582981835
9.48725865055 4.69043568362
9.41625463738 4.65539344398
9.39581043932 4.64520457831
9.39661935945 4.60180763537
9.26939269822 4.69890262243
9.15966466447 4.77467447831
9.07104076773 4.82671400503
8.95840835239 5.21131707825
8.89910736633 5.23231033671
8.77415680606 5.35612854579
8.73365408219 5.3588247879
8.70316860609 5.3481227601
9.09235559294 5.20828611569
9.07693329029 5.19230621749
8.80192298102 5.01854951963
8.79455529123 4.99550843566
8.94733608678 4.87579813644
10.7065320735 3.89291686003
12.014840035 3.43172915383
12.9495447742 3.23419905522
13.4611423771 3.00330056805
13.9593262142 2.94884688667
14.3268151477 2.96128303131
14.4045354142 3.00607808121
14.4532848797 3.1682887943
14.2930782745 3.33060378031
14.205024357 3.4140014779
14.1149071831 3.49135121136
14.0282652441 3.55771604529
13.9486753365 3.61076980084
13.8437675613 3.96882881435
13.7848375276 3.99992091538
13.7006482725 4.18088467416
13.6531481839 4.1984963454
13.6075392491 4.2092081389
13.5922971122 4.38487966832
13.6074318289 4.49916448004
13.5645391919 4.53880390679
13.5887510957 4.56094911282
13.5070224137 4.62326310194
13.4359920935 4.67247990779
13.079734419 4.63143465432
13.1504560966 4.5802646379
13.005364031 4.68780555334
12.9203534199 4.6731878631
12.9452330756 4.65365613073
12.9657131131 4.65207659266
12.9811801383 4.66818969165
12.9917705417 4.70009006193
13.0233554219 4.73714372698
12.9401284432 4.77261867748
12.9615869397 4.79402332062
12.8721026855 4.8088507535
12.8165471891 4.74537725403
12.9406483446 4.84160718437
12.7079271353 4.7414094846
12.7249301389 4.71765679811
12.7199600087 4.74967576004
12.6562874214 4.63206275873
12.5520134676 4.63174532781
12.5356803445 4.68745672141
12.61401327 4.81349090758
12.571476617 4.79765747045
12.5463779894 4.84932261847
12.6639533696 4.92350051802
12.7200630536 4.89018218259
12.7762710996 4.87338344225
12.828956192 4.8754493104
12.8759391037 4.89601205848
12.8969010822 4.95343940418
12.9298032739 4.98311252108
12.9592678926 5.02678450888
12.9839563791 5.08365183201
13.0041935597 5.14915316298
12.9874586891 5.16771538336
13.1180929003 5.21918725222
13.1224975871 5.17879341921
12.8800651203 5.084483482
12.8840853234 5.04618049367
12.8881635468 5.00511951822
13.0199218234 5.02157582611
13.0231441675 4.98638523578
12.9455089912 4.9996154806
12.9495252596 4.97008108298
13.0566444501 5.0024949213
13.0602277091 4.97445379511
13.0638396479 4.94403745454
12.978143765 4.83734411925
13.0250821625 4.85265981438
13.0621595434 4.91572230299
13.0919403288 4.91866880585
13.0291630244 4.82290710962
13.1176603729 4.84212166024
13.1209475882 4.85412330509
12.9589925647 4.85846750754
12.9649191024 4.881907565
12.8743664465 4.88148952281
12.8772139428 4.91152219891
12.8777079134 4.94968403441
12.7408029074 4.88257660422
12.7390302558 4.92065429479
12.7759629357 4.76047500436
12.7699545484 4.770809989
12.765589292 4.77744693228
12.7696163885 4.79803935612
12.7737221044 4.81785345213
12.7778086572 4.83644020583
12.9474645798 5.06754769351
12.854505314 5.10895810258
13.0630180207 5.29902843819
13.0992767186 5.31073888082
13.2030831892 5.43434167983
13.157283439 5.50565688034
13.1924895452 5.5125258914
13.1571800266 5.51152874413
13.1174296802 5.52597179634
13.3876849026 5.54839341701
13.3346241471 5.57879727022
13.3052129715 5.56942754926
13.2727167222 5.55937834177
13.1860190585 5.58973411681
13.1565904095 5.58095800084
13.2944442796 5.51869726127
13.2674924062 5.51095271622
13.2490515465 5.62053351647
13.3747989046 5.78565929089
13.4018581265 6.04589974527
13.4231341588 6.03753532967
13.4195614198 5.94200720102
13.387275047 5.98914548245
13.5444166582 5.9451045484
13.4717508735 5.97565925831
13.4733493078 5.97709431601
13.4742311003 5.98075127942
13.4742999598 5.98658386121
13.5068131179 6.09459401455
13.4535467754 6.02695834786
13.4644370058 6.06006102359
13.4656352494 6.04616739282
13.4178058318 6.11272374699
13.4935436852 6.16089866116
13.5275758987 6.2218003062
13.4519639717 6.14671193188
13.3650039448 6.10046211002
13.3370628964 6.06730109441
13.2929009762 5.98662622504
13.3171628498 5.95479586784
13.3481056659 6.00398307754
13.3382411889 5.93315668398
13.4963221001 5.97959035272
13.4805843314 5.92266484706
13.4570524294 5.88022918251
13.5458068732 5.98325619744
13.5211078183 5.95928654233
13.4897856193 5.94947123871
13.4453402231 5.94590530825
13.4029053681 5.94344182926
13.3016036963 5.88732983096
13.2566809837 5.8780549003
13.2129563133 5.86522207824
13.1718032563 5.84957240508
13.333006343 5.88610259759
13.1650509438 5.78888769644
13.0775722472 5.77217980812
13.2343322981 5.93939236708
13.0670083317 5.91927575902
13.2365477204 5.98837231514
13.266049702 5.98066465933
13.1327582777 5.91945029353
13.1788172459 5.8836046219
13.3879187808 5.93242212753
13.3745826498 5.93139943546
13.2621664764 5.94946135419
13.2440567641 5.96123268637
13.2198445008 5.9858784669
13.1843883529 5.94667317791
13.2980104049 5.95032830241
13.3425333793 6.10732800244
13.3935634779 6.17535089007
13.416906664 6.24296633872
13.5554824849 6.237914397
13.5976019301 6.26957850447
13.4389747929 6.21597858397
13.4791334396 6.25206634097
13.3336848176 6.23368043311
13.3044661718 6.18594716197
13.1838682172 6.09415549539
13.4142314574 6.16359485466
13.2769504693 6.09057150739
13.2337994021 6.02758192869
12.8400784921 5.60130065105
12.4218661801 5.21761952231
11.0785776244 4.30601095926
10.005623021 3.64971685826
9.41995597997 3.26988720867
8.87806375678 2.98491273179
8.38752215555 2.87368207475
7.9095764809 2.77737801849
7.75852526905 2.81867160576
7.48483711416 2.88257880484
7.34479489714 3.00324388445
7.29665906899 2.96747351784
7.24354415248 2.92802648515
7.15469171242 2.97979875998
7.06015674948 3.03081302757
6.51850191523 3.38466629398
6.44712970454 3.41182870203
6.37941841561 3.43247008827
6.30090812309 3.50085222491
6.22687716089 3.56630976806
6.17083074199 3.61225466861
6.129667575 3.64252780768
5.51572038951 3.85494135006
5.49247071282 3.86166864693
5.16967252545 3.90084652763
5.13683728825 3.87250035423
5.11259183639 3.83415302313
4.95319160682 3.90969342866
4.90104702274 4.07037747133
4.85973900309 4.05369688564
4.83681330706 4.06048114386
4.78556130423 4.10648973028
4.80069609665 4.10240246729
4.68800253929 3.99004970548
4.71459723401 3.9765236319
4.64486141327 3.99387691113
4.67826586079 3.97258559265
4.50887131169 3.87848238329
4.56603385423 3.83926808248
4.49114733022 3.84400561507
4.54720112891 3.80230213726
4.60887542723 3.75339215813
4.60560740939 3.83967214587
4.6590639801 3.79393646546
4.75595824383 3.90931869832
4.81212706534 3.87141521832
4.81789631073 3.89958050212
4.86986921339 3.86188475113
4.92483608962 3.81934686168
4.98786962909 3.78918801469
5.04795594291 3.75800065907
5.10365549876 3.72656064786
5.03759256771 3.57285171006
5.49345941688 4.00141146298
5.25437914119 3.81558383547
5.22749824987 3.7689960599
5.20620128989 3.71014670683
5.18995858555 3.64242836446
5.17830695238 3.5684786951
4.98759446934 3.44589844137
4.90861444097 3.42613477145
4.75648266995 3.32226587618
4.78608356948 3.27635072903
4.81674246174 3.22575842283
4.84651562157 3.17279631076
4.75620490846 3.16397589068
4.80810743006 3.15679601524
4.86305741827 3.14537607461
4.86847943559 3.14235836823
4.91449537401 3.12936469513
4.96013372823 3.21890154096
5.00134100608 3.20465943971
5.06664674213 3.27349053808
5.10460288626 3.25812851124
5.09941048898 3.24489402952
5.01120965171 3.188170738
4.95920165445 3.20492479901
4.92846523626 3.19699921776
4.94127442922 3.27933191632
5.00583821886 3.37372569585
5.25838411144 3.68615458137
5.14182565322 3.5846805667
5.12728159944 3.60925714605
5.14020019999 3.62230680986
5.12394787757 3.59858271207
5.23152440553 3.67476735014
5.17520148404 3.55446894139
5.21569048153 3.56231918712
5.18715420455 3.49348285996
5.42054905125 3.61749815366
5.42959821107 3.67626303776
5.43400094712 3.76157376183
5.15209202912 3.61801390272
5.1501064283 3.71544765853
5.18901240717 3.75474200019
5.18479372917 3.85451856287
5.23526523768 3.87859953643
5.2281619566 3.98069994786
5.13790652665 3.90976420123
5.30784919279 4.07014697018
5.23401879723 4.0077648871
5.20743494154 3.96231668153
5.24622330502 4.02271721228
5.17022724111 4.0408790672
5.14010039105 4.02263797247
5.03155665531 3.95125879041
5.01055342273 3.83946081086
5.0048821449 3.85368094376
4.99585089722 3.87409235151
4.98429124607 3.89938934844
4.96499953199 3.96445412512
4.94835348341 4.02713479999
4.93490081265 4.08579921313
4.97735409886 4.24116597995
4.96934946628 4.28266860056
4.96321711929 4.32338607007
4.97710184033 4.43356491867
5.04737563318 4.41080022811
4.98320284746 4.26893190238
5.00935344449 4.25599542246
5.04695584899 4.25949403295
5.07335512207 4.24519221526
5.10206340017 4.22832182398
5.13162514804 4.20949166095
5.16084154563 4.18933153579
5.18881886968 4.16843269743
5.21495733097 4.14731164992
5.23890737728 4.12639415711
5.27870011086 4.10409156676
5.36470391143 4.06949599075
5.44018914791 4.03583337868
5.45050899801 4.05718231608
5.56384707267 4.02632487796
5.46332259504 4.05949634865
5.46600446549 3.93531002554
5.3868542573 3.94153949961
5.35010911546 3.85631707109
5.26791323324 3.87076985605
5.49493755614 3.93246319778
5.41461200045 3.95176508786
5.40712300771 3.88659735183
5.32943155969 3.91105860194
5.17254806305 3.81381974333
5.14455147996 3.80929989669
5.10982783337 3.81493186579
5.15596567693 3.86222954047
5.12290410999 3.87484025986
5.08460395843 3.89590845671
5.08001431033 3.94975356522
5.01201002047 3.96266430249
4.94855573305 3.97587781418
4.98852258721 4.01708938611
5.11864170767 4.11309194157
5.16871717671 4.16588278476
5.19064331817 4.16836220463
5.19110388248 4.15511107325
5.14466861758 4.0547656345
5.14133077613 4.04648193001
5.15692703562 3.99291017125
5.15068945672 3.98902251492
5.17830137447 3.96349521915
5.10936191194 3.90580858433
5.12620395909 3.89473475512
5.1384686162 3.89163144771
5.14571693555 3.8964087503
5.1480996013 3.90822520792
5.16645341667 3.95020684617
5.17735855164 3.99875903095
5.24120273953 3.97250815454
5.30876472494 3.98667284573
5.33852172256 3.9863223547
5.47123645925 4.11274158378
5.35927367701 4.10261940061
5.39112187866 4.07631545135
5.42599198462 4.04745652
5.46198851369 4.01759987267
5.49759392975 3.98799794276
5.32166904627 3.84636720227
3.85968133347 2.75087981122
3.0107103028 2.2175946629
2.37750327068 1.81228969846
2.11129287305 1.83023238242
1.80166421036 1.76160157064
1.59915413118 1.87222889943
1.37310665743 1.78885446609
1.23225980469 1.82433583693
1.07150259128 1.70872424207
0.997273315617 1.8028452476
0.920155176618 1.81204821257
0.864697444761 1.8592937387
0.769110909357 1.8332496548
0.73582618667 2.10116353915
0.672360861331 2.0035630759
0.619828455546 1.85398516784
0.57652690121 1.87918147876
0.515918175058 1.82867767524
0.472176871411 1.85421274453
0.489194768248 2.06492374781
0.447479892077 2.08931619736
0.403781955867 2.11503197337
0.34149065792 1.99799481536
0.304799826153 2.01975802685
0.25954220304 2.00912489032
0.229679963449 2.04013116394
0.175761645335 1.98089874127
0.147983591128 2.00931388724
0.109672387841 2.14327104393
0.107662717958 2.15725628414
0.105573242945 2.17189535126
0.14707322161 2.42764384863
0.145334705732 2.43991755296
0.0538435943442 2.18355018204
0.0610218906221 2.21823310282
0.0270130167923 2.42840452867
-0.0149079860076 2.35740499827
-0.0589109572615 2.22176985711
-0.0967920162838 2.21305064896
-0.124475998335 2.2629669465
-0.168973732308 2.22499639822
-0.178102554218 2.15784728435
-0.179095509804 2.17032859445
-0.230712654691 2.08563177173
-0.231523885518 2.09833247325
-0.232227469464 2.1119169647
-0.232763221201 2.12571403437
-0.233116030709 2.13920355579
-0.233303481167 2.15202067446
-0.220523363375 2.16960674888
-0.218904094055 2.23736520963
-0.185593564923 2.41530452852
-0.167074217705 2.29552749419
-0.21001636045 2.25264063301
-0.196475123483 2.37287496891
-0.194561879339 2.40020500534
-0.147645616166 2.52784697049
-0.158742327597 2.38786626821
-0.159493759747 2.49388985767
-0.154630189332 2.44205130497
-0.18190579176 2.37695574367
-0.203692003181 2.27515293824
0.406228497399 1.12002168608
0.176368275428 1.34542681477
0.0699514176427 1.87033191245
-0.0566121715864 1.8338449919
-0.124666841172 1.91852223763
-0.150291278927 2.09811169704
-0.166831711662 2.1308455993
-0.202407245957 2.02046814983
-0.219726761285 1.95774036437
-0.232637443689 1.84144810959
-0.262321943077 2.0872443158
-0.200833682267 2.1569234847
-0.222130842183 2.14616120807
-0.15945916638 2.21709913681
-0.121961619286 2.37593379467
-0.0619840307607 2.4437353538
-0.102233534185 2.25660709197
-0.0461845302086 2.31988365952
-0.0561654031312 2.30335863085
-0.00425705858459 2.36188230731
0.0501953610822 2.42318702175
0.0593838549355 2.60798971829
0.104974777656 2.7822847608
0.105868067494 2.60764176044
0.121129129677 2.78125257321
0.137402902182 2.67945436088
0.134020300231 2.58276305181
0.160395908033 2.68500177413
0.157044052667 2.63344311887
0.160288231602 2.59619098299
0.137424539651 2.5642014953
0.11094979923 2.52908620066
0.100747859863 2.41869950191
0.0756004371792 2.38711256266
0.0869457564809 2.53651265712
0.0635499185339 2.50767659958
0.0837370848143 2.72307458948
0.0620119288866 2.69660153949
0.0837751373535 2.64742675692
0.0631033796482 2.62307831739
0.130494705808 2.63716978518
0.172240904705 2.56207066598
0.220554010179 2.49537766213
0.239293336901 2.39723747592
0.211414526543 2.35377042993
0.180961316724 2.30616392359
0.13184714419 2.09590440609
0.119803956336 1.95095754322
