PILLARS.
Pillar: 1.
-3.61889 -2.88568
-3.61889 -2.88568
-3.61889 -2.88568
-3.61889 -2.88568
-3.61889 -2.88568
-3.61889 -2.88568
-3.61889 -2.88568
-3.61889 -2.88568
-3.61889 -2.88568
-3.61889 -2.88568
-3.61889 -2.88568
-3.77339 -2.83692
-3.77339 -2.83692
-3.77339 -2.83692
-3.77339 -2.83692
-3.77339 -2.83692
-3.77339 -2.83692
-3.65417 -2.84882
-3.65618 -2.84876
-3.6578 -2.8487
-3.65912 -2.84866
-3.60611 -2.7892
-3.60841 -2.79091
-3.61029 -2.79232
-3.61184 -2.79348
-3.61315 -2.79447
-3.61425 -2.7953
-3.61519 -2.79602
-3.61601 -2.79664
-3.61671 -2.79717
-3.61733 -2.79765
-3.61041 -2.80883
-3.61041 -2.80883
-3.53955 -2.81145
-3.54113 -2.81135
-3.54253 -2.81125
-3.54377 -2.81117
-3.54487 -2.8111
-3.54586 -2.81104
-3.54675 -2.81098
-3.54754 -2.81092
-3.43239 -2.85414
-3.43239 -2.85414
-3.92107 -2.88224
-3.91364 -2.88157
-3.90704 -2.88099
-3.90113 -2.88046
-3.89583 -2.87999
-3.89106 -2.87957
-3.88673 -2.87919
-3.88281 -2.87884
-4.08029 -2.71916
-4.08019 -2.71923
-4.37379 -2.81705
-4.36943 -2.81672
-4.36542 -2.81642
-4.36174 -2.81614
-4.35834 -2.81588
-4.3552 -2.81564
-4.35229 -2.81542
-4.34959 -2.81522
-3.77058 -2.68172
-3.2798 -2.98593
-3.27174 -2.98362
-3.26396 -2.98151
-3.25643 -2.97959
-3.24914 -2.97783
-3.24207 -2.97622
-3.2352 -2.97475
-3.22854 -2.9734
-3.64132 -2.94717
-3.64043 -2.94659
-3.35259 -2.96347
-3.35381 -2.96268
-3.35493 -2.96195
-3.35595 -2.96126
-3.3569 -2.96062
-3.35777 -2.96002
-3.35858 -2.95946
-3.36205 -2.80478
-3.36279 -2.80413
-3.3635 -2.80352
-3.56719 -3.07909
-3.56713 -3.07901
-3.13387 -3.16115
-3.13629 -3.16038
-3.18743 -2.94632
-3.19641 -2.94671
-3.20424 -2.94702
-3.21112 -2.94725
-3.21721 -2.94743
-3.46502 -3.08743
-3.4647 -3.08785
-3.46439 -3.08826
-2.87832 -3.00108
-2.87639 -3.00169
-2.87451 -3.00229
-2.87267 -3.00287
-2.87087 -3.00344
-3.41612 -3.4153
-3.26588 -2.80442
-3.26523 -2.80461
-3.26459 -2.80479
-2.94193 -2.87468
-2.94147 -2.87504
-2.94102 -2.87539
-2.94057 -2.87573
-2.94014 -2.87606
-3.23939 -2.49073
-3.2391 -2.4899
-3.23881 -2.48908
-3.23853 -2.48829
-3.18005 -2.26785
-3.17999 -2.26683
-3.17992 -2.26582
-3.17986 -2.26484
-3.05213 -2.64961
-3.0513 -2.64944
-3.05048 -2.64927
-3.04967 -2.64911
-3.04888 -2.64895
-3.04811 -2.64879
-3.47522 -2.66893
-3.47521 -2.66883
Pillar: 2.
-3.54185 -1.14389
-3.54185 -1.14389
-3.54185 -1.14389
-3.54185 -1.14389
-3.54185 -1.14389
-3.54185 -1.14389
-3.54185 -1.14389
-3.54185 -1.14389
-3.54185 -1.14389
-3.54185 -1.14389
-3.54185 -1.14389
-3.38735 -1.19264
-3.38735 -1.19264
-3.38735 -1.19264
-3.38735 -1.19264
-3.38735 -1.19264
-3.38735 -1.19264
-3.27656 -1.20259
-3.27862 -1.20251
-3.28027 -1.20245
-3.28163 -1.2024
-3.28886 -1.13395
-3.29184 -1.13552
-3.2943 -1.13682
-3.29634 -1.13789
-3.29807 -1.13879
-3.29954 -1.13956
-3.3008 -1.14022
-3.30189 -1.14078
-3.30284 -1.14127
-3.30367 -1.1417
-3.4407 -1.19237
-3.4407 -1.19237
-3.30675 -1.20286
-3.30834 -1.20276
-3.30973 -1.20266
-3.31097 -1.20258
-3.31207 -1.20251
-3.31306 -1.20245
-3.31395 -1.20239
-3.31474 -1.20234
-3.5805 -1.1495
-3.5805 -1.1495
-3.84211 -1.17299
-3.83461 -1.17234
-3.82793 -1.17175
-3.82197 -1.17123
-3.81661 -1.17077
-3.81178 -1.17035
-3.80741 -1.16997
-3.80344 -1.16962
-3.04362 -1.29198
-3.04371 -1.29192
-3.43494 -1.3237
-3.43077 -1.32325
-3.42694 -1.32284
-3.42342 -1.32246
-3.42017 -1.3221
-3.41717 -1.32178
-3.41439 -1.32147
-3.41182 -1.32119
-3.43979 -1.34612
-3.183 -1.61339
-3.17481 -1.61109
-3.16692 -1.60899
-3.15929 -1.60707
-3.15192 -1.60532
-3.14478 -1.60371
-3.13787 -1.60224
-3.13116 -1.60089
-3.90727 -1.17635
-3.90536 -1.17562
-3.66767 -1.20073
-3.66845 -1.19986
-3.66915 -1.19906
-3.66979 -1.1983
-3.67038 -1.1976
-3.67091 -1.19694
-3.67141 -1.19632
-3.1629 -1.44824
-3.16348 -1.44762
-3.16404 -1.44703
-3.72072 -0.971699
-3.72013 -0.971586
-3.55613 -1.0908
-3.55807 -1.08993
-3.08059 -1.43418
-3.0809 -1.43352
-3.08119 -1.43289
-3.08148 -1.43228
-3.30927 -1.22324
-3.30444 -1.22407
-3.30006 -1.22484
-3.29607 -1.22555
-3.41889 -1.32799
-3.41889 -1.32809
-3.2931 -1.42854
-3.37269 -1.40763
-3.37261 -1.40782
-3.37252 -1.40801
-3.02965 -1.71757
-3.02759 -1.71888
-3.02555 -1.72015
-3.02353 -1.72141
-3.02153 -1.72264
-3.23041 -1.52826
-3.23048 -1.52865
-3.23055 -1.52902
-3.23062 -1.52939
-3.2289 -1.48862
-3.22834 -1.4888
-3.22779 -1.48898
-2.97397 -1.55875
-2.97354 -1.55911
-2.97311 -1.55946
-2.97269 -1.5598
-2.97228 -1.56013
-3.05451 -1.2801
-3.05409 -1.28006
-3.05367 -1.28001
-3.05327 -1.27997
-3.05287 -1.27992
-3.05248 -1.27988
-3.0521 -1.27983
-3.05172 -1.27979
-3.64462 -1.18851
-3.64468 -1.18828
-3.64474 -1.18804
-3.6448 -1.18782
-3.64485 -1.18759
-3.15133 -1.25597
-3.15112 -1.25589
-3.15092 -1.25581
-3.15072 -1.25573
-3.15052 -1.25565
-3.15033 -1.25558
-3.32719 -1.39946
-3.32638 -1.3993
-3.32558 -1.39914
-3.3248 -1.39898
-3.32403 -1.39882
-3.32327 -1.39867
-3.37431 -1.4733
-3.3743 -1.4732
Pillar: 3.
-1.42799 -0.580119
-1.42799 -0.580119
-1.42799 -0.580119
-1.42799 -0.580119
-1.42799 -0.580119
-1.42799 -0.580119
-1.42799 -0.580119
-1.42799 -0.580119
-1.42799 -0.580119
-1.42799 -0.580119
-1.42799 -0.580119
-1.65096 -0.69066
-1.65413 -0.69156
-1.65674 -0.692282
-1.65892 -0.69287
-1.66076 -0.693356
-1.66232 -0.693761
-1.66367 -0.694102
-1.66483 -0.694394
-1.66585 -0.694642
-1.66674 -0.694858
-1.72013 -1.45519
-1.72166 -1.46212
-1.72303 -1.46833
-1.72426 -1.47391
-1.72537 -1.47895
-1.72638 -1.48351
-1.7273 -1.48766
-1.72813 -1.49144
-1.7289 -1.4949
-0.94994 -0.349465
-0.941624 -0.347386
-0.93362 -0.345475
-0.925905 -0.343716
-0.918459 -0.342093
-0.911264 -0.340594
-0.904302 -0.339207
-0.897559 -0.337923
-1.02343 -0.740588
-1.02127 -0.741526
-0.797058 -0.684963
-0.7977 -0.684823
-0.798282 -0.684691
-0.79881 -0.684564
-0.799292 -0.684444
-0.799732 -0.68433
-0.800135 -0.684221
-0.792372 -0.825111
-0.877434 -0.740131
-0.738747 -0.482224
-0.739217 -0.481884
-0.739669 -0.481561
-1.09526 -0.796338
-1.09463 -0.796887
-0.974775 -0.58051
-0.976593 -0.580249
-0.76523 -0.509868
-0.774311 -0.510166
-0.782213 -0.510394
-0.789152 -0.510569
-0.79529 -0.510699
-0.664582 -0.467846
-0.664788 -0.467434
-0.664988 -0.467039
-0.665182 -0.466659
-0.816257 -0.477742
-0.811742 -0.477509
-0.807655 -0.477291
-0.803939 -0.477087
-0.756935 -0.465949
-0.557507 -0.840294
-0.558244 -0.839806
-0.55894 -0.839343
-0.926342 -0.87993
-0.688321 -0.632062
-0.686843 -0.632293
-0.68548 -0.632507
-0.684216 -0.632708
-0.0858338 -0.891422
-0.0860513 -0.891035
-0.0862532 -0.890663
-0.0864434 -0.890305
-0.0616703 -0.96854
-0.0622278 -0.968466
-0.0627514 -0.968397
-0.0632475 -0.968332
-0.0399684 -0.929825
-0.0402237 -0.929483
-0.0404665 -0.929152
-0.0406974 -0.928833
-0.0409182 -0.928525
-0.0411279 -0.928227
-0.0413286 -0.927939
-0.041519 -0.927661
-0.0417007 -0.927392
-0.955032 -0.758258
-1.00312 -0.401367
-1.00223 -0.401745
-1.00139 -0.402105
-1.00059 -0.402449
-0.999828 -0.402775
-0.0525628 -0.898378
-0.052519 -0.898213
-0.052474 -0.898054
-0.0524291 -0.897898
-0.0669667 -0.900509
-0.0668656 -0.900471
0.168817 -0.674108
0.165718 -0.67478
0.162827 -0.675419
-0.0311173 -0.775027
-0.406638 -0.751173
-0.406351 -0.751163
-0.572141 -0.0473587
-0.763708 -0.689781
-0.763551 -0.689776
-0.763398 -0.689772
-0.763247 -0.689768
-0.7631 -0.689764
-0.762956 -0.689759
-0.762817 -0.689755
-0.76268 -0.689751
-0.832169 -0.635497
-0.832164 -0.6356
-0.80036 -0.45031
-0.887704 -0.409856
-0.887656 -0.409965
-0.887608 -0.410071
-0.648512 -0.492465
-0.646746 -0.493199
-0.644994 -0.493918
-0.64326 -0.494621
-0.641542 -0.49531
-0.763697 -0.725572
-0.763669 -0.725598
-0.763641 -0.725624
-0.720707 -0.601149
-0.720998 -0.601028
-0.721277 -0.600909
-0.721542 -0.600795
-0.878221 -0.389658
-0.878358 -0.389912
-0.87849 -0.39016
-0.878615 -0.390403
-0.981321 -0.479314
-0.981001 -0.479734
-0.980689 -0.480144
-0.503692 -0.293277
-0.502337 -0.293392
-0.501011 -0.293505
-0.499714 -0.293614
-0.498444 -0.293721
0.132296 -0.897116
0.130868 -0.897126
0.129487 -0.89714
0.128157 -0.897157
0.126869 -0.897177
-1.11634 -0.943696
-0.896214 -0.399743
-0.895736 -0.399751
-0.895269 -0.399758
-0.701579 -0.349088
-0.701163 -0.3494
-0.700758 -0.349706
-0.700363 -0.350005
-0.699978 -0.350298
-0.0138903 -0.932634
-0.0134623 -0.932652
-0.0130414 -0.932669
-0.0126295 -0.932687
-0.012224 -0.932704
-0.0118263 -0.932721
-0.0114365 -0.932737
-0.0110535 -0.932754
0.0942989 -0.900106
-0.936817 -1.1662
-0.936366 -1.16564
-0.935926 -1.16509
-0.935495 -1.16456
-0.775166 -1.13969
-0.775048 -1.13877
-0.774933 -1.13788
-0.774821 -1.137
-0.663846 -0.617494
-1.01578 -0.689148
-1.01592 -0.689173
-1.01605 -0.689199
-1.00355 -0.404097
-1.00355 -0.404048
-1.00355 -0.404
-1.00355 -0.403953
-1.00355 -0.403906
-0.708284 -0.86166
-0.708476 -0.861735
-0.708665 -0.861809
-0.708852 -0.861882
0.102304 -0.958307
0.102252 -0.958191
0.102203 -0.958077
0.102155 -0.957966
0.10211 -0.957856
0.0279573 -0.820788
0.0281837 -0.820757
-0.8818 -0.689669
-0.881592 -0.689592
-0.881389 -0.689516
-0.881188 -0.689441
-0.880991 -0.689368
-0.880798 -0.689295
-0.803455 -0.632651
Pillar: 4.
5.05497 -1.24351
5.05497 -1.24351
5.05497 -1.24351
5.05497 -1.24351
5.05497 -1.24351
5.05497 -1.24351
5.05497 -1.24351
4.77975 -1.27507
4.77975 -1.27507
4.77975 -1.27507
4.89085 -1.24318
4.88879 -1.24287
4.88714 -1.24262
4.88579 -1.24241
4.9741 -1.25011
4.9741 -1.25011
4.9741 -1.25011
4.9741 -1.25011
5.70436 -1.19849
5.71186 -1.19826
5.71853 -1.19807
5.7245 -1.1979
5.72985 -1.19775
5.73468 -1.19763
5.73906 -1.19752
5.74303 -1.19742
5.87633 -1.10442
5.88047 -1.10279
5.88428 -1.10129
5.88777 -1.0999
5.891 -1.0986
5.89398 -1.0974
5.89674 -1.09628
5.8993 -1.09523
5.53697 -0.381163
5.53544 -0.388095
5.53407 -0.394303
5.53283 -0.399885
5.53172 -0.404924
5.53071 -0.409488
5.5298 -0.413636
5.52896 -0.417417
5.5282 -0.420874
4.9658 -0.931519
4.96509 -0.932841
4.96445 -0.934064
4.96387 -0.935198
4.96334 -0.936252
4.96285 -0.937235
4.9624 -0.938151
4.97527 -0.89988
4.88488 -0.998958
5.04247 -0.962414
5.05172 -0.96127
4.13244 -1.13852
4.1319 -1.13875
4.13137 -1.13897
4.90303 -1.15792
4.89397 -1.158
4.88609 -1.15805
4.87917 -1.15809
4.87304 -1.15811
5.27591 -0.985775
5.27481 -0.986655
5.27382 -0.987449
4.29414 -1.08448
4.29387 -1.08457
4.29361 -1.08466
4.29336 -1.08475
4.06707 -1.53713
4.07203 -1.5348
4.07654 -1.53266
4.08064 -1.53067
4.1271 -1.52204
5.44885 -1.11135
5.44627 -1.11094
5.44431 -1.11071
5.44246 -1.11048
5.4407 -1.11027
5.00131 -1.21031
5.00593 -1.20889
5.01015 -1.20757
5.01401 -1.20634
5.01756 -1.2052
4.96748 -0.995448
4.96672 -0.995598
4.96601 -0.995744
4.59896 -1.02331
4.80589 -1.23467
4.80748 -1.23388
4.80895 -1.23314
4.81031 -1.23245
4.95832 -1.16487
4.96075 -1.16422
4.58226 -0.802388
4.58206 -0.80305
4.58188 -0.803688
4.5817 -0.804303
4.6009 -0.724674
4.60036 -0.725034
4.59986 -0.725378
4.59938 -0.725709
4.89909 -0.902109
4.94505 -0.906899
4.66991 -0.924429
4.66965 -0.924628
4.66941 -0.92482
4.66918 -0.925008
4.66896 -0.92519
4.66875 -0.925366
4.66855 -0.925538
4.66836 -0.925706
4.66818 -0.925868
5.10522 -1.02113
5.10504 -1.02118
5.13235 -1.09316
5.00021 -1.46364
5.0013 -1.46283
5.00235 -1.46205
5.00334 -1.4613
5.00429 -1.46057
4.98687 -1.2127
4.98804 -1.21226
4.61244 -0.950709
4.61248 -0.95085
4.61252 -0.950987
4.61256 -0.951121
4.59805 -0.951441
4.59815 -0.951449
4.80879 -1.15949
4.80584 -1.15875
4.80309 -1.15805
5.15607 -1.06244
5.15532 -1.06246
4.79972 -0.338442
4.56692 -0.68856
4.56722 -0.689024
5.26417 -1.1728
5.26381 -1.17264
5.26346 -1.17249
5.26312 -1.17234
5.26279 -1.1722
5.27886 -1.16269
4.73376 -1.73812
4.79717 -0.98611
4.79733 -0.986208
4.79747 -0.986304
4.79762 -0.986398
4.79776 -0.98649
4.7979 -0.986579
4.79804 -0.986666
4.79817 -0.986751
4.71016 -1.19576
4.71188 -1.19535
4.71352 -1.19496
4.71509 -1.19459
4.71659 -1.19422
4.71803 -1.19387
4.71942 -1.19353
4.83617 -1.08009
4.8363 -1.08008
4.83642 -1.08006
5.2049 -1.02369
5.20339 -1.02397
5.20194 -1.02424
5.20053 -1.0245
5.18813 -0.784165
5.18651 -0.784662
5.18495 -0.785145
5.18344 -0.785615
5.18197 -0.786073
5.18056 -0.786518
5.17918 -0.786951
5.17785 -0.787374
4.95564 -0.82758
4.95513 -0.827838
4.95465 -0.828089
4.95417 -0.828335
4.99153 -0.830296
4.98873 -0.830703
4.98631 -0.831072
4.83507 -1.22948
4.83548 -1.22897
4.83588 -1.22846
4.83627 -1.22797
4.82412 -1.13049
4.74194 -1.04585
4.74201 -1.04578
4.74208 -1.0457
5.01591 -0.600829
5.0177 -0.600212
5.01947 -0.5996
5.02123 -0.598991
5.02297 -0.598386
5.16471 -0.886664
5.16351 -0.886926
4.99105 -0.946885
4.99108 -0.946928
4.99111 -0.946969
5.01918 -1.07006
5.01888 -1.06995
5.0186 -1.06984
5.01834 -1.06973
5.0485 -0.985675
5.04827 -0.985641
5.04804 -0.985608
3.91949 -1.30652
3.92106 -1.30571
3.92259 -1.30492
3.9241 -1.30414
3.92556 -1.30338
4.87416 -0.730649
4.87273 -0.730752
4.87136 -0.730854
4.87003 -0.730956
4.86874 -0.731058
4.58467 -1.19747
4.5852 -1.19707
4.58573 -1.19669
4.81358 -0.858405
4.81401 -0.858609
4.81442 -0.858809
4.81483 -0.859006
4.81522 -0.859199
4.57679 -0.904437
4.57722 -0.904552
4.57764 -0.904665
4.57805 -0.904777
4.57846 -0.904887
4.57886 -0.904994
4.57925 -0.905101
4.57963 -0.905206
4.68505 -0.91337
5.1032 -1.02286
5.10311 -1.02286
4.82337 -0.939038
4.82385 -0.93916
4.82431 -0.93928
4.82477 -0.939399
4.98393 -1.39304
4.98403 -1.39239
4.98414 -1.39176
4.98424 -1.39114
5.07537 -1.15855
5.18599 -1.56242
5.18562 -1.56165
5.21683 -1.05251
5.2167 -1.05248
5.21658 -1.05246
5.16975 -1.33574
5.16977 -1.33554
5.1698 -1.33535
5.16982 -1.33516
5.16984 -1.33497
5.09782 -1.11723
5.09786 -1.11717
5.47758 -0.914596
5.4774 -0.914642
5.47721 -0.914687
5.47702 -0.914732
4.51689 -1.04239
4.51683 -1.04242
4.51678 -1.04245
4.51673 -1.04247
4.51668 -1.0425
4.43726 -1.05241
4.43748 -1.05243
4.80228 -1.11359
4.80235 -1.11355
4.80241 -1.11352
4.69931 -1.21927
4.69951 -1.2192
4.69972 -1.21914
4.69991 -1.21907
4.70011 -1.21901
4.7003 -1.21894
4.77123 -1.226
5.05098 -1.1169
5.05093 -1.11687
5.05088 -1.11684
5.05083 -1.11681
5.05078 -1.11677
5.0507 -1.11674
4.44194 -1.14479
4.44275 -1.1445
4.44354 -1.14421
4.44432 -1.14393
4.44509 -1.14365
4.44584 -1.14338
Pillar: 5.
5.6944 -2.59187
5.6944 -2.59187
5.6944 -2.59187
5.6944 -2.59187
5.6944 -2.59187
5.6944 -2.59187
5.6944 -2.59187
5.31377 -2.62417
5.31377 -2.62417
5.31377 -2.62417
5.43177 -2.58952
5.42975 -2.5892
5.42813 -2.58894
5.42681 -2.58872
5.51126 -2.59796
5.51126 -2.59796
5.51126 -2.59796
5.51126 -2.59796
5.3265 -2.58488
5.32492 -2.58478
5.32352 -2.5847
5.32228 -2.58462
5.32118 -2.58456
5.32019 -2.5845
5.31931 -2.58444
5.3185 -2.5844
5.14857 -2.71171
5.14741 -2.71308
5.14635 -2.71435
5.14538 -2.71552
5.14448 -2.71661
5.14365 -2.71763
5.14289 -2.71858
5.21099 -2.67384
5.06386 -2.77954
5.20412 -2.74465
5.21328 -2.74351
4.65845 -2.64754
4.65615 -2.6486
4.98108 -2.58972
4.97949 -2.58963
4.97753 -2.58939
4.97568 -2.58917
4.97392 -2.58895
4.54881 -2.69342
4.55345 -2.69201
4.55769 -2.6907
4.56156 -2.68947
4.56513 -2.68833
4.75612 -2.56607
4.75518 -2.5662
4.75429 -2.56632
4.39095 -2.59438
4.46788 -2.78299
4.46976 -2.78226
4.4715 -2.78158
4.47311 -2.78094
4.59623 -2.70773
4.59867 -2.70708
4.58477 -2.72688
4.58414 -2.72754
4.58354 -2.72818
4.58297 -2.7288
4.66726 -2.64803
4.66655 -2.64839
4.66587 -2.64874
4.66523 -2.64908
5.02603 -2.82241
5.08947 -2.82597
4.44901 -2.57085
4.44857 -2.57102
4.44814 -2.57119
4.44774 -2.57135
4.44734 -2.57151
4.44697 -2.57167
4.44661 -2.57182
4.44626 -2.57196
4.44593 -2.5721
4.89026 -2.66833
4.89008 -2.66838
4.89371 -2.57417
4.58574 -2.90535
4.58712 -2.90462
4.58844 -2.90392
4.5897 -2.90324
4.5909 -2.9026
4.50107 -2.63196
4.50223 -2.63152
4.47287 -2.59391
4.4728 -2.59404
4.47273 -2.59417
4.47267 -2.59429
4.45897 -2.59468
4.45906 -2.59469
4.51721 -2.78262
4.51475 -2.78197
4.51247 -2.78135
4.82159 -2.67728
4.82093 -2.67732
4.89035 -3.00409
4.89043 -3.00459
4.62324 -2.54389
4.62289 -2.54374
4.62254 -2.54359
4.6222 -2.54344
4.62187 -2.5433
4.60516 -2.55252
5.01489 -2.76684
5.01501 -2.76694
5.01513 -2.76704
5.01524 -2.76714
5.01535 -2.76723
5.01546 -2.76732
5.01557 -2.76741
5.01567 -2.7675
4.66112 -2.60718
4.66259 -2.60677
4.66399 -2.60637
4.66535 -2.60599
4.66664 -2.60562
4.66789 -2.60526
4.66909 -2.60492
5.01885 -2.64583
5.01898 -2.64581
5.0191 -2.6458
5.20251 -2.60004
5.201 -2.60032
5.19954 -2.60059
5.19813 -2.60085
5.34018 -2.8023
5.33859 -2.8028
5.33705 -2.80328
5.33556 -2.80375
5.33412 -2.8042
5.33272 -2.80465
5.33137 -2.80508
5.33006 -2.8055
5.22213 -2.81115
5.22162 -2.81141
5.22112 -2.81166
5.22065 -2.81191
5.26582 -2.8128
5.26292 -2.81323
5.26041 -2.81361
5.77641 -2.71576
5.8928 -2.73586
5.88034 -2.73425
5.86935 -2.73277
5.85955 -2.73141
5.47513 -2.32955
5.47475 -2.33142
5.47437 -2.33321
5.47398 -2.33492
5.4736 -2.33655
5.82025 -2.56392
5.81595 -2.56376
5.81184 -2.56361
5.24931 -2.81055
5.24943 -2.81046
5.24956 -2.81037
5.68559 -2.31054
5.68779 -2.30976
5.68997 -2.30899
5.69212 -2.30823
5.69425 -2.30747
5.97242 -2.53566
5.97118 -2.53594
4.96615 -2.71722
4.96617 -2.71726
4.96619 -2.7173
4.91806 -2.83768
4.91776 -2.83757
4.91748 -2.83746
4.91721 -2.83735
4.92278 -2.75172
4.9225 -2.75168
4.92223 -2.75164
5.28213 -2.61112
5.28164 -2.61115
4.31481 -2.54067
4.31521 -2.54078
4.31559 -2.54089
4.31597 -2.54099
4.31635 -2.5411
4.31671 -2.5412
4.31707 -2.5413
4.31742 -2.5414
4.4083 -2.54717
4.82927 -2.65713
4.82919 -2.65713
4.98407 -2.64883
4.98395 -2.6488
4.98384 -2.64878
4.79201 -2.9041
4.79208 -2.90391
4.79214 -2.90372
4.7922 -2.90353
4.79226 -2.90335
4.64795 -2.66644
4.64801 -2.66638
4.40528 -2.61928
4.40509 -2.61933
4.40491 -2.61938
4.40473 -2.61943
4.84589 -2.50568
4.84578 -2.50571
4.84569 -2.50575
4.84559 -2.50579
4.8455 -2.50582
4.71716 -2.52587
4.71736 -2.52589
5.11087 -2.58131
5.11093 -2.58128
5.111 -2.58124
5.15474 -2.52839
5.15494 -2.52833
5.15514 -2.52826
5.15534 -2.5282
5.15553 -2.52814
5.15573 -2.52807
5.21168 -2.54024
4.86276 -2.57838
4.86271 -2.57835
4.86266 -2.57832
4.86261 -2.57829
4.86255 -2.57826
4.86253 -2.57823
Pillar: 6.
12.5748 -0.867395
12.5822 -0.866556
12.5893 -0.865696
12.5963 -0.86482
12.603 -0.863929
13.3863 -0.42063
13.3859 -0.423401
13.3855 -0.425985
13.3851 -0.428399
13.3781 -0.128686
13.3081 -0.496365
13.4701 -0.541759
13.4794 -0.541041
12.4649 -0.61435
12.4558 -0.614134
12.4479 -0.613952
12.441 -0.613798
12.4348 -0.613671
12.8498 -0.648095
12.8487 -0.648974
12.8477 -0.649768
13.5052 -0.351933
13.5096 -0.345569
13.5137 -0.339691
13.5173 -0.334249
13.5644 -0.330478
13.8814 -0.350991
13.886 -0.349433
13.8902 -0.348005
13.894 -0.34669
13.8976 -0.345479
14.2561 -0.425987
13.7504 -0.272092
13.7518 -0.269641
13.7531 -0.267344
13.7543 -0.265188
13.9167 -0.341739
13.9192 -0.341033
13.1623 -0.566611
13.1618 -0.567766
13.1613 -0.568871
13.1608 -0.569928
13.4513 -0.474338
13.493 -0.401291
13.4807 -0.407172
13.4792 -0.407838
13.4777 -0.408447
13.4764 -0.409005
13.7916 -0.137467
13.7924 -0.134907
13.7932 -0.132455
13.7939 -0.130105
13.7947 -0.12785
13.8334 -0.32634
13.8346 -0.32586
13.4103 -0.441748
13.4104 -0.441843
13.7252 -0.136381
13.7271 -0.137557
13.729 -0.138653
13.7307 -0.139674
13.7324 -0.140629
13.7339 -0.141522
13.7355 -0.142359
12.8569 -0.51356
12.8554 -0.513836
12.854 -0.514102
12.8525 -0.514359
12.7188 -0.553989
12.7172 -0.5544
12.7156 -0.554798
12.7141 -0.555183
12.7126 -0.555556
12.7112 -0.555917
12.7098 -0.556266
12.7085 -0.556605
13.0348 -0.511894
13.0343 -0.512177
13.0338 -0.512452
13.0334 -0.51272
13.0694 -0.482829
13.0666 -0.483649
13.0642 -0.484377
12.8184 -0.0948368
12.9183 -0.0710878
12.9077 -0.074198
12.8983 -0.0770034
12.89 -0.0795456
13.1589 -0.411647
13.1606 -0.411894
13.4095 -0.229167
13.4099 -0.228651
13.4103 -0.228147
13.4107 -0.227655
12.7926 -0.969138
12.7916 -0.967575
12.7906 -0.96613
12.7896 -0.964792
12.7887 -0.963549
13.0755 -1.02684
13.0775 -1.01962
13.0635 -0.306356
13.0598 -0.308273
13.0563 -0.310104
13.0017 -0.341499
12.9939 -0.343985
12.9863 -0.346384
14.1116 -0.27035
14.1035 -0.271454
12.109 -0.707232
12.1078 -0.707645
13.3358 -0.324737
13.3355 -0.324638
13.3352 -0.324539
13.3349 -0.324442
13.3747 -0.356235
13.3744 -0.356409
13.3742 -0.356575
13.3681 -0.373574
13.3675 -0.373866
13.3669 -0.374147
13.2033 -0.622342
13.2032 -0.621815
13.2031 -0.621307
13.203 -0.620817
12.9764 -0.531442
12.975 -0.531701
12.9736 -0.531954
12.9723 -0.532202
12.971 -0.532444
13.1262 -0.572246
13.1256 -0.572027
12.2254 -0.696499
12.2258 -0.696558
12.2262 -0.696617
12.2266 -0.696676
12.227 -0.696735
12.8081 -0.246813
12.8083 -0.246529
12.8084 -0.246248
12.8086 -0.245973
12.9471 -0.405063
12.9207 0.0825546
12.9203 0.0833299
13.3949 -0.189146
13.3949 -0.188745
13.3949 -0.188351
13.3949 -0.187963
13.3949 -0.187583
13.3672 -0.352273
13.3673 -0.35217
Pillar: 7.
13.8098 -1.63052
13.8091 -1.63338
13.8085 -1.63604
13.8079 -1.63853
13.8383 -1.3251
13.7298 -1.70685
13.8801 -1.75629
13.8893 -1.75559
14.5856 -1.5964
14.5902 -1.59483
14.5944 -1.59339
14.5983 -1.59207
14.6018 -1.59085
14.4792 -1.44294
14.4809 -1.44035
14.4824 -1.43793
14.4837 -1.43565
14.6272 -1.52379
14.6297 -1.52308
13.5932 -1.88083
13.5925 -1.88203
13.5919 -1.88317
13.5913 -1.88426
13.9233 -1.77433
13.9768 -1.69693
13.9269 -1.71626
13.9254 -1.71692
13.9239 -1.71753
13.9226 -1.71809
13.6302 -1.47311
13.6273 -1.46968
13.6247 -1.46643
13.9661 -1.60962
13.9654 -1.60917
14.197 -1.85686
14.1985 -1.85812
14.2001 -1.85929
14.2016 -1.86038
14.203 -1.86141
14.2043 -1.86236
14.2056 -1.86326
13.4098 -1.91263
13.4056 -1.91464
13.4017 -1.91657
13.0068 -1.94644
12.9983 -1.94893
12.9902 -1.95133
14.1681 -1.8743
14.1605 -1.87539
13.8325 -1.70857
13.8323 -1.70847
13.832 -1.70838
13.8317 -1.70828
13.8521 -1.74685
13.8519 -1.74704
13.8516 -1.74722
13.8147 -1.77443
13.814 -1.77473
13.8134 -1.77501
13.8649 -1.58253
13.8649 -1.58197
13.8648 -1.58142
13.8647 -1.5809
13.3341 -1.69996
13.3326 -1.70022
13.3312 -1.70048
13.3299 -1.70073
13.3286 -1.70098
13.7405 -1.62861
13.74 -1.62837
Pillar: 8.
22.0823 0.590175
22.0841 0.588
22.0858 0.585955
22.0874 0.584029
20.974 0.255098
21.0147 -0.0668422
21.0133 -0.0671102
21.0119 -0.0673685
21.0106 -0.0676149
21.3146 0.15902
21.3479 0.221557
21.3451 0.220315
21.3428 0.21922
21.0655 -0.0601593
21.165 0.0150071
21.1544 0.00635105
21.1451 -0.0014773
21.1368 -0.00859928
21.3883 0.128504
21.39 0.128781
21.359 0.130065
21.3589 0.130279
21.3589 0.130461
21.3235 0.375187
21.3219 0.380759
21.3203 0.385971
21.3188 0.39086
21.3173 0.395452
21.5179 0.792416
21.5199 0.799632
20.7849 0.140554
20.7766 0.141594
Pillar: 9.
21.4044 -1.05587
21.3217 -1.55683
21.3203 -1.5571
21.3189 -1.55735
21.3176 -1.55759
21.3179 -1.41752
21.3575 -1.35496
21.3546 -1.3562
21.3522 -1.3573
20.8389 -1.60832
20.9481 -1.53454
20.9365 -1.54305
20.9262 -1.55074
20.9171 -1.55774
21.2571 -1.43064
21.2589 -1.43037
21.1958 -1.42606
21.1958 -1.42584
21.1958 -1.42566
20.6816 -1.35495
20.6738 -1.35394
FEATURES.
Feature: 1.
-3.61889 -2.88568
-3.61889 -2.88568
-3.61889 -2.88568
-3.61889 -2.88568
-3.61889 -2.88568
-3.61889 -2.88568
-3.61889 -2.88568
-3.61889 -2.88568
-3.6157 -2.87498
-3.61599 -2.87595
-3.61623 -2.87677
-4.01279 -3.05423
-3.99626 -3.03922
-3.97944 -3.02396
-3.96149 -3.00766
-3.94599 -2.99359
-3.93207 -2.98096
-3.91938 -2.96944
-3.89705 -2.96008
-3.87829 -2.95195
-3.86137 -2.94485
-4.05032 -2.93065
-4.03584 -2.95052
-4.02183 -2.9632
-4.00214 -2.97911
-3.98782 -2.98205
-3.97346 -2.97896
-3.95659 -2.97898
-3.9415 -2.97543
-3.92725 -2.96955
-3.92218 -2.94742
-3.41663 -2.45892
-3.4286 -2.48432
-3.44077 -2.5098
-3.43769 -2.51698
-3.43471 -2.52889
-3.43362 -2.5418
-3.42409 -2.57063
-3.42977 -2.57726
-3.43074 -2.5933
-3.43408 -2.60622
-3.35269 -3.16371
-3.35901 -3.1426
-3.36538 -3.12108
-3.35834 -3.06577
-3.35857 -3.02065
-3.35899 -2.98437
-3.36644 -2.95405
-3.38133 -2.92473
-3.40173 -2.89823
-3.41842 -2.8837
-3.95662 -2.70812
-3.96482 -2.70895
-3.97355 -2.70926
-4.03324 -2.73679
-4.08469 -2.76049
-4.12871 -2.78052
-4.17353 -2.7965
-4.20671 -2.81025
-4.23325 -2.82171
-4.25527 -2.83112
-3.88728 -1.77868
-3.87973 -1.84098
-3.88451 -1.93118
-3.8838 -2.01551
-3.87175 -2.10198
-3.85555 -2.17527
-3.834 -2.24101
-3.80569 -2.30421
-3.77309 -2.36242
-4.7921 -0.629965
-4.79718 -0.828
-4.78341 -1.00824
-4.742 -1.19227
-4.68495 -1.35161
-4.62044 -1.48967
-4.55424 -1.59951
-4.47631 -1.70858
-4.40357 -1.7957
-0.695243 -4.71974
-0.903157 -4.68109
-1.10044 -4.62547
-1.56751 -4.15296
-1.70318 -4.14559
-1.79808 -4.14724
-1.9009 -4.10171
-3.66674 -2.56053
-3.64376 -2.58341
-3.62019 -2.60425
-3.59503 -2.62635
-3.57233 -2.64468
-3.866 -2.46544
-3.82214 -2.49801
-3.77564 -2.53458
-3.72914 -2.57368
-3.66412 -2.58199
-3.59515 -2.59197
-3.53702 -2.60181
-3.48421 -2.61238
-2.61069 -3.57988
-2.65942 -3.58747
-2.70738 -3.54611
-2.75066 -3.50595
-2.79607 -3.46203
-2.83025 -3.40387
-2.8592 -3.34917
-2.88445 -3.29737
-2.89609 -3.26464
-1.3827 -3.3732
-1.50969 -3.36636
-1.63528 -3.35237
-1.75453 -3.33349
-1.86735 -3.30947
-1.95716 -3.28292
-2.04684 -3.25052
-2.12844 -3.21356
-2.50951 -2.3072
-2.54665 -2.32353
-2.58463 -2.346
-2.62 -2.36635
-2.65246 -2.3852
-2.68221 -2.40282
-3.07942 -2.05181
-3.10802 -2.09481
Feature: 2.
-3.54185 -1.14389
-3.54185 -1.14389
-3.54185 -1.14389
-3.54185 -1.14389
-3.54185 -1.14389
-3.54185 -1.14389
-3.54185 -1.14389
-3.54185 -1.14389
-3.53866 -1.13318
-3.53895 -1.13416
-3.53919 -1.13497
-3.62676 -1.40995
-3.61022 -1.39494
-3.59341 -1.37968
-3.57545 -1.36338
-3.55996 -1.34931
-3.54604 -1.33668
-3.53334 -1.32516
-3.51225 -1.31552
-3.49444 -1.30716
-3.47845 -1.29985
-3.59434 -1.30812
-3.59797 -1.32301
-3.59983 -1.3315
-3.59725 -1.34309
-3.59464 -1.34317
-3.59053 -1.33766
-3.58361 -1.33538
-3.57622 -1.33011
-3.56813 -1.32287
-3.56305 -1.30074
-3.24692 -0.84246
-3.25889 -0.867856
-3.27106 -0.893342
-3.25752 -0.90165
-3.24681 -0.91444
-3.23914 -0.928134
-3.22961 -0.956964
-3.22693 -0.964614
-3.22496 -0.981035
-3.22473 -0.994415
-3.5008 -1.45907
-3.50712 -1.43796
-3.51349 -1.41644
-3.47659 -1.3588
-3.45086 -1.31208
-3.42871 -1.27473
-3.41655 -1.24372
-3.41247 -1.21395
-3.41509 -1.18722
-3.41956 -1.17264
-2.91995 -1.28094
-2.92834 -1.28163
-2.93707 -1.28194
-3.00936 -1.3004
-3.07186 -1.31629
-3.12553 -1.3296
-3.17879 -1.33979
-3.21934 -1.34852
-3.25232 -1.35566
-3.27997 -1.36132
-3.55649 -0.443078
-3.54894 -0.505385
-3.58414 -0.588412
-3.60995 -0.667084
-3.62361 -0.748586
-3.62716 -0.818402
-3.62195 -0.881498
-3.6087 -0.942435
-3.58919 -0.998817
-4.58103 1.14823
-4.64884 0.956524
-4.68956 0.779974
-4.7083 0.598092
-4.70256 0.438978
-4.68175 0.299959
-4.64901 0.188656
-4.60331 0.0775844
-4.55522 -0.011458
-0.902523 -3.36443
-1.05715 -3.31869
-1.20796 -3.25862
-2.37411 -2.2
-2.42701 -2.16046
-2.464 -2.14194
-2.53517 -2.08618
-2.56804 -2.01252
-2.58908 -1.98873
-2.61151 -1.96477
-2.63432 -1.94098
-2.65782 -1.91642
-2.67286 -1.90295
-2.69255 -1.88615
-2.7159 -1.86612
-2.72055 -0.809043
-2.7685 -0.845065
-2.82141 -0.88479
-2.89787 -0.876496
-2.98162 -0.868894
-3.04347 -0.880957
-3.10283 -0.896021
-3.18499 -0.832515
-3.24331 -0.84884
-3.28747 -0.868091
-3.3176 -0.894931
-3.5056 0.422124
-3.52558 0.288951
-3.53114 0.164228
-3.52554 0.0409684
-2.71993 -2.27254
-2.75361 -2.2306
-2.78594 -2.19011
-2.82078 -2.14594
-2.85509 -2.08778
-2.88499 -2.0331
-2.91108 -1.98132
-2.92524 -1.94864
-3.5258 -0.919046
-3.49428 -0.936369
-3.46282 -0.952157
-3.42873 -0.968573
-3.39354 -0.985561
-3.35853 -1.00297
-3.32471 -1.02059
-3.29275 -1.0382
-3.07062 -1.49529
-3.1109 -1.47683
-3.15182 -1.45797
-3.19149 -1.43888
-3.2333 -1.41843
-3.16045 -1.41737
-3.1603 -1.40763
-3.16015 -1.3973
-3.15995 -1.38601
-3.15975 -1.37417
-3.15958 -1.36219
-2.83883 -1.07024
-2.86825 -1.08454
-2.90013 -1.10544
-2.93019 -1.12445
-2.95804 -1.14216
-2.98379 -1.1588
-2.97851 -0.856184
-3.00711 -0.89918
Feature: 3.
-1.42799 -0.580119
-1.42799 -0.580119
-1.42799 -0.580119
-1.42799 -0.580119
-1.42799 -0.580119
-1.42799 -0.580119
-1.42799 -0.580119
-1.42799 -0.580119
-1.4248 -0.569418
-1.42509 -0.570389
-1.42533 -0.571203
-1.92484 -1.00481
-1.93196 -1.00111
-1.93703 -0.9934
-1.93808 -0.987592
-1.93806 -0.975808
-1.93628 -0.959959
-1.93168 -0.947653
-1.92612 -0.934659
-1.91952 -0.921253
-1.91445 -0.899126
-2.02914 -1.59484
-2.00775 -1.58538
-1.9861 -1.57625
-1.96551 -1.568
-1.94391 -1.55977
-1.92232 -1.55198
-1.90151 -1.54489
-1.88197 -1.53865
-1.86401 -1.53329
-1.13217 0.356769
-1.18758 0.328413
-1.23192 0.296793
-1.26434 0.260354
-1.28287 0.224838
-1.29038 0.189868
-1.28912 0.154661
-1.28025 0.120498
-1.68447 0.807042
-1.74207 0.717523
-1.77685 0.629717
-1.79219 0.545815
-1.78614 0.470262
-1.76697 0.402435
-1.73666 0.345623
-1.69426 0.287044
-1.64934 0.238152
-1.60177 0.193051
-1.56444 0.14172
1.13193 -1.73019
1.03979 -1.76546
0.940655 -1.77768
0.0639492 -1.21022
0.0504804 -1.274
0.0381739 -1.32775
-0.0204988 -1.31146
-1.11157 -0.263913
-1.10566 -0.26794
-1.09703 -0.272506
-1.08642 -0.278962
-1.07496 -0.285348
-0.238109 -0.85393
-0.246919 -0.855067
-0.258933 -0.852892
-0.272847 -0.848115
-0.288737 -0.840153
-0.284893 -0.869263
-0.28859 -0.890226
-0.298851 -0.902398
-0.314656 -0.906207
0.233633 -1.11809
0.172901 -1.09707
0.106896 -1.07491
0.0394823 -1.05264
-0.0468446 -1.03963
-0.076795 -1.05643
-0.107159 -1.06416
-0.14083 -1.06581
-0.266359 -0.9715
-0.235062 -1.00185
-0.202366 -1.0308
-0.170831 -1.05603
-0.14208 -1.07622
-0.129503 -1.07164
-0.118268 -1.06636
-0.112158 -1.0618
-0.472987 -0.315572
-0.430735 -0.374937
-0.395031 -0.425438
-0.361935 -0.471336
-0.332443 -0.513554
-0.305937 -0.551612
-0.278618 -0.590844
-0.256307 -0.623152
-0.233681 -0.65588
-1.09938 1.50344
-1.25355 1.48566
-1.30164 1.41487
-1.33398 1.3322
-1.35137 1.24066
-1.35572 1.14339
1.05129 -2.52503
0.985792 -2.53883
0.920803 -2.52792
0.859213 -2.50166
0.805307 -2.46321
0.747147 -2.40965
0.690397 -2.34172
0.689336 -2.33476
0.685287 -2.30411
-0.624824 0.935296
-1.22669 2.04199
-1.31404 1.98804
-0.583557 0.565123
-0.58185 0.521071
-0.732679 0.58925
-0.866182 0.632248
-0.976251 0.650838
-1.052 0.641427
-1.1044 0.617304
-1.14248 0.582954
-1.16039 0.552787
-0.133827 -0.11655
-0.181774 -0.152573
-0.234682 -0.192297
-0.321681 -0.145771
-0.415836 -0.102449
-0.487116 -0.0836085
-0.554982 -0.0719238
-0.637227 -0.00815022
-0.715902 0.0359738
-0.776746 0.0630081
-0.822008 0.0760027
-1.80792 0.563554
-1.8064 0.515027
-1.78872 0.466469
-1.7608 0.41528
-1.7002 0.371819
-1.63879 0.329503
-1.56901 0.285003
-1.00464 1.18001
-1.04267 1.10403
-1.06298 1.02292
-1.0708 0.937324
-1.3823 0.142667
-1.33844 0.110102
-1.29194 0.0735308
-1.24544 0.0344298
-1.19456 0.0395113
-1.13939 0.0424693
-1.09197 0.042574
-1.04856 0.0406607
1.71087 -3.04703
1.57229 -3.05679
1.4528 -3.02253
1.34843 -2.96456
1.24636 -2.90108
-0.443322 -0.991382
-0.474255 -1.01398
-0.494396 -0.996495
-0.516529 -0.974848
-0.541693 -0.948936
-0.576116 -0.890557
-0.606883 -0.834234
-0.633726 -0.781012
-0.650195 -0.743969
-0.478303 -0.638263
-0.4477 -0.6458
-0.41696 -0.654093
-0.383513 -0.664011
-0.34889 -0.675366
-0.314388 -0.687891
-0.281003 -0.701282
-0.249431 -0.715227
-0.22011 -0.729437
0.760508 -1.80383
0.656047 -1.82824
0.549664 -1.84166
0.446841 -1.84682
0.348085 -1.84385
0.286032 -1.86013
0.219779 -1.86537
0.158021 -1.86141
0.0908724 -1.84844
-0.617848 -0.998695
-0.626517 -1.00504
-0.638297 -1.00772
-0.653205 -1.00642
-0.644682 -1.01546
-0.643519 -1.01475
-0.645339 -1.00801
-0.650582 -0.994958
-1.16537 -0.480823
-1.13336 -0.507208
-1.09831 -0.536105
-1.06215 -0.565967
0.679519 -1.32521
0.638872 -1.29883
0.597577 -1.27233
0.557617 -1.2474
0.515513 -1.22132
0.480118 -1.19935
0.445892 -1.17024
-0.887258 -0.86597
-0.887585 -0.854262
-0.887849 -0.842233
-0.888053 -0.829298
-0.888197 -0.816055
-0.888288 -0.80299
-0.888232 -0.790581
Feature: 4.
5.05497 -1.24351
5.05497 -1.24351
5.05497 -1.24351
5.05497 -1.24351
5.05815 -1.23281
5.05786 -1.23378
5.05762 -1.2346
4.59165 -1.44581
4.60714 -1.43175
4.62106 -1.41911
4.63375 -1.40759
4.65491 -1.39181
4.67276 -1.37872
4.68879 -1.36681
4.70339 -1.35629
4.72802 -1.34656
4.74861 -1.33844
4.76689 -1.33123
5.95226 -0.177382
6.0094 -0.285603
6.05035 -0.383215
6.08393 -0.471409
6.10469 -0.54956
6.11587 -0.625357
6.11886 -0.697716
6.11763 -0.751215
6.36806 -1.68502
6.29895 -1.62151
6.23865 -1.56606
6.18643 -1.51727
6.13411 -1.4734
6.09412 -1.43508
6.06142 -1.40124
6.03388 -1.37122
5.22796 -0.520813
5.24935 -0.511351
5.271 -0.502226
5.29158 -0.493971
5.31318 -0.485745
5.33477 -0.477956
5.35559 -0.470868
5.37512 -0.464621
5.39309 -0.459265
3.7791 -0.920349
3.81272 -0.81664
3.8555 -0.731069
3.90232 -0.660802
3.95152 -0.611407
4.01025 -0.567256
4.06642 -0.537294
4.12287 -0.513946
4.16983 -0.48229
4.22833 -0.483284
4.29423 -0.480699
5.98149 -0.929632
5.91701 -1.1556
5.83581 -1.33424
4.51136 -1.22919
4.52426 -1.19157
4.53871 -1.1599
4.55473 -1.1313
4.5702 -1.11076
4.58585 -1.0944
4.64557 -1.07329
4.69597 -1.05656
4.75424 -1.06745
4.74287 -1.12185
4.72816 -1.16595
4.71156 -1.2014
4.69307 -1.22841
4.68917 -1.34663
4.67733 -1.44593
4.6592 -1.52438
4.63588 -1.58541
5.05238 -1.06907
5.08057 -1.0664
5.11063 -1.06762
5.14164 -1.0691
5.16716 -1.07053
5.18959 -1.07196
5.17021 -1.07665
5.15498 -1.08099
5.14221 -1.08497
5.13104 -1.08989
5.75658 -1.33398
5.69615 -1.30496
5.6304 -1.27593
5.56322 -1.24712
5.47713 -1.22738
5.44504 -1.29896
5.41239 -1.3541
5.37641 -1.39676
5.34197 -1.43142
5.32646 -1.46017
4.3822 -0.535702
4.41754 -0.611648
4.4534 -0.680362
4.48742 -0.740258
4.51812 -0.790699
4.53107 -0.792218
4.54262 -0.792214
4.54933 -0.7981
4.55629 -0.794908
4.57939 -0.780676
4.23662 -0.265365
4.27894 -0.331299
4.31469 -0.387486
4.34769 -0.422785
4.37724 -0.470897
4.40379 -0.514136
4.43114 -0.557673
4.45348 -0.594035
4.47613 -0.630343
4.49814 -0.665294
4.56458 -0.703527
4.60372 -0.651325
4.53884 -0.416056
4.52534 -0.378066
4.52142 -0.365617
4.52749 -0.374069
4.54259 -0.398792
4.56555 -0.430082
4.61652 -0.497233
5.65183 -1.75044
5.60324 -1.87238
5.55087 -1.95568
5.49868 -2.01146
5.45113 -2.03749
5.39829 -2.0466
5.34547 -2.03313
5.35017 -2.13078
5.3492 -2.19086
5.34416 -2.21781
5.36982 -2.26121
4.16084 0.144723
3.5814 0.768209
3.53655 0.887097
4.46477 -0.700724
4.52102 -0.731309
4.58294 -0.765193
4.64705 -0.800543
4.71054 -0.835858
4.19431 -0.266533
4.72234 -1.12564
4.72611 -1.1632
4.62868 -0.916432
4.53666 -0.717017
4.45891 -0.561706
4.40841 -0.451797
4.37581 -0.371907
4.35331 -0.315672
4.34417 -0.290427
5.40893 -1.46117
5.3254 -1.32059
5.23604 -1.1992
5.1487 -1.09869
5.0685 -1.0187
5.01256 -0.95791
4.96861 -0.918733
5.85023 -1.78273
5.76853 -1.75458
5.68659 -1.72447
5.59974 -1.69034
5.6019 -1.78948
5.59756 -1.86129
5.58674 -1.90733
5.22855 -1.45846
5.26102 -1.5807
5.29205 -1.67498
5.31859 -1.74096
5.3392 -1.78046
5.34743 -1.80485
5.35112 -1.81423
5.35327 -1.79818
4.86564 -0.267255
4.87519 -0.302788
4.88412 -0.33681
4.89347 -0.374013
4.90126 -0.40589
4.9094 -0.4293
4.91686 -0.452558
5.26155 -1.09362
5.23325 -1.10596
5.20196 -1.11929
5.17359 -1.13104
5.27802 -1.49899
5.20977 -1.37068
5.1321 -1.25039
5.07427 -1.16452
5.01743 -1.09449
4.93529 -1.03013
4.87937 -0.852994
4.83392 -0.723011
4.80045 -0.620634
4.78467 -0.550414
4.76775 -0.474528
3.79015 -0.788388
3.82512 -0.69002
3.86871 -0.61037
3.91844 -0.539886
3.9894 -0.519592
4.05922 -0.506464
4.13587 -0.502762
4.2034 -0.501695
4.2704 -0.501171
4.33283 -0.506083
3.13246 -1.1594
3.18973 -1.13063
3.25099 -1.10463
3.30302 -1.0867
3.35041 -1.07301
6.21861 -1.56608
6.13745 -1.76362
6.05672 -1.87495
5.97934 -1.93129
5.90102 -1.98069
5.05064 -1.40379
5.02594 -1.4463
4.99987 -1.47058
4.97055 -1.48893
4.93618 -1.43002
4.9058 -1.36971
4.87929 -1.31301
4.86384 -1.26539
4.11189 -0.710626
4.1427 -0.703423
4.17357 -0.70042
4.20711 -0.700543
4.24179 -0.703406
4.27633 -0.708571
4.30974 -0.715584
4.34133 -0.724002
4.37066 -0.733425
4.41467 -0.745889
4.50671 -0.756893
6.46092 -0.94553
6.3683 -1.05267
6.27124 -1.13815
6.17578 -1.20605
6.08287 -1.2577
6.03102 -1.38428
5.97191 -1.48546
5.91505 -1.56492
5.8515 -1.63262
5.81052 -1.68099
5.7414 -1.67738
5.62357 -0.849481
5.61615 -0.923388
5.60486 -0.984729
5.58991 -1.04007
5.59632 -1.18125
5.59397 -1.28183
5.58776 -1.36297
5.57771 -1.42613
5.56426 -1.47339
5.55869 -1.51622
5.02043 -0.541283
5.05245 -0.566677
5.0875 -0.594709
5.12368 -0.623816
5.09219 -1.4801
5.05186 -1.44439
5.01085 -1.40891
4.9711 -1.37709
4.92918 -1.34439
4.89394 -1.31679
4.85929 -1.30273
4.82747 -1.28886
4.82538 -1.27489
4.8232 -1.26026
4.69025 -1.43216
4.69041 -1.41564
4.69057 -1.39942
4.69077 -1.38245
4.69096 -1.36576
4.69113 -1.35005
4.69144 -1.33509
4.15893 -2.12779
4.21982 -2.0576
4.28189 -1.98613
4.3413 -1.91783
4.39681 -1.85408
4.44829 -1.79495
4.9118 -0.476947
4.88593 -0.539641
4.85665 -0.598739
4.82868 -0.6509
4.80253 -0.697387
4.77817 -0.739004
Feature: 5.
5.6944 -2.59187
5.6944 -2.59187
5.6944 -2.59187
5.6944 -2.59187
5.69759 -2.58117
5.6973 -2.58214
5.69706 -2.58296
5.12566 -2.79491
5.14116 -2.78084
5.15508 -2.76821
5.16777 -2.75669
5.18994 -2.74051
5.20857 -2.72711
5.22537 -2.71489
5.24055 -2.70414
5.26518 -2.69441
5.28577 -2.68629
5.30405 -2.67908
5.40964 -1.93672
5.41625 -2.00117
5.42159 -2.05545
5.42453 -2.10454
5.43406 -2.13337
5.43053 -2.18584
5.43026 -2.21809
5.42773 -2.2506
3.55243 -2.69549
3.64583 -2.59839
3.73972 -2.51687
3.83018 -2.4489
3.91283 -2.40054
4.00383 -2.3568
4.08471 -2.32675
4.16257 -2.30306
4.23544 -2.27064
4.3089 -2.27102
4.3855 -2.26792
5.87754 -2.70891
5.79641 -2.78435
4.58461 -2.54744
4.61379 -2.54508
4.64385 -2.5463
4.67486 -2.54778
4.70038 -2.54921
4.72281 -2.55064
4.70531 -2.55593
4.69171 -2.56077
4.68052 -2.56525
4.67057 -2.57055
5.52796 -2.90218
5.46981 -2.8735
5.40601 -2.84474
5.34069 -2.8162
5.25651 -2.79673
5.20887 -2.86604
5.16277 -2.9191
5.11516 -2.95986
5.06954 -2.99261
5.04216 -3.01924
4.52776 -2.45468
4.54429 -2.53196
4.56374 -2.60169
4.58345 -2.66236
4.60167 -2.71338
4.6121 -2.71501
4.62147 -2.71509
4.62388 -2.72115
4.62969 -2.718
4.65985 -2.70349
4.0314 -1.91381
4.07142 -1.97946
4.10519 -2.03539
4.14189 -2.07116
4.16938 -2.11901
4.19412 -2.16202
4.21996 -2.20536
4.24088 -2.24154
4.26228 -2.27769
4.28318 -2.3125
4.34962 -2.35073
3.92964 -1.99145
3.92439 -1.78455
3.93662 -1.75782
3.95524 -1.75477
3.98104 -1.7711
4.01339 -1.80245
4.05313 -1.83995
4.10759 -1.90837
5.80545 -3.39239
5.7183 -3.51747
5.63238 -3.60277
5.55103 -3.65974
5.48059 -3.68634
5.40552 -3.69569
5.3334 -3.6822
5.30106 -3.77916
5.26804 -3.83797
5.23571 -3.86335
5.23138 -3.90451
3.27187 -1.54922
3.31012 -1.43992
3.82384 -2.07182
3.88009 -2.1024
3.94201 -2.13629
4.00612 -2.17164
4.06962 -2.20695
3.52061 -1.65636
4.48935 -2.94149
4.45156 -2.70165
4.41149 -2.50663
4.37892 -2.35391
4.3677 -2.24532
4.3692 -2.16588
4.37631 -2.10951
4.38524 -2.08394
5.20565 -2.85874
5.14234 -2.72095
5.07055 -2.60175
4.99844 -2.50296
4.93145 -2.42432
4.88825 -2.36471
4.85406 -2.32636
6.03291 -3.34847
5.95121 -3.32032
5.86927 -3.29021
5.78242 -3.25607
5.76029 -3.35786
5.73481 -3.43166
5.70563 -3.4792
5.6745 -3.43257
5.66865 -3.56308
5.6663 -3.66393
5.66377 -3.73516
5.65908 -3.77887
5.64531 -3.80667
5.62772 -3.8191
5.61352 -3.80523
5.1197 -2.25246
5.13089 -2.28778
5.14125 -2.32162
5.15183 -2.35866
5.16068 -2.3904
5.171 -2.41352
5.18012 -2.43656
6.25193 -3.35629
6.22452 -3.39792
6.20235 -3.42017
6.18209 -3.42589
6.16115 -3.41942
6.52566 -2.15594
6.48759 -2.32787
6.44045 -2.48181
6.39081 -2.59833
6.33716 -2.69611
6.15349 -2.31556
6.11519 -2.30999
6.07735 -2.31054
5.52861 -3.17897
5.47603 -3.05408
5.43994 -2.96393
5.40193 -2.88997
5.31999 -2.82557
5.30673 -2.63876
5.29401 -2.50062
5.28877 -2.3907
5.29745 -2.31355
5.32046 -2.22556
3.41658 -2.51904
3.49695 -2.42985
3.58013 -2.3572
3.66743 -2.29251
3.75806 -2.27492
3.84498 -2.26396
3.93649 -2.26201
4.01694 -2.26236
4.09284 -2.26275
4.16208 -2.26834
5.86663 -1.88818
5.82262 -1.90449
3.81414 -2.34073
3.85019 -2.33447
3.88507 -2.33218
3.92209 -2.33292
3.95979 -2.33631
3.99695 -2.34192
4.03263 -2.34932
4.06618 -2.35807
4.09721 -2.36778
4.14074 -2.38016
4.23279 -2.39117
5.52256 -2.45951
5.49772 -2.53223
5.47132 -2.59239
5.44178 -2.64646
5.41422 -2.78414
5.38587 -2.88156
5.35715 -2.9596
5.32759 -3.01982
5.29723 -3.06433
5.2673 -3.10288
3.94605 -2.24466
3.97835 -2.27023
4.01363 -2.29841
4.05002 -2.32765
5.39767 -2.94847
5.36044 -2.91211
5.32242 -2.876
5.28496 -2.8437
5.24524 -2.81052
5.21187 -2.78251
5.17222 -2.76953
5.13605 -2.75659
5.13396 -2.74261
5.13179 -2.72799
5.13709 -2.74425
5.13838 -2.72733
5.13952 -2.71078
5.14067 -2.69348
5.14168 -2.67651
5.14247 -2.66059
5.14337 -2.64543
3.9707 -3.58928
4.0316 -3.51908
4.09367 -3.44762
4.15308 -3.37931
4.20859 -3.31556
4.26013 -3.25644
Feature: 6.
12.0959 -1.75132
12.1053 -1.59177
12.1186 -1.46556
12.1374 -1.35231
12.1601 -1.2575
12.3129 -1.34275
12.3734 -1.13595
12.4402 -0.939847
12.5007 -0.793441
12.5596 -0.669152
12.6079 -0.515285
12.6664 -0.445664
12.7319 -0.392583
12.0918 -1.11104
12.1036 -1.0173
12.1168 -0.936893
12.1313 -0.861186
12.1454 -0.804482
12.1597 -0.756723
12.2194 -0.735611
12.2698 -0.718878
13.8837 1.22412
13.9222 0.940975
13.9453 0.695873
13.9549 0.493437
13.9543 0.324921
14.0775 -0.298306
14.0571 -0.291704
14.041 -0.286218
14.0274 -0.280703
14.0156 -0.278321
15.2255 -0.739143
14.3239 0.405091
14.3076 0.245687
14.2879 0.114385
14.2626 0.00571415
14.2379 -0.0925549
14.2324 -0.189051
13.0778 -0.556131
13.091 -0.568864
13.1028 -0.578547
13.11 -0.603609
13.1171 -0.605518
13.1394 -0.559861
13.1623 -0.505171
13.1994 -0.493172
13.233 -0.482411
13.2557 -0.475214
13.4294 -0.348215
13.4131 -0.143781
13.4042 0.0133478
13.404 0.130651
13.4122 0.215245
13.4272 0.289678
13.4763 0.244495
14.1653 -0.630559
14.1306 -0.75726
14.4858 -1.39518
14.4004 -1.12339
14.3078 -0.888324
14.2166 -0.68936
14.1321 -0.524108
14.0713 -0.381201
14.0232 -0.279227
13.139 -0.285413
13.162 -0.501618
13.1743 -0.67532
13.1768 -0.810001
12.6443 -0.127955
12.7012 -0.39406
12.7511 -0.613592
12.7923 -0.788558
12.8244 -0.922868
12.8416 -1.02965
12.8531 -1.11868
12.8607 -1.16377
12.9466 -0.0021674
12.956 -0.0310317
12.9647 -0.0592683
12.9739 -0.091451
12.9815 -0.118972
12.9893 -0.133505
12.9965 -0.150008
13.1069 -0.27925
13.1059 -0.380268
13.1059 -0.453782
13.1028 -0.499551
13.0967 -0.528497
13.0887 -0.549837
13.0836 -0.493202
13.8359 -0.093301
13.8076 -0.105642
13.7764 -0.118975
13.748 -0.130728
13.6338 0.0508559
13.629 -0.23112
13.6122 -0.491327
13.5846 -0.689255
13.5523 -0.869209
13.5137 -0.991674
13.4695 -0.996867
13.4414 -0.206718
13.3974 -0.181498
13.3546 -0.165273
13.7554 -0.318855
13.7374 -0.482568
13.7133 -0.612587
13.682 -0.725301
13.7211 -0.744235
11.6567 -1.5652
11.6611 -1.33291
12.2683 -0.504253
12.3383 -0.390313
12.4065 -0.295895
12.4811 -0.221632
12.5463 -0.159319
12.6115 -0.116679
12.6723 -0.0893181
12.7374 -0.0718023
12.8064 -0.0826524
12.8729 -0.0953318
12.8683 -1.24567
12.8823 -1.00261
12.897 -0.83811
12.916 -0.709891
13.9445 0.882507
13.9581 0.363197
13.9409 0.0025121
13.9076 -0.249561
13.8678 -0.492192
13.8345 -0.405625
13.7707 -0.3188
12.3831 -1.36827
12.3487 -1.30864
12.3183 -1.24297
12.2917 -1.1816
12.2759 -1.11975
13.6575 1.01323
13.6478 0.740692
13.6231 0.512109
13.5944 0.32153
13.5565 0.146075
13.5452 -0.0360139
13.4761 -0.0324026
13.5645 1.27814
13.6182 0.967655
13.6497 0.736556
13.6711 0.541704
13.6837 0.379519
13.689 0.246102
13.7088 0.0785413
Feature: 7.
12.561 -2.60037
12.6449 -2.38872
12.7343 -2.18751
12.812 -2.03693
12.8858 -1.90882
12.952 -1.7501
13.0208 -1.67756
13.0937 -1.62233
14.7697 -1.55045
14.7509 -1.54296
14.7362 -1.53671
14.7239 -1.53045
14.7131 -1.5275
15.1387 -0.707631
15.1113 -0.875062
15.082 -1.01322
15.0482 -1.12777
15.0155 -1.23163
15.0012 -1.33401
13.5204 -1.86645
13.5319 -1.87976
13.5422 -1.88994
13.5464 -1.91599
13.5527 -1.91815
13.5799 -1.87089
13.6085 -1.81425
13.6456 -1.80225
13.6792 -1.79149
13.7019 -1.7843
14.0923 -0.846094
14.1214 -1.14046
14.1381 -1.37138
14.1454 -1.54409
14.1819 -1.74814
14.7663 -3.15696
14.7063 -2.88093
14.6358 -2.64189
14.5635 -2.43926
14.4955 -2.27067
14.4505 -2.1244
14.4145 -2.01975
13.7547 -1.81974
13.7151 -1.79367
13.676 -1.77671
13.904 -1.91691
13.8671 -2.08227
13.8266 -2.21354
13.7792 -2.3273
13.8123 -2.34659
12.6456 -1.92531
12.7316 -1.80705
12.8135 -1.70874
12.9 -1.63098
12.9756 -1.56556
13.0479 -1.52073
13.1142 -1.49167
13.1839 -1.47266
13.253 -1.48351
13.3195 -1.49619
13.3722 -2.29729
13.4101 -2.04238
13.443 -1.86843
13.4777 -1.73173
14.6136 -0.140088
14.5843 -0.686206
14.5335 -1.06624
14.4735 -1.33265
14.4073 -1.58872
14.3732 -1.50256
14.3234 -1.40866
Feature: 8.
22.599 -0.556913
22.5129 -0.312834
22.4498 -0.0939889
22.3995 0.0660727
21.2151 0.581999
21.0569 0.256334
21.0865 0.0589331
21.1091 -0.117741
21.1246 -0.230129
21.2578 0.546408
21.265 0.523352
21.2722 0.517919
21.2788 0.508342
21.334 0.296138
21.3376 0.123961
21.3412 -0.0107942
21.3404 -0.10429
21.3363 -0.175345
21.3298 -0.233856
21.3235 -0.147664
21.3189 -0.0749267
21.3208 -0.0540296
21.3228 -0.0338986
21.949 2.38359
21.9792 1.97291
21.9942 1.58847
21.9897 1.29542
21.9795 1.01946
21.9562 0.827579
21.9119 0.822386
20.3427 -0.145055
20.3839 -0.188793
Feature: 9.
21.745 -0.691976
21.487 -1.20287
21.5006 -1.40491
21.5076 -1.5859
21.5111 -1.70149
21.2547 -1.03013
21.2628 -1.05319
21.2716 -1.05862
21.2796 -1.0682
21.2094 -1.26355
21.1995 -1.43459
21.1916 -1.56828
21.1818 -1.66088
21.1697 -1.7311
21.1562 -1.78885
21.1555 -1.70327
21.1557 -1.63105
21.1576 -1.61015
21.1596 -1.59002
20.2774 -1.6427
20.313 -1.68618
