PILLARS.
Pillar: 1.
-3.5552 -2.69609
-3.5552 -2.69609
-3.5552 -2.69609
-3.5552 -2.6961
-3.5552 -2.69609
-3.5552 -2.69609
-3.5552 -2.69609
-3.5552 -2.6961
-3.5552 -2.6961
-3.5552 -2.69609
-3.5552 -2.6961
-3.70596 -2.64882
-3.70596 -2.64882
-3.70596 -2.64882
-3.70596 -2.64882
-3.70596 -2.64882
-3.70596 -2.64882
-3.59404 -2.66225
-3.59593 -2.66213
-3.59745 -2.66204
-3.5987 -2.66197
-3.5352 -2.60029
-3.53753 -2.60204
-3.53943 -2.60347
-3.541 -2.60467
-3.54233 -2.60567
-3.54345 -2.60653
-3.5444 -2.60726
-3.54523 -2.60789
-3.54595 -2.60844
-3.54657 -2.60892
-3.54463 -2.61916
-3.54463 -2.61916
-3.47789 -2.62205
-3.47945 -2.62194
-3.48082 -2.62185
-3.48203 -2.62176
-3.48311 -2.62168
-3.48407 -2.62161
-3.48494 -2.62155
-3.48573 -2.6215
-3.38877 -2.65959
-3.38877 -2.65959
-3.87284 -2.6858
-3.86544 -2.68516
-3.85886 -2.68458
-3.85298 -2.68407
-3.84771 -2.6836
-3.84295 -2.68319
-3.83864 -2.68281
-3.83473 -2.68247
-3.9959 -2.54239
-3.9959 -2.54239
-4.29959 -2.63338
-4.29519 -2.63305
-4.29116 -2.63275
-4.28745 -2.63247
-4.28402 -2.63221
-4.28085 -2.63197
-4.27792 -2.63175
-4.2752 -2.63154
-3.7071 -2.48349
-3.24523 -2.78997
-3.2371 -2.7877
-3.22924 -2.78563
-3.22164 -2.78375
-3.21428 -2.78203
-3.20716 -2.78046
-3.20024 -2.77902
-3.19353 -2.7777
-3.61189 -2.76474
-3.61084 -2.76405
-3.30188 -2.78401
-3.30319 -2.78305
-3.30438 -2.78216
-3.30548 -2.78132
-3.3065 -2.78054
-3.30743 -2.77981
-3.3083 -2.77912
-3.75121 -2.61323
-3.75055 -2.61286
-3.33808 -2.58464
-3.33333 -2.5838
-3.32868 -2.58298
-3.51508 -2.87939
-3.51501 -2.87932
-3.1042 -2.96007
-3.10656 -2.95933
-3.14717 -2.74895
-3.15584 -2.74931
-3.16342 -2.74959
-3.17009 -2.74982
-3.17601 -2.74999
-3.42464 -2.87337
-3.42448 -2.87362
-3.42414 -2.87405
-2.86585 -2.79534
-2.86391 -2.79603
-2.86202 -2.7967
-2.86016 -2.79735
-2.85833 -2.79799
-3.51724 -2.52925
-3.51719 -2.52914
-3.22302 -2.59995
-3.2223 -2.60014
-3.22159 -2.60033
-2.88579 -2.67759
-2.88513 -2.67799
-2.88448 -2.67838
-2.88385 -2.67877
-2.88323 -2.67915
-3.1916 -2.29933
-3.19128 -2.29842
-3.19097 -2.29754
-3.19067 -2.29667
-3.15717 -2.0745
-3.15704 -2.07334
-3.15691 -2.0722
-3.15678 -2.07109
-2.98161 -2.44504
-2.98067 -2.44485
-2.97974 -2.44467
-2.97883 -2.44449
-2.97793 -2.44432
-2.97705 -2.44415
-3.42895 -2.47193
Pillar: 2.
-3.4659 -0.958972
-3.4659 -0.958972
-3.4659 -0.958973
-3.4659 -0.958973
-3.4659 -0.958973
-3.4659 -0.958973
-3.4659 -0.958973
-3.4659 -0.958973
-3.4659 -0.958973
-3.4659 -0.958973
-3.4659 -0.958973
-3.31514 -1.00625
-3.31514 -1.00625
-3.31514 -1.00625
-3.31514 -1.00625
-3.31514 -1.00625
-3.31514 -1.00625
-3.21064 -1.01793
-3.21257 -1.01781
-3.21413 -1.01771
-3.2154 -1.01763
-3.22785 -0.940795
-3.23074 -0.94244
-3.23312 -0.943789
-3.2351 -0.944909
-3.23677 -0.945851
-3.23818 -0.94665
-3.2394 -0.947334
-3.24046 -0.947925
-3.24138 -0.948438
-3.24218 -0.948888
-3.37098 -1.0056
-3.37098 -1.0056
-3.23708 -1.01715
-3.23863 -1.01703
-3.24 -1.01694
-3.24121 -1.01685
-3.2423 -1.01677
-3.24326 -1.0167
-3.24413 -1.01664
-3.24492 -1.01659
-3.48939 -0.96787
-3.48939 -0.96787
-3.75131 -0.995455
-3.74385 -0.994811
-3.73722 -0.994238
-3.73129 -0.993728
-3.72597 -0.993269
-3.72118 -0.992857
-3.71683 -0.992483
-3.71289 -0.992144
-2.99264 -1.09293
-2.99264 -1.09293
-3.37965 -1.12965
-3.37545 -1.12921
-3.37159 -1.1288
-3.36803 -1.12842
-3.36476 -1.12807
-3.36174 -1.12775
-3.35893 -1.12745
-3.35633 -1.12716
-3.36865 -1.16828
-3.11781 -1.4379
-3.10949 -1.43565
-3.10147 -1.4336
-3.09373 -1.43173
-3.08626 -1.43002
-3.07902 -1.42846
-3.07202 -1.42703
-3.06523 -1.42572
-3.83545 -1.01579
-3.83345 -1.01498
-3.57987 -1.04289
-3.5807 -1.04185
-3.58145 -1.04089
-3.58213 -1.03998
-3.58276 -1.03914
-3.58333 -1.03835
-3.58386 -1.03761
-3.48074 -1.28008
-3.48015 -1.2797
-3.07115 -1.25078
-3.06628 -1.24996
-3.06152 -1.24916
-3.65094 -0.805593
-3.65039 -0.805483
-3.49358 -0.918626
-3.49546 -0.917795
-3.27887 -0.587187
-3.02089 -1.24047
-3.02151 -1.23988
-3.0221 -1.23932
-3.02267 -1.23877
-3.24634 -1.03446
-3.24178 -1.03544
-3.23766 -1.03634
-3.23392 -1.03718
-3.36023 -1.06988
-3.36024 -1.0699
-3.24686 -1.23694
-3.33334 -1.21169
-3.33331 -1.21196
-3.33328 -1.21223
-3.01058 -1.57059
-3.00886 -1.57218
-3.00717 -1.57375
-3.00548 -1.57529
-3.00381 -1.57681
-3.19033 -1.34357
-3.19029 -1.34407
-3.19025 -1.34457
-3.19021 -1.34505
-3.26531 -1.24816
-3.26521 -1.24806
-3.1475 -1.29651
-3.14688 -1.29669
-3.14627 -1.29687
-2.88294 -1.37196
-2.88232 -1.37236
-2.88171 -1.37276
-2.88112 -1.37315
-2.88053 -1.37353
-3.00909 -1.09673
-3.00868 -1.09668
-3.00827 -1.09663
-3.00787 -1.09658
-3.00748 -1.09653
-3.0071 -1.09648
-3.00672 -1.09643
-3.00635 -1.09639
-3.48684 -1.04205
-3.48685 -1.04187
-3.48685 -1.0417
-3.48685 -1.04153
-3.48685 -1.04137
-3.02263 -1.09955
-3.02236 -1.0995
-3.02209 -1.09946
-3.02183 -1.09942
-3.02158 -1.09938
-3.02133 -1.09934
-3.22466 -1.21622
-3.22374 -1.21603
-3.22284 -1.21586
-3.22195 -1.21568
-3.22107 -1.21551
-3.22021 -1.21534
-3.30301 -1.28896
Pillar: 3.
-1.40708 -0.381917
-1.40708 -0.381917
-1.40708 -0.381917
-1.40708 -0.381917
-1.40708 -0.381917
-1.40708 -0.381917
-1.40708 -0.381917
-1.40708 -0.381917
-1.40708 -0.381917
-1.40708 -0.381917
-1.40708 -0.381917
-1.62487 -0.500627
-1.6279 -0.501729
-1.63041 -0.50262
-1.63249 -0.503351
-1.63425 -0.503959
-1.63575 -0.504469
-1.63704 -0.504902
-1.63815 -0.505273
-1.63913 -0.505592
-1.63998 -0.50587
-1.69638 -1.27985
-1.69791 -1.28694
-1.69928 -1.29329
-1.70051 -1.299
-1.70163 -1.30415
-1.70263 -1.30882
-1.70355 -1.31306
-1.70438 -1.31693
-1.70515 -1.32046
-0.893986 -0.175048
-0.88549 -0.173102
-0.87732 -0.171316
-0.869451 -0.169676
-0.861862 -0.168166
-0.854532 -0.166775
-0.847446 -0.165493
-0.840586 -0.164308
-0.963435 -0.522811
-0.96117 -0.523565
-0.724628 -0.460581
-0.725292 -0.460337
-0.725892 -0.460106
-0.726437 -0.459887
-0.726934 -0.45968
-0.727386 -0.459485
-0.727801 -0.459298
-0.724834 -0.638547
-0.802315 -0.540154
-1.03631 -0.400261
-1.03575 -0.399768
-0.629059 -0.364472
-0.624116 -0.363862
-0.619284 -0.363271
-1.04162 -0.598926
-1.04102 -0.599433
-0.92935 -0.393263
-0.931114 -0.393027
-0.746428 -0.434312
-0.703813 -0.333721
-0.712578 -0.333987
-0.720229 -0.334196
-0.726959 -0.334361
-0.732929 -0.33449
-0.606056 -0.292207
-0.606578 -0.291861
-0.60708 -0.291529
-0.607563 -0.29121
-0.757504 -0.302094
-0.753259 -0.302021
-0.749425 -0.301953
-0.74595 -0.30189
-0.70139 -0.286021
-0.538159 -0.649573
-0.538989 -0.649048
-0.539775 -0.648549
-0.899341 -0.694466
-0.658904 -0.449728
-0.657627 -0.45
-0.656451 -0.450255
-0.655367 -0.450492
-0.0789315 -0.704023
-0.0793484 -0.703607
-0.0797446 -0.703207
-0.0801209 -0.702822
-0.053289 -0.787345
-0.0540054 -0.787161
-0.0546851 -0.786986
-0.0553281 -0.786819
-0.0380521 -0.742055
-0.0384507 -0.741681
-0.0388333 -0.741319
-0.0392013 -0.740971
-0.0395537 -0.740634
-0.0398906 -0.740309
-0.0402151 -0.739995
-0.0405251 -0.739691
-0.040824 -0.739397
-0.926267 -0.565014
-0.926382 -0.564986
-0.965688 -0.209381
-0.964836 -0.209875
-0.964028 -0.210348
-0.963261 -0.210798
-0.962535 -0.211229
-0.0743152 -0.705365
-0.0743703 -0.705194
-0.0744237 -0.705028
-0.0744734 -0.704867
-0.0833833 -0.700893
-0.0833728 -0.700838
-0.0833636 -0.700784
0.152945 -0.477755
0.149684 -0.478435
-0.0333578 -0.588464
-0.0320694 -0.587808
-0.0307958 -0.587159
-0.405229 -0.561062
-0.405034 -0.56107
-0.404842 -0.561078
-0.404657 -0.561085
-0.404475 -0.561092
-0.404296 -0.561099
-0.404122 -0.561105
-0.403953 -0.561111
-0.403787 -0.561117
-0.27324 -0.680092
-0.273289 -0.68001
-0.273335 -0.679931
-0.273379 -0.679854
-0.273425 -0.679778
-0.273467 -0.679705
-0.273508 -0.679633
-0.273548 -0.679562
-0.273586 -0.679493
-0.72973 -1.28021
-0.748231 -0.508299
-0.748134 -0.508313
-0.748043 -0.508326
-0.74795 -0.50834
-0.74786 -0.508353
-0.747774 -0.508366
-0.747687 -0.508378
-0.747603 -0.508391
-0.734822 -0.54347
-0.734834 -0.543488
-0.742204 -0.290057
-0.835251 -0.247623
-0.835263 -0.247786
-0.835272 -0.247945
-0.629203 -0.346289
-0.627807 -0.347263
-0.626424 -0.348219
-0.62505 -0.349156
-0.623688 -0.350076
-0.718833 -0.554281
-0.718829 -0.554298
-0.718825 -0.554315
-0.694687 -0.43502
-0.694883 -0.434951
-0.695071 -0.434883
-0.69525 -0.434817
-0.829398 -0.224882
-0.82944 -0.225217
-0.829478 -0.225544
-0.829515 -0.225866
-0.889478 -0.339972
-0.888944 -0.340601
-0.888607 -0.341032
-0.442894 -0.154431
-0.441545 -0.154574
-0.440224 -0.154713
-0.43893 -0.15485
-0.437661 -0.154983
0.137367 -0.737782
0.136006 -0.737746
0.134688 -0.737714
0.133418 -0.737687
0.132184 -0.737665
-0.792146 -0.537476
-0.792013 -0.53748
-0.793832 -0.256369
-0.793289 -0.256378
-0.792756 -0.256388
-0.590828 -0.202415
-0.590239 -0.202751
-0.589663 -0.20308
-0.5891 -0.203404
-0.58855 -0.203722
0.0185702 -0.768617
0.0189881 -0.768629
0.0193984 -0.76864
0.0198022 -0.768651
0.0201983 -0.768661
0.0205884 -0.768672
0.0209717 -0.768683
0.0213486 -0.768694
0.120806 -0.735244
-0.880091 -0.995702
-0.879605 -0.995093
-0.87913 -0.994496
-0.878665 -0.993912
-0.741851 -0.975074
-0.741648 -0.974066
-0.74145 -0.973078
-0.741258 -0.972109
-0.635291 -0.451951
-0.962148 -0.522187
-0.96227 -0.522211
-0.962392 -0.522235
-0.95357 -0.240523
-0.953574 -0.240464
-0.953574 -0.240405
-0.953579 -0.240348
-0.953582 -0.24029
-0.666236 -0.693135
-0.666402 -0.69321
-0.666567 -0.693284
-0.666731 -0.693356
0.113748 -0.736131
0.113753 -0.736044
0.113759 -0.735958
0.113766 -0.735874
0.113774 -0.735791
0.0641827 -0.644181
0.0644003 -0.644149
-0.832686 -0.484295
-0.83242 -0.484245
-0.832157 -0.484196
-0.831899 -0.484148
-0.831645 -0.4841
-0.831396 -0.484053
-0.738835 -0.458378
Pillar: 4.
4.92589 -1.09327
4.92589 -1.09327
4.92589 -1.09327
4.92589 -1.09327
4.9259 -1.09327
4.92589 -1.09327
4.92589 -1.09327
4.68551 -1.10109
4.68551 -1.10109
4.68551 -1.10109
4.79036 -1.07667
4.78843 -1.07636
4.78687 -1.0761
4.7856 -1.07588
4.86867 -1.08487
4.86867 -1.08487
4.86867 -1.08487
4.86867 -1.08487
5.58841 -1.03513
5.59587 -1.03481
5.6025 -1.03454
5.60842 -1.03429
5.61374 -1.03408
5.61854 -1.03389
5.62288 -1.03372
5.62682 -1.03357
5.7692 -0.944397
5.77339 -0.942804
5.77722 -0.941331
5.78075 -0.939966
5.78401 -0.938698
5.78702 -0.937518
5.7898 -0.936418
5.79239 -0.935391
5.42521 -0.201047
5.42368 -0.208137
5.42231 -0.214486
5.42107 -0.220195
5.41996 -0.225348
5.41895 -0.230016
5.41804 -0.234259
5.4172 -0.238126
5.41644 -0.241661
4.82478 -0.773433
4.82403 -0.774725
4.82335 -0.775921
4.82273 -0.77703
4.82216 -0.778061
4.82164 -0.779022
4.82117 -0.779919
4.83247 -0.739442
4.74739 -0.847791
4.91866 -0.800102
4.92804 -0.799059
3.9733 -0.943217
4.80002 -0.982089
4.79128 -0.982146
4.78365 -0.982188
4.77694 -0.982218
4.77098 -0.982239
5.17305 -0.807071
5.17237 -0.808116
5.17177 -0.809058
4.22232 -0.908593
4.22174 -0.908735
4.22118 -0.908872
4.22064 -0.909005
3.99802 -1.34045
4.0027 -1.33836
4.00694 -1.33643
4.01079 -1.33464
4.05425 -1.32384
5.35836 -0.955719
5.35583 -0.955202
5.35397 -0.954892
5.35221 -0.9546
5.35054 -0.954323
4.9505 -1.04409
4.95466 -1.0428
4.95845 -1.0416
4.96193 -1.04049
4.96511 -1.03944
4.90137 -0.834734
4.90052 -0.834819
4.89972 -0.834902
4.54126 -0.84488
4.74948 -1.05977
4.75087 -1.05905
4.75215 -1.05837
4.75333 -1.05773
4.89503 -0.995175
4.89728 -0.994593
4.53513 -0.641715
4.53473 -0.64229
4.53435 -0.642845
4.53398 -0.643379
4.55545 -0.557164
4.55476 -0.557471
4.5541 -0.557766
4.55348 -0.558048
4.83909 -0.737141
4.88474 -0.742855
4.61764 -0.764115
4.61723 -0.764255
4.61685 -0.764391
4.61648 -0.764523
4.61613 -0.764652
4.61578 -0.764777
4.61546 -0.764899
4.61514 -0.765017
4.61484 -0.765133
5.03505 -0.861521
5.03486 -0.86155
5.05156 -0.924258
5.05144 -0.924164
4.92446 -1.29084
4.92555 -1.29008
4.92657 -1.28935
4.92755 -1.28866
4.92848 -1.28799
4.91489 -1.03925
4.91602 -1.03885
4.56936 -0.793902
4.5693 -0.793998
4.56924 -0.794093
4.56919 -0.794187
4.56009 -0.799519
4.5601 -0.799501
4.56011 -0.799485
4.76649 -1.01325
4.76341 -1.01242
4.75163 -0.174017
4.75253 -0.168892
4.75341 -0.163802
4.5266 -0.524617
4.5268 -0.52506
4.527 -0.525492
4.52719 -0.525913
4.52737 -0.526323
4.52755 -0.526723
4.52773 -0.527114
4.5279 -0.527494
4.52807 -0.527866
4.37498 -1.08464
5.06305 -0.966059
5.06285 -0.965935
5.06265 -0.965813
5.05967 -0.964817
5.05948 -0.964702
4.75463 -0.866396
4.75458 -0.86637
4.75453 -0.866345
4.75448 -0.866321
4.75444 -0.866297
4.75439 -0.866273
4.75435 -0.866251
4.75431 -0.866229
4.75427 -0.866207
5.00661 -0.934564
4.73177 -0.813956
4.73186 -0.814006
4.73195 -0.814056
4.73204 -0.814104
4.73213 -0.814152
4.73222 -0.814198
4.7323 -0.814244
4.73238 -0.814289
4.74311 -0.790184
4.74321 -0.790237
4.62033 -1.02178
4.62212 -1.02138
4.62384 -1.02099
4.62548 -1.02062
4.62705 -1.02026
4.62856 -1.01991
4.63001 -1.01958
4.72623 -0.911227
4.72597 -0.911232
4.72606 -0.9112
5.1018 -0.866348
5.10026 -0.866573
5.09878 -0.86679
5.09734 -0.867001
5.09595 -0.867205
5.03286 -1.64281
5.09258 -0.872221
5.08394 -0.635051
5.08243 -0.635418
5.08097 -0.635776
5.07954 -0.636125
5.07817 -0.636464
5.07683 -0.636796
5.07553 -0.637119
5.07426 -0.637434
4.85504 -0.666058
4.85458 -0.666239
4.85413 -0.666416
4.8391 -0.699412
4.83898 -0.698962
4.83295 -0.696863
4.83316 -0.69674
5.07406 -1.17932
5.07516 -1.18089
5.07625 -1.18245
4.47088 -0.95023
4.07431 -1.00111
4.24575 -1.28636
4.69773 -0.884694
4.69817 -0.884637
4.6986 -0.884581
4.69876 -0.880181
4.29247 -0.588692
4.29866 -0.590437
4.30452 -0.592122
4.31008 -0.593751
5.29753 -1.26951
5.29667 -1.26891
5.29577 -1.26807
5.2949 -1.26725
4.76031 -0.951152
4.67167 -0.870889
4.67169 -0.870811
4.6717 -0.870735
4.91277 -0.380288
4.91418 -0.37982
4.91557 -0.379353
4.91695 -0.378887
4.91832 -0.378422
5.00521 -0.727768
5.00434 -0.727946
4.88936 -0.774812
4.88936 -0.774844
4.88937 -0.774875
4.89923 -0.891728
4.89903 -0.891608
4.89885 -0.891492
4.89868 -0.891378
4.91688 -0.806703
4.91671 -0.80668
4.91655 -0.806658
3.86376 -1.11865
3.86532 -1.11783
3.86686 -1.11703
3.86835 -1.11625
3.86982 -1.11548
4.76296 -0.564617
4.7616 -0.564655
4.76028 -0.564695
4.75901 -0.564738
4.75779 -0.564781
4.43518 -1.01369
4.43578 -1.01331
4.43637 -1.01294
4.67223 -0.667486
4.67283 -0.667668
4.67342 -0.667847
4.674 -0.668023
4.67456 -0.668197
4.4905 -0.732532
4.49092 -0.732635
4.49133 -0.732736
4.49174 -0.732837
4.49213 -0.732935
4.49252 -0.733033
4.49291 -0.733129
4.49329 -0.733224
4.59288 -0.741829
4.99503 -0.849609
4.99496 -0.849608
4.7271 -0.761003
4.72762 -0.761111
4.72812 -0.761219
4.72862 -0.761325
4.86469 -1.22481
4.86488 -1.22415
4.86506 -1.22351
4.86524 -1.22288
4.95088 -0.990865
5.03245 -1.38611
5.0322 -1.38545
5.10816 -0.878888
5.10804 -0.878862
5.10792 -0.878834
5.05759 -1.158
5.05761 -1.15783
5.05762 -1.15766
5.05764 -1.15749
5.05765 -1.15732
4.98228 -0.940518
4.98232 -0.940468
5.35579 -0.753083
5.35563 -0.753113
5.35546 -0.753142
5.3553 -0.753171
4.36389 -0.887828
4.36389 -0.887843
4.36389 -0.887858
4.3639 -0.887872
4.3639 -0.887886
4.30969 -0.89404
4.3099 -0.894052
4.67058 -0.947189
4.67065 -0.947152
4.67037 -0.947194
4.54454 -1.06074
4.54481 -1.06067
4.54507 -1.0606
4.54533 -1.06054
4.54559 -1.06047
4.54584 -1.06041
4.63503 -1.06537
4.91618 -0.954022
4.91614 -0.953986
4.9161 -0.953951
4.91607 -0.953916
4.91603 -0.953881
4.27323 -0.972508
4.27415 -0.972195
4.27505 -0.971888
4.27594 -0.971587
4.27681 -0.971291
4.27767 -0.971
Pillar: 5.
5.57127 -2.4366
5.57127 -2.4366
5.57127 -2.4366
5.57127 -2.4366
5.57128 -2.4366
5.57127 -2.4366
5.57127 -2.4366
5.19413 -2.46598
5.19413 -2.46598
5.19413 -2.46598
5.30513 -2.43924
5.30323 -2.43891
5.30171 -2.43864
5.30046 -2.43842
5.37997 -2.44874
5.37997 -2.44874
5.37997 -2.44874
5.37997 -2.44874
5.20557 -2.43025
5.20402 -2.43014
5.20265 -2.43004
5.20143 -2.42995
5.20036 -2.42987
5.19939 -2.4298
5.19852 -2.42974
5.19774 -2.42968
5.00513 -2.55102
5.00389 -2.55236
5.00275 -2.5536
5.0017 -2.55475
5.00074 -2.55582
4.99985 -2.55682
4.99903 -2.55775
5.08051 -2.50885
4.92941 -2.62521
5.07772 -2.57972
5.08698 -2.57869
4.56807 -2.48875
4.56582 -2.48979
4.86183 -2.41857
4.86041 -2.41843
4.85855 -2.41812
4.85679 -2.41783
4.85513 -2.41755
4.4601 -2.50901
4.46429 -2.50773
4.46811 -2.50654
4.47161 -2.50543
4.47481 -2.5044
4.654 -2.39799
4.65298 -2.39805
4.652 -2.39811
4.30388 -2.40969
4.3806 -2.59889
4.38228 -2.59824
4.38382 -2.59762
4.38525 -2.59705
4.50273 -2.5285
4.50499 -2.52792
4.47788 -2.55264
4.47707 -2.5532
4.47629 -2.55375
4.47554 -2.55427
4.56778 -2.46891
4.56689 -2.46922
4.56603 -2.46951
4.56523 -2.4698
4.91372 -2.64747
4.97828 -2.65235
4.34911 -2.39443
4.34853 -2.39454
4.34797 -2.39465
4.34743 -2.39475
4.34691 -2.39485
4.34642 -2.39495
4.34594 -2.39505
4.34548 -2.39514
4.34503 -2.39524
4.77073 -2.49252
4.77054 -2.49255
4.79203 -2.41052
4.79194 -2.41043
4.48663 -2.73466
4.48802 -2.734
4.48934 -2.73336
4.4906 -2.73275
4.4918 -2.73217
4.40333 -2.45863
4.40447 -2.45824
4.38559 -2.41773
4.38544 -2.41781
4.38529 -2.4179
4.38514 -2.41798
4.37279 -2.42294
4.37279 -2.42292
4.37278 -2.42291
4.42714 -2.61182
4.42458 -2.6111
4.78082 -2.81993
4.78081 -2.8204
4.78081 -2.82085
4.78081 -2.82129
4.7808 -2.82172
4.7808 -2.82214
4.7808 -2.82255
4.7808 -2.82295
4.78079 -2.82334
3.94705 -2.52559
4.60598 -2.40627
4.60577 -2.40615
4.60557 -2.40602
4.60816 -2.40678
4.60798 -2.40667
4.4107 -2.36709
4.41063 -2.36706
4.41057 -2.36703
4.4105 -2.367
4.41044 -2.36698
4.41038 -2.36695
4.41032 -2.36692
4.41027 -2.3669
4.41021 -2.36687
4.62573 -2.42631
4.7368 -1.77099
4.90699 -2.58955
4.90707 -2.58961
4.90715 -2.58966
4.90723 -2.58971
4.9073 -2.58976
4.90738 -2.5898
4.90745 -2.58985
4.90752 -2.5899
4.89127 -2.56824
4.89138 -2.5683
4.51605 -2.41385
4.51753 -2.41342
4.51896 -2.41302
4.52033 -2.41262
4.52165 -2.41224
4.52292 -2.41188
4.52414 -2.41152
4.88673 -2.44952
4.88719 -2.44945
4.88729 -2.44941
5.03129 -2.41138
5.02975 -2.4116
5.02826 -2.41182
5.02683 -2.41203
5.02543 -2.41224
5.10692 -3.18767
5.02278 -2.41728
5.15081 -2.61984
5.14931 -2.6202
5.14785 -2.62056
5.14643 -2.62091
5.14506 -2.62125
5.14373 -2.62158
5.14243 -2.6219
5.14118 -2.62222
5.04351 -2.63024
5.04303 -2.63042
5.04256 -2.6306
5.06796 -2.6593
5.06727 -2.65892
5.05901 -2.65708
5.059 -2.65698
5.71924 -2.63029
5.71172 -2.6286
5.70475 -2.627
5.69828 -2.62547
5.69225 -2.62403
4.49185 -1.69963
4.66638 -1.98302
5.61582 -2.41977
5.61173 -2.41953
5.60782 -2.41929
5.0548 -2.14095
5.06066 -2.1356
5.06634 -2.13038
5.07183 -2.12529
5.07717 -2.1203
6.03536 -2.36591
6.02955 -2.36557
6.02397 -2.36525
5.12702 -2.63906
5.12712 -2.63896
5.12721 -2.63886
5.55361 -2.08999
5.55546 -2.08936
5.55729 -2.08873
5.5591 -2.0881
5.5609 -2.08747
5.81398 -2.36473
5.81309 -2.36492
4.84555 -2.54554
4.84555 -2.54557
4.84555 -2.5456
4.78082 -2.65904
4.78065 -2.65892
4.78048 -2.6588
4.78032 -2.65869
4.77352 -2.57216
4.77332 -2.57214
4.77314 -2.57211
5.11222 -2.4423
5.1118 -2.44233
4.20908 -2.36553
4.20946 -2.36563
4.20984 -2.36572
4.21021 -2.36582
4.21058 -2.36591
4.21094 -2.366
4.21129 -2.36609
4.21164 -2.36618
4.29589 -2.37207
4.6906 -2.47848
4.69053 -2.47847
4.8598 -2.47434
4.8597 -2.47431
4.85959 -2.47429
4.66252 -2.72358
4.66256 -2.72342
4.6626 -2.72325
4.66265 -2.72309
4.66269 -2.72294
4.51429 -2.48587
4.51433 -2.48583
4.30657 -2.43334
4.30642 -2.43338
4.30627 -2.43342
4.30612 -2.43345
4.71521 -2.32961
4.71518 -2.32963
4.71515 -2.32966
4.71512 -2.32968
4.71509 -2.3297
4.6276 -2.34355
4.6278 -2.34357
4.99806 -2.39457
4.99813 -2.39454
4.99856 -2.39442
5.01836 -2.34972
5.01863 -2.34965
5.0189 -2.34958
5.01916 -2.34952
5.01942 -2.34945
5.01968 -2.34938
5.10151 -2.35703
4.75218 -2.38836
4.75214 -2.38832
4.7521 -2.38829
4.75207 -2.38825
4.75203 -2.38822
Pillar: 6.
12.3123 -0.851609
12.3199 -0.851281
12.3272 -0.850908
12.3342 -0.850498
12.341 -0.850053
13.1012 -0.417525
13.1007 -0.420403
13.1003 -0.423091
13.0999 -0.425602
13.0907 -0.0579607
13.0252 -0.474107
13.2006 -0.533343
13.21 -0.53284
12.2272 -0.592393
12.2185 -0.592169
12.2109 -0.591984
12.2041 -0.591833
12.1982 -0.591709
12.6086 -0.640942
12.608 -0.641986
12.6074 -0.642929
13.235 -0.352953
13.2392 -0.346944
13.2431 -0.341397
13.2466 -0.336263
13.2911 -0.335304
13.5497 -0.36202
13.5538 -0.360553
13.5576 -0.359205
13.5611 -0.357965
13.5642 -0.35682
13.9504 -0.446202
13.4406 -0.285346
13.4418 -0.283028
13.443 -0.280854
13.444 -0.278812
13.5969 -0.353312
13.5992 -0.352658
12.8687 -0.567038
12.868 -0.568231
12.8673 -0.569372
12.8667 -0.570464
13.1482 -0.476032
13.1909 -0.399535
13.1906 -0.403581
13.1891 -0.404247
13.1877 -0.404855
13.1864 -0.405412
13.4914 -0.143318
13.4923 -0.140744
13.493 -0.138278
13.4938 -0.135914
13.4945 -0.133645
13.5295 -0.334137
13.5307 -0.333673
13.1118 -0.4363
13.1118 -0.436352
13.1118 -0.436404
13.4609 -0.130338
13.4629 -0.131892
13.4648 -0.133334
13.4666 -0.134675
13.4684 -0.135923
13.47 -0.137088
13.4716 -0.138175
12.605 -0.491959
12.6034 -0.49219
12.6019 -0.492414
12.6005 -0.49263
12.5991 -0.492838
12.4683 -0.569486
12.5956 -0.494381
12.4724 -0.529556
12.4709 -0.529901
12.4694 -0.530238
12.468 -0.530564
12.4666 -0.530881
12.4653 -0.531188
12.464 -0.531487
12.4627 -0.531777
12.7759 -0.496025
12.7754 -0.496283
12.775 -0.496535
12.7548 -0.366395
12.7548 -0.368211
12.7491 -0.375125
12.7493 -0.375861
12.8209 -0.421264
12.8243 -0.42166
12.8273 -0.421995
12.6285 0.0257746
12.6223 0.0239738
12.6166 0.0223054
12.6113 0.0207559
12.6064 0.019314
12.8626 -0.406318
12.8636 -0.406239
13.0685 -0.399416
13.0695 -0.399342
13.0704 -0.399269
12.484 -1.50726
13.137 -0.39309
13.1374 -0.393033
13.1379 -0.392978
13.1385 -0.397268
12.7329 -1.05946
12.7393 -1.0576
12.7454 -1.05585
12.7511 -1.05419
12.9231 -0.466724
12.9231 -0.466207
12.9277 -0.466561
12.9319 -0.466886
12.5205 -0.027348
12.5195 -0.0262374
12.5186 -0.0253999
12.5178 -0.0245789
12.7994 -0.603795
12.8004 -0.602612
12.7774 -0.294493
12.7739 -0.296316
12.7706 -0.298059
12.3969 -0.762779
12.404 -0.764006
12.4108 -0.76522
12.4175 -0.766422
12.424 -0.767609
12.7138 -0.332096
12.7087 -0.334043
12.7038 -0.335913
13.8318 -0.346999
13.8261 -0.346625
11.8522 -0.67948
11.8514 -0.679785
13.027 -0.350182
13.0268 -0.349988
13.0266 -0.3498
13.0264 -0.349618
13.0515 -0.380082
13.0513 -0.380163
13.0511 -0.38024
13.0345 -0.394668
13.0339 -0.394872
13.0333 -0.395069
12.9025 -0.632534
12.9025 -0.63188
12.9025 -0.631248
12.9025 -0.630637
12.6847 -0.53566
12.6833 -0.535825
12.682 -0.535988
12.6807 -0.536149
12.6795 -0.536307
12.812 -0.579949
12.8115 -0.579625
11.8751 -0.691285
11.8757 -0.691256
11.8762 -0.691229
11.8768 -0.691204
11.8774 -0.691179
12.5722 -0.228118
12.5724 -0.22795
12.5726 -0.227783
12.5729 -0.227618
12.6995 -0.39351
12.6628 0.0888123
12.6626 0.0894648
13.1046 -0.192947
13.1046 -0.192623
13.1046 -0.192304
13.1046 -0.19199
13.1046 -0.19168
13.0657 -0.353533
13.0657 -0.353447
Pillar: 7.
13.5221 -1.61533
13.5213 -1.6183
13.5206 -1.62108
13.52 -1.62367
13.5579 -1.23848
13.4482 -1.67119
13.6081 -1.73579
13.6174 -1.73531
14.2427 -1.60718
14.2469 -1.6057
14.2507 -1.60434
14.2542 -1.60309
14.2574 -1.60194
14.1586 -1.45834
14.1601 -1.45589
14.1614 -1.45359
14.1627 -1.45143
14.297 -1.53711
14.2992 -1.53645
13.2862 -1.88143
13.2853 -1.88267
13.2845 -1.88385
13.2838 -1.88498
13.6083 -1.77612
13.6638 -1.695
13.623 -1.71313
13.6215 -1.71379
13.6201 -1.7144
13.6189 -1.71496
13.3144 -1.45701
13.3115 -1.45338
13.8732 -1.86544
13.8748 -1.86708
13.8764 -1.86861
13.8778 -1.87003
13.8793 -1.87136
13.8806 -1.87259
13.8819 -1.87374
12.6979 -2.10303
13.2387 -1.74659
13.2389 -1.74567
13.239 -1.74482
13.0794 -1.90864
13.0755 -1.91054
13.0717 -1.91237
12.6762 -1.938
12.6705 -1.93993
12.6651 -1.94179
13.7567 -1.95159
13.7555 -1.95142
13.5268 -1.70598
13.5266 -1.70578
13.5265 -1.70559
13.5263 -1.7054
13.5321 -1.74281
13.5319 -1.7429
13.5317 -1.74298
13.4846 -1.7678
13.4839 -1.768
13.4834 -1.7682
13.5586 -1.58919
13.5587 -1.58849
13.5588 -1.58781
13.5588 -1.58715
13.04 -1.69592
13.0386 -1.69609
13.0373 -1.69626
13.036 -1.69642
13.0348 -1.69659
13.4263 -1.6264
13.4258 -1.62605
Pillar: 8.
21.5751 0.520481
21.577 0.517758
21.5787 0.515205
21.5804 0.512812
20.4509 0.11143
20.4496 0.111215
20.228 0.764944
20.4457 0.113307
20.5533 -0.342197
20.552 -0.34247
20.5507 -0.342733
20.8759 0.125482
20.876 0.121341
20.8709 0.10518
20.8712 0.103562
20.9383 0.128982
20.9417 0.129237
20.9446 0.129439
20.8811 0.132941
20.8811 0.133102
20.8811 0.133239
20.6987 -0.0483788
20.6925 -0.0542636
20.6868 -0.0597532
20.6814 -0.0648867
20.6765 -0.0696989
20.918 0.0885758
20.919 0.0886235
20.8932 0.0862747
20.8931 0.0863348
20.893 0.0863888
21.7409 0.789803
21.6532 0.901875
21.8161 0.694523
21.7441 0.544539
21.7498 0.550236
21.7552 0.555656
21.7603 0.560817
21.1942 0.470548
21.1943 0.469846
21.2511 0.509721
21.1988 0.469848
21.2519 0.5085
21.203 0.469932
21.2525 0.50744
21.1946 0.434398
21.1955 0.435581
21.9761 -0.115253
21.9838 -0.125055
21.9912 -0.134661
21.9984 -0.144079
22.0054 -0.153317
21.077 0.104608
21.0751 0.105155
Pillar: 9.
20.8874 -1.27926
20.886 -1.27947
20.7925 -0.578913
20.8829 -1.27718
20.8162 -1.85065
20.8148 -1.85093
20.8135 -1.85121
20.8123 -1.85147
20.8775 -1.43434
20.8772 -1.43848
20.8703 -1.45464
20.8704 -1.45626
20.9511 -1.43079
20.9546 -1.43053
20.9577 -1.43033
20.871 -1.42685
20.871 -1.42669
20.871 -1.42655
20.4864 -1.57798
20.4794 -1.58376
20.4729 -1.58915
20.4669 -1.59419
20.4613 -1.59891
20.814 -1.45219
20.815 -1.45214
20.7429 -1.45067
20.7428 -1.45061
20.7428 -1.45056
21.5807 -1.587
21.6121 -1.47996
21.7855 -1.68747
20.7284 -1.71686
20.7282 -1.7175
21.1435 -1.72414
20.7329 -1.71752
21.1437 -1.72533
20.7371 -1.71746
21.1438 -1.72636
20.4411 -0.725209
20.4364 -0.706579
20.9214 -1.36933
20.9237 -1.36921
FEATURES.
Feature: 1.
-3.5552 -2.69609
-3.5552 -2.69609
-3.5552 -2.69609
-3.5552 -2.69609
-3.5552 -2.69609
-3.5552 -2.69609
-3.5552 -2.69609
-3.5552 -2.6961
-3.55474 -2.6967
-3.55472 -2.6966
-3.55471 -2.69652
-3.94714 -2.87456
-3.93049 -2.85897
-3.91355 -2.84311
-3.89546 -2.82617
-3.87985 -2.81156
-3.86583 -2.79844
-3.85304 -2.78647
-3.8313 -2.77632
-3.81288 -2.76781
-3.79645 -2.76017
-3.98771 -2.74764
-3.97285 -2.76546
-3.95816 -2.77643
-3.93818 -2.79061
-3.92305 -2.79239
-3.90759 -2.78843
-3.88332 -2.79703
-3.86738 -2.79125
-3.85148 -2.78487
-3.8349 -2.77517
-3.32802 -2.28135
-3.34852 -2.30622
-3.36196 -2.33124
-3.35558 -2.34174
-3.35143 -2.35344
-3.34949 -2.36588
-3.3483 -2.38203
-3.34973 -2.3958
-3.35298 -2.40868
-3.3571 -2.42106
-3.32612 -2.95298
-3.33121 -2.93294
-3.33635 -2.91251
-3.32688 -2.85885
-3.32503 -2.81515
-3.32189 -2.78247
-3.3277 -2.75287
-3.33789 -2.72798
-3.32796 -2.73668
-3.34331 -2.71381
-3.75511 -2.54894
-3.77167 -2.54781
-3.78855 -2.54672
-3.85298 -2.56917
-3.90942 -2.58853
-3.95852 -2.60491
-4.00719 -2.62024
-4.04537 -2.63117
-4.07572 -2.64195
-4.10145 -2.65059
-3.72161 -1.69258
-3.72067 -1.7471
-3.73115 -1.82793
-3.73658 -1.90399
-3.73164 -1.9822
-3.72232 -2.04897
-3.70641 -2.11127
-3.68493 -2.16905
-3.65912 -2.22236
-4.68271 -0.501698
-4.69156 -0.692898
-4.68178 -0.867588
-4.64839 -1.03139
-4.60049 -1.17565
-4.54531 -1.30276
-4.48475 -1.41446
-4.41252 -1.52411
-4.34117 -1.61977
-0.731136 -4.50435
-0.962537 -4.47692
-1.00956 -4.47321
-1.18856 -4.41857
-1.3722 -4.34477
-1.96212 -3.6932
-2.05784 -3.68149
-2.12238 -3.68366
-2.19849 -3.64427
-3.6366 -2.37236
-3.61293 -2.39798
-3.59075 -2.41739
-3.5665 -2.43851
-3.54443 -2.45574
-3.83563 -2.29656
-3.79298 -2.32574
-3.74729 -2.35921
-3.70149 -2.39503
-3.63942 -2.40211
-3.5691 -2.41703
-3.51307 -2.42523
-3.46211 -2.4343
-2.78725 -3.21922
-2.81539 -3.20896
-2.85146 -3.19206
-2.88493 -3.15444
-2.91903 -3.11455
-2.95315 -3.07317
-2.97562 -3.01838
-2.98889 -2.9725
-3.00271 -2.92604
-3.00795 -2.89679
-1.40216 -3.16308
-1.5256 -3.15216
-1.64763 -3.13482
-1.76338 -3.11329
-1.87552 -3.08567
-1.96254 -3.05933
-2.04998 -3.02722
-2.12918 -2.99079
-2.46031 -2.20404
-2.49441 -2.21412
-2.53162 -2.22689
-2.57634 -2.2271
-2.60897 -2.23825
-2.63734 -2.25079
-3.0225 -1.89413
Feature: 2.
-3.4659 -0.958972
-3.4659 -0.958972
-3.4659 -0.958972
-3.4659 -0.958972
-3.4659 -0.958972
-3.4659 -0.958972
-3.4659 -0.958973
-3.4659 -0.958973
-3.46574 -0.959557
-3.46568 -0.959465
-3.46564 -0.959387
-3.55633 -1.23198
-3.53967 -1.21639
-3.52273 -1.20054
-3.50464 -1.1836
-3.48904 -1.16899
-3.47502 -1.15587
-3.46223 -1.1439
-3.44146 -1.13352
-3.4239 -1.12481
-3.40821 -1.11698
-3.54675 -1.11855
-3.54935 -1.13175
-3.54994 -1.13883
-3.54649 -1.14898
-3.54261 -1.14812
-3.53697 -1.14192
-3.52627 -1.14752
-3.51717 -1.14027
-3.50724 -1.13264
-3.49588 -1.12186
-3.15438 -0.667788
-3.17488 -0.692665
-3.18831 -0.717678
-3.17307 -0.72916
-3.16122 -0.741755
-3.1526 -0.754992
-3.14562 -0.771859
-3.14201 -0.786269
-3.1409 -0.799722
-3.14123 -0.812603
-3.42674 -1.26126
-3.43184 -1.24122
-3.43697 -1.22079
-3.39825 -1.16564
-3.37097 -1.12106
-3.34693 -1.08794
-3.33339 -1.05817
-3.32677 -1.0333
-3.31684 -1.042
-3.31595 -1.01932
-2.75185 -1.09947
-2.76841 -1.09835
-2.78529 -1.09726
-2.86053 -1.11229
-2.92642 -1.12526
-2.98377 -1.13613
-3.04047 -1.14616
-3.08485 -1.15304
-3.12122 -1.15992
-3.15213 -1.16525
-3.38315 -0.377371
-3.38221 -0.431888
-3.42013 -0.505969
-3.44947 -0.576623
-3.46769 -0.650035
-3.47617 -0.71341
-3.47573 -0.772949
-3.46771 -0.82848
-3.45358 -0.879949
-4.45177 1.24629
-4.52028 1.06194
-4.56234 0.891539
-4.58141 0.730514
-4.57905 0.5874
-4.56335 0.460327
-4.53701 0.347938
-4.49726 0.237029
-4.45405 0.139786
-0.911379 -3.15603
-1.08345 -3.12199
-1.13047 -3.11828
-1.25825 -3.06004
-1.39229 -2.98461
-2.6394 -1.72841
-2.66571 -1.69412
-2.68297 -1.68245
-2.73501 -1.63648
-4.77627 1.72452
-2.50348 -1.84374
-2.52449 -1.81881
-2.54544 -1.79585
-2.56833 -1.77068
-2.59195 -1.74474
-2.6077 -1.72999
-2.62767 -1.71234
-2.65172 -1.69064
-2.5793 -0.404817
-2.63575 -0.447383
-2.69783 -0.494621
-2.79298 -0.469028
-2.89378 -0.45546
-2.96998 -0.467035
-3.04243 -0.484066
-3.13717 -0.407168
-3.21688 -0.419708
-3.278 -0.446233
-3.32122 -0.483694
-3.40733 0.508242
-3.43337 0.390349
-3.4475 0.272268
-3.45024 0.155565
-2.80471 -1.91371
-2.79715 -1.90346
-2.79964 -1.88746
-2.82998 -1.84996
-2.86139 -1.81019
-2.89291 -1.76893
-2.92294 -1.71382
-2.94508 -1.66761
-2.96431 -1.62098
-2.97425 -1.5916
-3.56823 -0.572148
-3.53906 -0.598344
-3.50836 -0.623307
-3.47379 -0.648176
-3.43683 -0.673131
-3.39863 -0.6995
-3.36073 -0.724467
-3.32402 -0.749197
-3.01282 -1.34949
-3.04672 -1.33274
-3.08156 -1.31442
-3.1153 -1.29627
-3.15082 -1.27659
-3.048 -1.26654
-3.04662 -1.25854
-3.04573 -1.24831
-3.04378 -1.23923
-3.04272 -1.22678
-3.04159 -1.21425
-2.7616 -0.988184
-2.78807 -0.9964
-2.81789 -1.00741
-2.85078 -1.0049
-2.878 -1.01485
-2.90258 -1.02656
-2.89656 -0.71115
Feature: 3.
-1.40708 -0.381917
-1.40708 -0.381917
-1.40708 -0.381917
-1.40708 -0.381917
-1.40708 -0.381917
-1.40708 -0.381917
-1.40708 -0.381917
-1.40708 -0.381917
-1.40702 -0.382155
-1.40694 -0.382108
-1.40689 -0.382069
-1.91334 -0.809877
-1.91934 -0.805611
-1.92304 -0.797485
-1.92311 -0.791256
-1.92172 -0.779285
-1.91832 -0.763411
-1.91078 -0.755695
-1.90332 -0.741759
-1.89484 -0.728286
-1.88477 -0.712427
-1.97274 -1.40931
-1.95367 -1.4004
-1.93437 -1.39186
-1.91602 -1.38419
-1.89678 -1.37661
-1.87755 -1.36949
-1.85901 -1.36309
-1.84162 -1.35751
-1.82563 -1.3528
-0.987465 0.465547
-1.04458 0.441099
-1.0914 0.413163
-1.12721 0.380665
-1.14965 0.348433
-1.16166 0.315752
-1.16468 0.2834
-1.16032 0.251943
-1.54915 0.988722
-1.61058 0.903376
-1.64923 0.818877
-1.66743 0.744673
-1.6664 0.676826
-1.65344 0.614956
-1.63065 0.559025
-1.59528 0.501653
-1.55667 0.450763
-1.5129 0.40631
-1.48259 0.353088
1.11109 -1.5254
1.00861 -1.58166
0.961593 -1.57796
0.890469 -1.59978
0.808252 -1.60368
-0.176648 -0.841787
-0.173336 -0.894524
-0.172353 -0.942151
-0.215686 -0.926371
-2.24349 1.57717
-1.04562 -0.116231
-1.04295 -0.117947
-1.03705 -0.119144
-1.02865 -0.122764
-1.01883 -0.126643
-0.173859 -0.702032
-0.182742 -0.702188
-0.194436 -0.698854
-0.208357 -0.693116
-0.224301 -0.684129
-0.221564 -0.711656
-0.226155 -0.730843
-0.237354 -0.741186
-0.253967 -0.743152
0.225185 -0.903643
0.16762 -0.88497
0.10502 -0.865124
0.0409437 -0.845062
-0.0438173 -0.830936
-0.073325 -0.848406
-0.105444 -0.855175
-0.138566 -0.853762
-0.301857 -0.73129
-0.267473 -0.764842
-0.231797 -0.797448
-0.197375 -0.826535
-0.165832 -0.850617
-0.151369 -0.84798
-0.138158 -0.844955
-0.129024 -0.842433
-0.444849 -0.145729
-0.404583 -0.206192
-0.370907 -0.257042
-0.34136 -0.301598
-0.314865 -0.34167
-0.290934 -0.377853
-0.266245 -0.415165
-0.245942 -0.44589
-0.225304 -0.477052
-1.05178 1.70183
-1.1357 1.7389
-1.29847 1.72757
-1.34669 1.64847
-1.37622 1.55831
-1.39155 1.45823
-1.38912 1.35495
0.943162 -2.24524
0.885764 -2.25426
0.828219 -2.24052
0.77365 -2.21315
0.722472 -2.176
0.668189 -2.12497
0.617796 -2.0582
0.566705 -1.98261
0.578669 -1.9747
-0.635228 0.582721
-0.678685 0.616978
-0.711328 0.639707
-1.11911 1.27395
-1.15147 1.24072
-1.16605 1.19517
-1.16531 1.13515
-1.14659 1.06385
-1.12099 0.997822
-1.08531 0.92214
-1.03897 0.841019
-0.988118 0.755292
-0.31791 -0.250658
-0.352309 -0.230824
-0.379753 -0.218549
-0.402771 -0.211994
-0.41965 -0.211532
-0.430539 -0.216557
-0.435615 -0.22672
-0.435398 -0.241142
-0.431181 -0.258829
0.0760168 -1.3503
0.0159463 -1.35981
-0.0842132 -1.28406
-0.182959 -1.20829
-0.273886 -1.13531
-0.340622 -1.08149
-0.395463 -1.03576
-0.450155 -0.988468
-0.492977 -0.948997
0.0461081 0.121598
-0.0103467 0.0790308
-0.0724261 0.0317932
-0.179533 0.113843
-0.293671 0.184305
-0.38095 0.216185
-0.463607 0.236741
-0.558425 0.313892
-0.658287 0.369894
-0.738418 0.40251
-0.799272 0.416113
-1.65571 0.494935
-1.6611 0.46472
-1.65156 0.433458
-1.6326 0.396458
-1.58256 0.366359
-1.53194 0.333161
-1.4721 0.300736
-0.900075 1.24249
-0.941903 1.17651
-0.970621 1.10325
-0.986688 1.02526
-1.30047 0.236836
-1.25744 0.207282
-1.21175 0.173815
-1.16595 0.137991
-1.11845 0.145407
-1.06688 0.148916
-1.02131 0.150877
-0.979547 0.150662
1.65322 -2.85974
1.53538 -2.86035
1.42268 -2.82754
1.31589 -2.77485
1.21933 -2.71111
-0.531057 -0.708658
-0.491392 -0.761039
-0.465257 -0.80473
-0.493017 -0.772827
-0.522198 -0.737893
-0.55159 -0.701287
-0.58785 -0.632621
-0.617396 -0.570564
-0.641185 -0.514296
-0.655124 -0.476562
-0.528552 -0.385835
-0.50059 -0.393316
-0.471025 -0.402044
-0.43751 -0.412831
-0.401529 -0.425572
-0.364314 -0.440156
-0.327192 -0.456093
-0.291189 -0.472992
-0.256972 -0.490485
0.772757 -1.64247
0.668512 -1.65938
0.562872 -1.66642
0.46117 -1.66626
0.362414 -1.65944
0.301371 -1.67469
0.235867 -1.67909
0.175244 -1.67467
0.111672 -1.66133
-0.555522 -0.865087
-0.566473 -0.868116
-0.579646 -0.867721
-0.594772 -0.864121
-0.587117 -0.871551
-0.586471 -0.8693
-0.590316 -0.859819
-0.596608 -0.844097
-1.10786 -0.322158
-1.07781 -0.347557
-1.04478 -0.37543
-1.01057 -0.404232
0.595273 -1.15071
0.560572 -1.11983
0.524987 -1.08926
0.490567 -1.06048
0.454357 -1.03056
0.4242 -1.00547
0.395719 -0.976844
-0.851399 -0.675522
-0.851124 -0.663432
-0.85095 -0.65054
-0.850153 -0.637266
-0.849625 -0.622858
-0.848959 -0.608671
-0.848203 -0.595066
Feature: 4.
4.92589 -1.09327
4.92589 -1.09327
4.92589 -1.09327
4.92589 -1.09327
4.92608 -1.09244
4.92614 -1.09254
4.92618 -1.09262
4.49601 -1.27845
4.51162 -1.26384
4.52564 -1.25071
4.53842 -1.23874
4.55925 -1.2236
4.57685 -1.21074
4.59258 -1.19929
4.60694 -1.18891
4.63075 -1.17939
4.65066 -1.17143
4.66834 -1.16437
5.82769 -0.0384291
5.88547 -0.143605
5.92705 -0.238516
5.96127 -0.320176
5.98296 -0.396723
5.99568 -0.464263
6.00561 -0.472967
6.01153 -0.539658
6.35945 -1.42813
6.28643 -1.37518
6.22205 -1.32895
6.1657 -1.28828
6.10968 -1.24838
6.06566 -1.21684
6.02947 -1.18648
5.9986 -1.15991
5.14885 -0.330512
5.16792 -0.321602
5.18722 -0.313065
5.20557 -0.305395
5.22481 -0.297811
5.24404 -0.290695
5.26258 -0.284286
5.27997 -0.278709
5.29596 -0.273999
3.68877 -0.730182
3.71435 -0.644666
3.74947 -0.573032
3.78906 -0.513305
3.83273 -0.463374
3.88601 -0.419866
3.93866 -0.383025
3.99221 -0.360172
4.03398 -0.326112
4.09047 -0.327274
4.15664 -0.324655
5.41987 -1.20224
4.40629 -1.11083
4.41794 -1.06201
4.43042 -1.02435
4.4449 -0.990377
4.45922 -0.96537
4.47402 -0.945128
4.53433 -0.921941
4.58526 -0.903428
4.68867 -0.923297
4.67713 -0.97566
4.66298 -1.01297
4.6463 -1.04729
4.62769 -1.07312
4.62274 -1.18688
4.61027 -1.28054
4.59133 -1.35519
4.56733 -1.41268
5.10902 -0.902982
5.1271 -0.901536
5.14604 -0.904597
5.16551 -0.907882
5.18146 -0.910702
5.19199 -0.932573
5.16819 -0.937324
5.14912 -0.941539
5.13271 -0.945742
5.11825 -0.949995
5.66307 -1.13208
5.60574 -1.10771
5.54334 -1.08299
5.47945 -1.05831
5.39501 -1.0359
5.3626 -1.11948
5.32676 -1.1928
5.2913 -1.2271
5.2581 -1.25481
5.24343 -1.27893
4.29523 -0.330952
4.33327 -0.408963
4.37178 -0.480329
4.4084 -0.543211
4.44167 -0.596767
4.45632 -0.597599
4.46969 -0.597607
4.47895 -0.597474
4.48799 -0.596763
4.51093 -0.584879
4.21075 -0.109592
4.25107 -0.177724
4.2848 -0.24021
4.31437 -0.290024
4.34087 -0.334725
4.3648 -0.374988
4.38949 -0.416307
4.4098 -0.450163
4.43043 -0.484411
4.45055 -0.51737
4.5138 -0.555577
4.53223 -0.462019
4.44831 -0.42495
4.36917 -0.20667
4.35742 -0.175406
4.35787 -0.169016
4.36999 -0.175212
4.39247 -0.206015
4.42205 -0.247415
4.48105 -0.31722
5.53675 -1.55931
5.49336 -1.66975
5.44616 -1.74434
5.3992 -1.79384
5.3536 -1.82356
5.30387 -1.83855
5.25633 -1.82247
5.20747 -1.79587
5.22229 -1.88325
4.13032 -0.0150921
4.10165 0.152003
4.07889 0.29095
3.73594 0.406296
3.7232 0.491177
3.72334 0.548475
3.73621 0.588006
3.76369 0.601788
3.795 0.60107
3.83536 0.588477
3.88474 0.555741
3.93808 0.51672
4.62658 -1.30263
5.30402 -1.66712
5.27902 -1.62168
5.25218 -1.57142
5.231 -1.49875
5.20439 -1.44842
4.67118 -0.901149
4.64435 -0.82038
4.62287 -0.755136
4.60508 -0.697371
4.59186 -0.657596
4.58389 -0.628472
4.58142 -0.605642
4.58348 -0.594749
4.58936 -0.587983
4.59799 -0.589354
5.48248 -1.85059
5.38445 -1.75047
5.28747 -1.65354
5.19881 -1.55169
5.13317 -1.4833
5.07924 -1.42493
5.02532 -1.36666
4.98314 -1.31766
4.94107 -1.30064
4.91509 -1.26518
5.32022 -1.43379
5.25937 -1.39405
5.19343 -1.35562
5.12694 -1.31812
5.06255 -1.28484
5.01436 -1.25809
4.9739 -1.23659
5.56832 -1.30426
5.50466 -1.29134
5.43994 -1.2798
5.37105 -1.26591
5.40707 -1.41825
5.43262 -1.53951
5.44145 -1.64893
5.44416 -1.70349
5.43904 -1.73382
5.37408 -1.70226
4.82726 -0.861304
4.8896 -1.01954
4.95188 -1.13598
5.00845 -1.22796
5.05714 -1.29551
5.08552 -1.3484
5.11149 -1.37404
5.13303 -1.38311
4.60658 0.104927
4.62779 0.0560838
4.64766 0.00938112
4.66868 -0.0415907
4.67546 -0.0624446
4.6833 -0.0851848
4.69177 -0.110391
5.3433 -1.60461
5.32936 -1.61383
5.31595 -1.61573
5.30125 -1.60993
4.79529 -1.16449
4.77418 -1.30995
4.81274 -0.84991
4.80486 -0.852617
4.79622 -0.855567
4.78757 -0.863125
4.78052 -0.864746
4.78043 -0.999452
4.77425 -1.10426
4.76317 -1.18034
5.25285 -1.59074
5.25696 -1.56835
5.26089 -1.54591
5.26493 -1.52185
5.24901 -1.51644
5.17403 -1.31935
5.08989 -1.13172
5.0239 -1.0095
4.9585 -0.91019
4.86379 -0.832507
4.79259 -0.631437
4.73422 -0.472104
4.68989 -0.347914
4.66661 -0.263803
4.63435 -0.173774
3.79515 -0.842435
3.82331 -0.727609
3.85886 -0.632261
3.9007 -0.5432
3.96079 -0.512132
4.02126 -0.480702
4.08778 -0.466208
4.14671 -0.455955
4.20485 -0.449694
4.25929 -0.446813
3.09468 -1.01265
3.14871 -0.980783
3.20843 -0.945936
3.25842 -0.926568
3.30399 -0.911534
6.05263 -1.42056
5.98468 -1.5837
5.91042 -1.69341
5.83331 -1.76542
5.75972 -1.81058
4.77665 -1.46693
4.74729 -1.44757
4.7167 -1.42348
4.68594 -1.39728
4.65362 -1.29826
4.62848 -1.20056
4.60725 -1.12255
4.59547 -1.06591
3.94018 -0.558698
3.96912 -0.538657
3.9994 -0.523498
4.03343 -0.513553
4.06978 -0.508305
4.10729 -0.505525
4.14458 -0.508152
4.1807 -0.513507
4.215 -0.520987
4.2639 -0.532833
4.36209 -0.54909
6.33113 -0.867754
6.2363 -0.955512
6.13811 -1.02427
6.04234 -1.07783
5.94882 -1.12306
5.89674 -1.24163
5.83747 -1.33591
5.78108 -1.40963
5.72031 -1.46423
5.68051 -1.51177
5.60879 -1.50693
5.52383 -0.733535
5.51401 -0.808161
5.50113 -0.86269
5.48586 -0.90677
5.4912 -1.04462
5.48824 -1.14084
5.4794 -1.22639
5.46827 -1.28349
5.45394 -1.32526
5.44779 -1.3635
4.91393 -0.402148
4.94402 -0.424906
4.97708 -0.450221
5.01132 -0.477056
4.83903 -1.42864
4.80539 -1.38114
4.77066 -1.33615
4.73695 -1.29486
4.70139 -1.25286
4.67176 -1.21749
4.643 -1.19441
4.6169 -1.17242
4.62108 -1.15442
4.62602 -1.13332
4.51913 -1.31133
4.52058 -1.28924
4.52151 -1.26984
4.52348 -1.2463
4.52455 -1.2271
4.52567 -1.20883
4.52678 -1.19209
4.03033 -1.98282
4.09043 -1.91109
4.15172 -1.83809
4.2104 -1.76833
4.26528 -1.70325
4.71618 -0.387707
4.69334 -0.442876
4.66674 -0.499234
4.63843 -0.569327
4.61305 -0.612336
4.58968 -0.647246
Feature: 5.
5.57127 -2.4366
5.57127 -2.4366
5.57127 -2.4366
5.57127 -2.4366
5.57168 -2.43566
5.57171 -2.43577
5.57173 -2.43586
5.00463 -2.64333
5.02024 -2.62872
5.03426 -2.61559
5.04704 -2.60362
5.06868 -2.58818
5.08699 -2.57505
5.10334 -2.56337
5.11824 -2.55279
5.14205 -2.54327
5.16196 -2.53531
5.17964 -2.52825
5.30594 -1.77731
5.31523 -1.83549
5.3217 -1.8886
5.32549 -1.93699
5.32817 -1.98437
5.32795 -2.02525
5.32567 -2.06168
5.32234 -2.0945
3.466 -2.50295
3.54449 -2.42328
3.62561 -2.35544
3.70515 -2.29804
3.78348 -2.24941
3.86969 -2.2065
3.9509 -2.16969
4.02632 -2.14656
4.09637 -2.11173
4.16865 -2.11227
4.24549 -2.10915
5.48257 -2.5653
5.41934 -2.61729
4.6125 -2.36584
4.63169 -2.36477
4.65063 -2.36783
4.67009 -2.37111
4.68605 -2.37393
4.69114 -2.39395
4.66872 -2.39917
4.65085 -2.4038
4.63548 -2.40836
4.62193 -2.41292
5.40327 -2.69332
5.34758 -2.66922
5.28658 -2.64473
5.22401 -2.62027
5.14194 -2.59825
5.09057 -2.67864
5.03565 -2.74851
4.98997 -2.78086
4.94695 -2.80664
4.92153 -2.82856
4.3782 -2.24093
4.39777 -2.31966
4.42019 -2.3915
4.44278 -2.45468
4.46381 -2.50842
4.47703 -2.50927
4.48914 -2.50929
4.49742 -2.50917
4.50556 -2.50847
4.53603 -2.4965
3.96263 -1.74314
4.00025 -1.81086
4.02991 -1.87271
4.05763 -1.92224
4.08251 -1.96668
4.10501 -2.00672
4.1283 -2.04781
4.1475 -2.08149
4.16705 -2.11557
4.18623 -2.14837
4.24948 -2.18658
3.83212 -1.7985
3.7482 -1.76143
3.72417 -1.5706
3.73901 -1.5516
3.76278 -1.55545
3.79762 -1.57118
3.83768 -1.60906
3.88262 -1.65644
3.94528 -1.72764
5.62593 -3.19107
5.54655 -3.30308
5.46807 -3.37838
5.39393 -3.42802
5.32472 -3.4575
5.25171 -3.47191
5.18632 -3.45516
5.12023 -3.42773
5.10157 -3.51298
3.56536 -1.89674
3.60858 -1.81532
3.65733 -1.75993
3.71715 -1.72126
3.78468 -1.70747
3.84668 -1.7077
3.91665 -1.71944
3.98872 -1.75127
4.06392 -1.7892
4.2792 -2.76509
4.84695 -3.10733
4.82195 -3.06189
4.79511 -3.01163
4.7795 -2.94071
4.75289 -2.89039
4.18994 -2.36361
4.18099 -2.2886
4.17509 -2.22818
4.1724 -2.17492
4.17078 -2.1385
4.17291 -2.11221
4.18021 -2.09205
4.18977 -2.08316
4.20291 -2.0783
4.21711 -2.0811
5.54255 -1.84108
5.59756 -3.6311
5.50747 -3.53044
5.41737 -3.43303
5.3381 -3.33047
5.27719 -3.2617
5.22737 -3.20299
5.17701 -3.14442
5.13793 -3.09516
5.08924 -3.0787
5.06326 -3.04324
5.18607 -2.8233
5.12914 -2.78393
5.06658 -2.74582
5.00331 -2.7086
4.94135 -2.67553
4.89548 -2.64898
4.85676 -2.62763
5.72882 -2.84255
5.66588 -2.82955
5.60117 -2.81801
5.53227 -2.80412
5.53785 -2.95935
5.53693 -3.08262
5.51734 -3.1937
5.50077 -3.24909
5.4789 -3.27994
5.41845 -3.24826
5.18345 -2.81501
5.20213 -2.98071
5.23223 -3.10201
5.26081 -3.19777
5.28515 -3.26829
5.28998 -3.32376
5.29787 -3.35118
5.30369 -3.36168
4.77846 -1.86078
4.80185 -1.90943
4.82363 -1.95596
4.84629 -2.00679
4.85983 -2.02702
4.87346 -2.04921
4.88666 -2.07395
6.10555 -3.39963
6.08041 -3.4138
6.05545 -3.41547
6.03094 -3.40811
6.00611 -3.38873
5.28876 -1.8116
5.25798 -1.96432
5.5971 -1.95945
5.57053 -1.89495
5.54438 -1.85039
5.52114 -1.82425
5.49948 -1.92752
5.4764 -2.01797
5.45457 -2.08539
5.43393 -2.13842
6.45481 -2.90917
6.4307 -2.90894
6.40744 -2.8986
5.36208 -3.1355
5.31753 -2.94333
5.28184 -2.81704
5.24271 -2.71379
5.14818 -2.63608
5.12499 -2.42678
5.10818 -2.25926
5.09983 -2.12716
5.10771 -2.03558
5.12544 -1.93235
3.39819 -2.56865
3.47227 -2.46375
3.54789 -2.37602
3.62962 -2.29361
3.70906 -2.26542
3.78997 -2.23681
3.87133 -2.2242
3.94315 -2.21549
4.00921 -2.21013
4.07053 -2.208
5.68566 -1.84713
5.62302 -1.85686
3.58278 -2.17677
3.62169 -2.1589
3.66063 -2.14557
3.70219 -2.13718
3.74507 -2.13325
3.78889 -2.13172
3.83103 -2.13529
3.87135 -2.14145
3.90929 -2.14962
3.95947 -2.1617
4.05766 -2.17796
5.4043 -2.34377
5.37553 -2.41688
5.34812 -2.47009
5.32025 -2.51292
5.29118 -2.64685
5.26228 -2.73962
5.22845 -2.82143
5.1982 -2.87541
5.1673 -2.91427
5.13697 -2.94797
3.85912 -2.07891
3.88995 -2.10213
3.92372 -2.12789
3.95851 -2.15507
5.14735 -2.88023
5.11939 -2.83151
5.08959 -2.78544
5.06015 -2.74321
5.02871 -2.70028
5.00258 -2.66411
4.97193 -2.64146
4.94438 -2.6198
4.94855 -2.6018
4.9542 -2.58055
4.97868 -2.60547
4.98254 -2.58251
4.98503 -2.56256
4.98947 -2.53813
4.99169 -2.51852
4.9938 -2.49989
4.99565 -2.48288
3.86633 -3.41715
3.92643 -3.34542
3.98772 -3.27242
4.0464 -3.20267
4.10128 -3.13759
Feature: 6.
11.9181 -1.63052
11.9213 -1.48848
11.9297 -1.36974
11.943 -1.27057
11.9603 -1.18783
12.0306 -1.37288
12.0894 -1.1628
12.1542 -0.966982
12.2145 -0.79791
12.2726 -0.673757
12.3183 -0.508521
12.376 -0.436398
12.4427 -0.384243
11.8433 -1.19089
11.8554 -1.07318
11.8677 -0.98264
11.8818 -0.897554
11.8955 -0.833317
11.9096 -0.778998
11.9699 -0.755812
12.0209 -0.737299
13.6478 1.14837
13.6809 0.873837
13.6991 0.64056
13.7049 0.444793
13.701 0.282332
13.7958 -0.311946
13.7714 -0.308599
13.7518 -0.305759
13.735 -0.303818
13.7201 -0.302721
14.8926 -0.768338
14.0041 0.384563
13.9884 0.19621
13.968 0.0171553
13.9403 -0.0739731
13.9142 -0.156428
13.907 -0.240554
12.7548 -0.563942
12.7695 -0.571033
12.7829 -0.576513
12.7921 -0.580688
12.8012 -0.583825
12.824 -0.539233
12.8472 -0.484764
12.8875 -0.475308
12.9238 -0.466787
12.9484 -0.46106
13.0118 -0.328956
13.0008 -0.12992
12.9992 0.0223632
13.0071 0.157287
13.0247 0.234904
13.0489 0.287795
13.1065 0.240392
13.8297 -0.632196
13.7961 -0.768069
13.7597 -0.844877
14.1779 -0.732419
14.1151 -0.667613
14.0473 -0.607683
13.9791 -0.549681
13.9133 -0.500909
13.8638 -0.459434
13.8224 -0.42684
12.734 0.225802
12.798 -0.0723896
12.8456 -0.320713
12.8756 -0.566779
12.8912 -0.71419
12.8964 -0.825258
12.8287 -0.77196
12.121 0.322733
12.2079 0.00153336
12.2859 -0.234954
12.3546 -0.431353
12.4125 -0.589701
12.4488 -0.730381
12.4801 -0.823423
12.5058 -0.891054
12.5286 0.208091
12.5497 0.16806
12.5695 0.128998
12.5904 0.0846501
12.5967 0.0910521
12.604 0.0916758
12.612 0.085565
12.6217 0.0708482
12.6337 0.0681549
12.6478 0.0561127
12.8655 -0.383816
12.8611 -0.444931
12.8541 -0.487933
12.8452 -0.516972
12.8339 -0.529656
12.8235 -0.5051
12.812 -0.409425
13.3088 -0.569739
13.2994 -0.614327
13.2895 -0.644902
13.2778 -0.663799
13.252 -0.358307
13.2441 -0.361014
13.2355 -0.363964
13.2273 -0.380211
13.2203 -0.381832
13.2265 -0.642119
13.2242 -0.855549
13.2153 -1.02552
13.6459 -0.644125
13.6323 -0.833384
13.5502 -0.903247
13.4808 -0.954851
12.4758 -0.348582
12.4798 -0.325678
12.4837 -0.303233
12.4878 -0.279175
12.4911 -0.258326
12.5123 -0.284114
12.8982 -0.378489
12.8556 -0.241679
12.815 -0.134752
12.7789 -0.0548266
12.7695 -0.209385
12.757 -0.345295
12.7444 -0.453081
12.7317 -0.542027
13.0765 -0.697686
13.061 -0.723406
13.0444 -0.733299
13.0256 -0.733036
13.097 -0.781454
11.3664 -1.67671
11.3715 -1.39642
12.0448 -0.707895
12.1062 -0.586872
12.167 -0.460558
12.2331 -0.377287
12.2911 -0.307315
12.3485 -0.264406
12.4022 -0.229723
12.4596 -0.204232
12.5201 -0.206735
12.5786 -0.210978
12.5976 -1.31549
12.606 -1.1006
12.6162 -0.929072
12.6303 -0.793859
13.6606 0.786882
13.6686 0.342872
13.6519 -0.0128399
13.6183 -0.299842
13.5777 -0.532594
13.5312 -0.751057
13.4537 -0.659044
11.8807 -1.73771
11.8503 -1.59698
11.827 -1.45036
11.8068 -1.34253
11.7957 -1.25996
13.4413 0.941161
13.4261 0.683788
13.3968 0.468404
13.3648 0.289089
13.324 0.142485
13.3109 -0.0368532
13.2392 -0.0320112
13.3102 1.20655
13.359 0.900377
13.3866 0.676409
13.4052 0.467045
13.4138 0.314694
13.4157 0.190062
13.4317 0.0303744
Feature: 7.
12.2711 -2.61949
12.3541 -2.40451
12.4417 -2.2036
12.5218 -2.02978
12.5948 -1.90177
12.6599 -1.73128
12.7285 -1.65608
12.8025 -1.6018
14.48 -1.56203
14.4568 -1.55804
14.4382 -1.55463
14.4222 -1.5522
14.4081 -1.55068
14.8077 -0.731607
14.7783 -0.929647
14.744 -1.11829
14.7089 -1.2145
14.6756 -1.30179
14.6603 -1.39117
13.1791 -1.87617
13.1927 -1.88358
13.2053 -1.88934
13.2139 -1.89373
13.2223 -1.89707
13.2503 -1.85081
13.2797 -1.79431
13.3199 -1.78485
13.3563 -1.77633
13.3809 -1.77061
13.7207 -0.908122
13.752 -1.17043
14.5529 -2.47597
14.4949 -2.4101
14.4314 -2.34924
14.3672 -2.29035
14.3045 -2.24089
14.2579 -2.19876
14.2186 -2.16568
13.2657 -1.33439
13.6135 -0.97777
13.5372 -1.03854
13.4733 -1.08011
13.078 -2.01076
13.0516 -1.87209
13.025 -1.76343
13.0818 -2.30402
13.06 -2.32975
13.0385 -2.33963
13.0153 -2.33935
13.0782 -2.38769
12.4253 -2.1019
12.5021 -1.97659
12.579 -1.84557
12.6568 -1.75877
12.7249 -1.68566
12.7885 -1.64078
12.8476 -1.60437
12.9097 -1.57736
12.9702 -1.57986
13.0286 -1.58411
13.0955 -2.36327
13.1255 -2.13782
13.1543 -1.95675
13.1845 -1.81298
14.3215 -0.230826
14.2916 -0.698417
14.2414 -1.07347
14.1782 -1.37638
14.1116 -1.62229
14.0397 -1.85286
13.9764 -1.75415
Feature: 8.
22.0956 -0.00228378
22.0288 0.0606934
21.9784 0.115671
21.9362 0.15844
20.6338 0.776867
20.6656 0.532543
20.6838 0.337175
20.6127 0.413172
20.5043 0.0193644
20.5421 -0.147421
20.5729 -0.279122
20.7216 0.364332
20.7269 0.39871
20.7333 0.423313
20.7405 0.4368
20.7494 0.438981
20.7602 0.460298
20.7733 0.469185
20.7879 0.468504
20.8021 0.433301
20.815 0.400231
20.9285 -0.0333722
20.9264 -0.150409
20.921 -0.242512
20.9132 -0.314693
20.9028 -0.36531
20.8927 -0.353948
20.88 -0.201498
20.8695 -0.0876893
20.8702 -0.0700617
20.8709 -0.0530842
21.9444 3.31822
22.0486 2.70395
22.083 2.30177
21.9934 2.22691
22.0374 1.83585
22.0663 1.50893
22.0831 1.24059
21.76 1.21363
21.7729 0.904161
21.7759 0.654941
21.6956 0.812273
21.7033 0.57505
21.6296 0.743813
21.6428 0.5162
20.8863 0.779867
20.9075 0.754079
22.3097 1.10482
22.3083 0.882936
22.3024 0.687402
22.2953 0.526713
22.2873 0.390732
19.785 -0.967683
19.9058 -0.826082
Feature: 9.
21.1998 -0.566319
21.2148 -0.817601
21.2183 -1.01884
21.1512 -0.941279
20.8418 -1.2264
20.8698 -1.46759
20.8941 -1.63766
20.913 -1.77211
20.6825 -1.195
20.6931 -1.16075
20.7041 -1.13624
20.7151 -1.12282
20.7272 -1.12068
20.7427 -1.09943
20.7598 -1.09058
20.7779 -1.09129
20.7921 -1.12649
20.8049 -1.15956
20.7969 -1.57203
20.7841 -1.68812
20.7694 -1.77932
20.7534 -1.85067
20.7357 -1.90052
20.7231 -1.88888
20.7212 -1.73759
20.7193 -1.62464
20.7199 -1.60701
20.7207 -1.59003
22.23 0.953211
22.2756 0.332607
22.2748 -0.0726843
21.5421 -1.01219
21.5222 -1.31819
21.4966 -1.564
21.4388 -1.40939
21.4188 -1.64323
21.3683 -1.47731
21.3536 -1.70147
19.6447 -0.844137
19.7155 -0.927773
19.6295 -2.44162
19.7543 -2.30045
