-0.598 5.717
-0.576624277457 5.63199421965
-0.593521645949 5.57513330476
-0.639562174613 5.63394232165
-0.622604095287 5.64489631073
-0.670478680903 5.59178856766
-0.675733799399 5.68714191137
-0.734318749567 5.76907601309
-0.721548161669 5.57986659969
-0.705469482348 5.56397194983
-0.7507159634 5.65229537104
-0.764568556137 5.70975010342
-0.78656598326 5.5790726017
-0.786565948879 5.5790725819
-0.699906174187 5.44085797929
-0.699906210143 5.44085796131
-0.699906210143 5.44085794055
-0.779102562554 5.58284403881
-0.779102582189 5.58284400936
-0.850836006026 5.5382109616
-0.850836103626 5.53821094585
-0.968049549185 5.63052817927
-0.96804964667 5.63052816281
-1.00803118832 5.49635871816
-1.00803115029 5.49635871816
-1.0079470558 5.4963741907
-1.02575103904 5.36477149934
-1.02569233952 5.36478277366
-1.05544173207 5.37373978947
-1.0553979633 5.37374851467
-1.05923103078 5.32851547539
-1.02723567958 5.23124621415
-1.04235189716 5.48619912021
-1.0332646097 5.32500889108
-1.06558870405 5.34508999847
-1.05610488352 5.24553273211
-1.10272701249 5.28096663171
-1.10464664031 5.21272317379
-1.08799206693 5.22831119092
-1.11546333701 5.29341392543
-1.09852069508 5.30927132722
-1.08043139892 5.32620162872
-1.09218554576 5.31580972345
-1.07657598995 5.33041882635
-1.08637454499 5.47011057998
-1.07235194568 5.48323420155
-1.08512037724 5.59835849062
-1.07233150911 5.61032722404
-1.05223432577 5.62275219981
-1.03167840357 5.45323543339
-1.01469597718 5.46371094403
-1.0430126792 5.41259643346
-1.02782137115 5.42194703949
-1.07269280911 5.3324204937
-1.05878865689 5.34094723431
-1.03495677411 5.35042135489
-1.0327226199 5.19116660971
-1.01279699683 5.19908303818
-1.04489603621 5.31767350783
-1.02720546173 5.32469807183
-1.02179036054 5.47772368275
-1.00572690116 5.48409874369
-1.03052150203 5.49497267854
-1.05124383439 5.51787618109
-1.06811244888 5.40502898605
-1.06250611573 5.17167143804
-1.08051227186 5.26704588479
-1.09496619376 5.29192823794
-1.09976921215 5.28314268714
-1.11049774843 5.30939566055
-1.15216294581 5.44711625848
-1.15954614448 5.47294070079
-1.14902648591 5.53603676631
-1.15211331844 5.56129679044
-1.15216708111 5.5886642016
-1.24930355578 5.6364598524
-1.24687435455 5.65985036308
-1.31996148556 5.75795147429
-1.31440155534 5.77951690039
-1.3554581425 5.7247144283
-1.34844516702 5.7446760747
-1.33929277357 5.76596871609
-1.32837317067 5.78760766126
-1.28761749113 5.67608940577
-1.27539358569 5.8039207057
-1.34253582115 5.8473045355
-1.32808202967 5.89497208302
-1.34710900244 5.87919567535
-1.30998842103 5.81039034682
-1.33210630675 5.78694002225
-1.34718303382 5.76288095678
-1.30465039108 5.77617120475
-1.28732421146 5.74602414238
-1.28144647252 5.88878560915
-1.26774778394 5.86021012757
-1.24157751017 5.89989168913
-1.23131381978 5.87296766136
-1.22302032571 5.84430966114
-1.18788335933 5.79734230161
-1.18299302859 5.77284877969
-1.15924485028 5.52040991644
-1.15696179923 5.49831062508
-1.1452554516 5.49206635945
-1.14454131296 5.47173900009
-1.14512367182 5.45027878942
-1.09829897082 5.57724068849
-1.12736219522 5.58059110547
-1.12109933699 5.60029319892
-1.08948410275 5.49249310271
-1.05976717178 5.39311784634
-1.05216296894 5.32360756824
-1.10703287255 5.48520640389
-1.10755502757 5.53256985874
-1.13472958976 5.54700988691
-1.15967030151 5.77657312648
-1.26408293204 5.99695952671
-1.36565635087 6.19016479527
-1.36222558095 6.30466249875
-1.36134302936 6.44036185132
-1.34340822484 6.36837860669
-1.3457183264 6.41985638999
-1.31255374243 6.39366880385
-1.42639971653 6.54043311184
-1.49976339634 6.71319574312
-1.57735121709 6.86467984967
-1.54482648562 6.82881461042
-1.54810416638 6.96932507705
-1.51132369895 6.83413819348
-1.52041049075 6.81949150275
-1.53460680301 6.85607904853
-1.58873320078 6.99759863457
-1.61364857884 6.95392083932
-1.67262650089 7.08413660137
-1.70648585925 7.1354084589
-1.74389524349 7.0261340819
-1.77633121816 6.98582366386
-1.76515426138 7.00854350465
-1.72890058287 6.97082404069
-1.69190496855 6.89628754335
-1.66625473032 6.89267691164
-1.67057333795 6.9128996167
-1.64370485678 6.85911250909
-1.6480450504 6.87972484207
-1.70087395214 7.09935421017
-1.6416698128 7.09364130104
-1.59324469147 6.91619516902
-1.54889167502 6.90934120549
-1.51122686096 6.9010133048
-1.49282686576 7.020594797
-1.46694297635 7.01253429948
-1.49985612263 7.05045725267
-1.48269411184 7.04268836607
-1.36008599858 7.01226491932
-1.34991964132 7.0038360761
-1.33886384624 6.99508217965
-1.38857557517 6.89219493031
-1.38510770099 6.8844354996
-1.45941048093 6.87919483389
-1.46561283279 6.88437017048
-1.51560836372 6.90913610081
-1.54978431743 6.86348152322
-1.53405403889 7.01482692643
-1.5230295834 7.08913394228
-1.53297936049 7.10297531301
-1.51907494178 7.04692243284
-1.45646034311 6.95334994468
-1.42704310051 7.0814391898
-1.39180387251 7.00674943814
-1.35960889777 6.9019967856
-1.35070642331 6.90148193648
-1.33745533102 7.09563154206
-1.27429182607 7.03631928778
-1.2676372397 7.13864881183
-1.29925196028 7.20954998187
-1.23938717646 7.07731896857
-1.2545896516 7.11480927569
-1.25109659985 7.19458166273
-1.26769418814 7.1950326562
-1.26940650739 7.29768262027
-1.28631500282 7.29809133503
-1.31856376884 7.33228070639
-1.40217339943 7.33515825872
-1.38888861023 7.25678361714
-1.46215513595 7.26035644812
-1.4084809042 7.24547220182
-1.47232188355 7.24973305886
-1.53536167811 7.25498875134
-1.47545582972 7.16818407502
-1.52473229775 7.1735067415
-1.49897076105 7.1290776684
-1.54010164293 7.13443731191
-1.5442066169 7.18283065893
-1.57919561676 7.18825023393
-1.61330889585 7.19447641178
-1.59478976187 7.15583964099
-1.56644907359 7.21618821661
-1.55971416317 7.27033837156
-1.57175754852 7.22238507538
-1.53601578016 7.12036546728
-1.50276859619 7.03911752263
-1.4708640354 6.96628120885
-1.43333693252 6.93862068809
-1.48641064393 7.09712145221
-1.53725558973 7.12960556381
-1.51819406538 7.13853528774
-1.51547748608 7.07530576396
-1.49618679423 7.08386404282
-1.49389132896 7.11676923317
-1.47555388362 7.12445870546
-1.45631853208 7.13206329247
-1.43709702797 7.13920049082
-1.41856620276 7.14562881627
-1.40117699701 7.15122459847
-1.38519012663 7.15595230143
-1.44489524114 7.35226565849
-1.43383052589 7.35523551101
-1.43256949736 7.39814785352
-1.3765203815 7.22324155057
-1.39198916898 7.35586775906
-1.45104530701 7.38408577874
-1.42181314548 7.4163786104
-1.36013751336 7.50321957009
-1.30117527474 7.43704839184
-1.2377747569 7.50938927467
-1.19542712503 7.4221006172
-1.1567259122 7.53345781678
-1.08444479731 7.43923937026
-1.05225191507 7.46238410709
-1.05118801985 7.51439774335
-1.00961478902 7.33324058482
-0.960903452153 7.3623231456
-0.931026463346 7.36976983501
-0.92218899807 7.42059144401
-0.894936931966 7.37690567655
-0.893688130638 7.54304724509
-0.834422854975 7.46087628924
-0.864651089022 7.59379614234
-0.832141376793 7.67973038194
-0.94592392539 7.71138095272
-0.947650360738 7.67720779451
-0.897850860652 7.81976359483
-0.806663293949 7.65148958039
-0.773609988179 7.57217099162
-0.677624685527 7.47807988058
-0.668355557383 7.41643212991
-0.65456648029 7.32227047154
-0.631264953652 7.28974810275
-0.595347544358 7.3230148147
-0.592637036765 7.40024493531
-0.579042072523 7.41419633379
-0.525624722206 7.54973115763
-0.452868874416 7.50492730215
-0.418949561904 7.3984748407
-0.404459698422 7.34023242024
-0.399017329595 7.47467687024
-0.402609624446 7.48121736109
-0.369840974772 7.36928341419
-0.435076529281 7.33837848619
-0.478365794114 7.33581427614
-0.474299575178 7.29639108992
-0.47187218297 7.36973737043
-0.519268996407 7.39301120192
-0.563046577474 7.34867200316
-0.619581588356 7.33306099951
-0.642742848664 7.23251585556
-0.710976630881 7.08024799295
-0.827505217304 7.04719138452
-0.816377270819 6.83935900013
-0.789884985794 6.54692243903
-0.73218757405 6.26486975367
0.011248049521 5.76076289543
0.849660973257 5.2542534997
1.5563962679 4.86215779801
2.07922669405 4.75807447258
2.50376607052 4.72209302343
2.84711286751 4.75364561562
3.08365427146 4.81962891671
3.16903208933 4.99394937008
3.21783674875 5.08686623121
3.27966167881 5.05175150839
3.4368990479 5.05962261635
3.51653745744 4.96054668538
3.51846856388 4.83015314707
3.50069687887 4.7049988936
3.40721977382 4.63607880473
3.34304843255 4.58307634387
3.31377353152 4.51305470648
3.32698742197 4.55137155553
3.28665259864 4.50666484879
3.36500680693 4.59587638815
3.43975329289 4.74284420817
3.39651000265 4.72043277697
3.44950805021 4.72325702417
3.47116850466 4.77151499568
3.36972945683 4.56170409224
3.28515870564 4.46692864945
3.31555853647 4.58632641715
3.26453333075 4.56648627632
3.3202266382 4.65088324632
3.25173094308 4.60792939662
3.30737086433 4.64060681846
3.27179526348 4.61528780123
3.23772594583 4.58492200047
3.18341363889 4.51899440309
3.17295100993 4.56273066771
3.11236430765 4.43579945618
3.17728858894 4.4995799466
3.17828848758 4.4450638769
3.13058369902 4.4422033765
3.09124213311 4.43467208578
3.06176284014 4.42285020288
3.04316158373 4.40693225557
3.03358816227 4.38828858131
3.03181937464 4.36769012922
3.03646261934 4.34582152248
3.04614222431 4.32325882689
3.08768281736 4.55450025267
3.14188563379 4.62412871903
3.07136810051 4.53242146223
3.02058314604 4.44870196183
3.03456936025 4.46630196728
3.09403595307 4.515937022
3.09853986543 4.44324148016
3.08523028262 4.32082873642
3.16578177836 4.37331895067
3.20657236553 4.37473859154
3.15438062067 4.36901394935
3.21307290661 4.46754277677
3.23724838805 4.38729398975
3.28082748659 4.39925576742
3.15700991307 4.36043447138
3.18687113402 4.41045059845
3.25162016057 4.52043734815
3.21876868929 4.49275136702
3.18427139814 4.40691775371
3.16555984845 4.37299848149
3.16601296191 4.34769971877
3.09919971006 4.2573623314
3.11291859992 4.22904896444
3.13229254447 4.29854902893
3.15316036559 4.26811241712
3.2163777445 4.2774179555
3.24330688747 4.24544634199
3.27917852345 4.20653298418
3.26656454709 4.17103788378
3.30336607663 4.1330531281
3.19555409444 3.99476221621
3.23447588619 3.95544286039
3.31543221818 4.07475610001
3.34055941773 4.03527623472
3.37902303078 3.98264490633
3.48188554279 3.96228240187
3.53500615292 3.92000169008
3.55934104104 3.93138572947
3.60839709783 3.89071690754
3.59090170866 3.93301828404
3.55004446325 3.99544326041
3.51445739767 3.99726552328
3.54474476944 3.98480483814
3.50102473624 4.00250691791
3.59193159935 4.0138891265
3.68219928035 4.11082138745
3.67524910225 4.12657212083
3.65891134734 4.15869502573
3.62628846368 4.0808995103
3.60233586889 4.12338378699
3.57479289465 4.16226611543
3.51937957589 4.0771149439
3.53014359744 4.11294549033
3.49369906659 4.0991369668
3.51599964464 4.11438000307
3.46028614267 4.07050643452
3.48322532527 4.08463749519
3.54215543331 4.05643864306
3.6007582498 4.17659235819
3.62307292024 4.11247703123
3.67850469148 4.16419804033
3.69289837918 4.10955815828
3.6629558006 4.12732809579
3.75942088955 4.21739668333
3.73047598574 4.23635946489
3.66788004823 4.12604766139
3.68912866497 4.16551845235
3.67167983141 4.06984276378
3.86487903308 4.13462801405
3.7412456832 4.12084027628
3.94376743465 4.26943871586
4.02084288546 4.21759122929
4.11721549095 4.27256692882
4.11893767932 4.29203480626
4.19703072549 4.20379213294
4.27575689636 4.34652449694
4.20909052603 4.25952862435
4.20027986289 4.27067646719
4.25633449913 4.36399408784
4.15813185529 4.23328453046
4.23706934604 4.33000484403
4.25511734611 4.31463371791
4.32183327308 4.44306837798
4.39425405897 4.52802706135
4.30571586623 4.54350110403
4.20950554048 4.42913726142
4.22279039248 4.40566894528
4.32650605134 4.47959151673
4.3411403646 4.48734192286
4.2767159028 4.53946611202
4.30209949895 4.50672633951
4.30480328618 4.51437438543
4.31074447477 4.51973536702
4.25196026177 4.3888224471
4.25997795605 4.39106136605
4.34831921276 4.40391551271
4.35760483297 4.40391328631
4.31996990713 4.31051488278
4.33020537399 4.30852986239
4.39358856081 4.32104797434
4.63820052608 4.64024119082
4.69155253117 4.64975900524
4.74685316257 4.6176164067
4.79441765396 4.62526962664
4.4934851858 4.42446874341
4.56228176201 4.38918914503
4.69794555697 4.48551277572
4.77396853416 4.44019033374
4.85734042487 4.49299776122
4.83274582399 4.419426806
4.91784285193 4.49241155942
4.85697977559 4.42410003389
4.80427208712 4.31077773526
4.79883382427 4.29170403448
4.86405528234 4.40914119568
4.96163029497 4.39403288694
4.97501186712 4.34923476597
4.97180909209 4.28439172538
4.94704798957 4.24517381243
4.9981379381 4.33326115521
4.97572000181 4.30515594027
4.98502350371 4.3756867749
5.03044601848 4.54089911775
5.06251665948 4.48317470553
4.99542079176 4.45266167695
4.9867046116 4.51360009277
5.01978597904 4.53754372578
4.97152833236 4.51962836677
4.96986134934 4.51780944154
4.96437477238 4.52045654596
5.10916620504 4.57525537811
5.10168087824 4.58049993851
4.98667152102 4.51961442498
4.97682254877 4.52852431018
4.98780601733 4.49534970151
4.99174119126 4.47213333316
4.98903305614 4.45890739675
4.98058041804 4.4548200379
4.97312238158 4.45947742072
4.93645380907 4.30112961352
5.02305988674 4.39093725094
5.15973041371 4.44204026722
5.4457076513 4.59768621927
5.47036345793 4.45954208982
5.81953089216 4.19074341137
6.13684479394 3.98494108544
6.32531964882 3.74442719519
7.21237857631 3.196081463
7.79366926173 2.84655970423
8.31906627477 2.70370107405
8.66795412396 2.63869213631
8.82441268422 2.58450661124
8.96181832521 2.57252596862
9.15368185774 2.65942401843
9.12944465543 2.71014498422
9.05664293877 2.80092437448
8.97379237664 2.95362897115
9.0173355389 3.07993726758
8.94780626572 3.23101641966
8.80493747195 3.29724483142
8.82212380086 3.29360977634
8.84080293588 3.28922703933
8.8599910043 3.28458563274
8.73703392157 3.52474094166
8.75274930423 3.52080846354
8.69897562353 3.70738122372
8.71272237394 3.70383480417
8.68745399481 3.69587942492
8.59978724066 3.67728333541
8.57941498973 3.67020347114
8.44402708678 3.78204978705
8.42644827305 3.77536378731
8.36521110928 3.88693942813
8.34967620708 3.88055807261
8.33391496862 3.87361570904
8.34893322285 4.01444962803
8.47693918522 4.0996325474
8.35052646012 4.12431666384
8.24830688848 4.1667952293
8.1912532558 4.18934506109
8.12944359831 4.21355402278
8.06625949053 4.23819429546
7.91826193438 4.38686194924
7.83349876951 4.4072844213
7.64272493201 4.33051273863
7.62222989813 4.31369172032
7.48941850599 4.352498595
7.46732422261 4.34586386643
7.4398793026 4.34775951095
7.25205302229 4.34221623672
7.22695692617 4.34888492615
7.12687920915 4.41824813903
7.12140445969 4.43071145728
8.18861478151 5.07687361548
8.18386891629 5.08836568145
7.79469135888 5.01644216634
7.67462208151 4.88164221473
7.44593407501 4.73533526974
7.3337324244 4.70925569045
7.38130184142 4.74323002485
7.29446547826 4.72350050635
7.22614535116 4.63618331906
7.16375592655 4.63203475516
7.21165403576 4.59817297549
7.42041046421 4.72326511409
7.39349160479 4.71937387042
7.31251319577 4.65654754549
7.21748719843 4.59908418268
7.25839247609 4.56198295843
7.30028676988 4.5268406749
7.34059419971 4.49608119154
7.37761430234 4.47100218901
7.39269637429 4.47364105686
7.40643795964 4.47669062356
7.48058758711 4.64505229274
7.49013589133 4.64759440569
7.49941543914 4.65047173506
7.52008282878 4.64481921019
7.54088791435 4.63878157654
7.58111471025 4.64829293756
7.61749273001 4.65686407682
7.70425740701 4.61245246235
7.72880055693 4.61821368315
7.75297103051 4.62386458355
7.81133779481 4.66765027702
7.85202847725 4.60657716713
7.91383019323 4.60065920456
7.94830678586 4.548987377
7.87625355699 4.62822114186
7.90638964528 4.58344612
8.01596223023 4.58469533227
8.0430652744 4.54448984096
8.02497137437 4.55531727281
8.04951140393 4.51906590135
8.07487730915 4.48173978934
7.99179127831 4.26712081458
8.01268348598 4.23642579219
8.03395205692 4.20532711003
8.05469870801 4.17516463154
8.11837028765 4.13767466538
8.17788056751 4.10272982808
8.41597212911 4.2630670631
8.34008250427 4.32851599076
8.35693990224 4.42037110393
8.46971281521 4.4788281684
8.38538425028 4.51494576284
8.29372210909 4.55411743264
8.27618622272 4.50133350925
8.26988162874 4.43441476989
8.27343677687 4.35646208567
8.28587325285 4.26920841363
8.30388076374 4.17739409826
8.35313145944 4.09027510647
8.39766631712 4.00888691258
8.54340851011 3.9687632452
8.78704480384 4.03034449903
8.78038929458 4.04220436522
8.76829750598 4.07339950578
8.69071195663 4.00694362373
8.67569108944 4.04862737118
8.72779334322 4.03157864901
8.71051997653 4.08036527565
8.68878215394 4.14200304287
8.66262087506 4.21629892798
8.6334989848 4.2983677593
8.68592169439 4.31844308365
8.72634099081 4.35942289364
8.60945471277 4.41534267278
8.6380897114 4.44911008539
8.67833799361 4.47814694149
8.78225435645 4.43283083423
8.87704044746 4.45233647471
8.90137395377 4.35258070687
8.8734449565 4.40450481779
8.85620916312 4.44417399719
8.85131006071 4.4680527736
8.85929657219 4.43272164686
8.787742998 4.59245128552
8.77503602828 4.58472232006
8.87398594145 4.57325622246
8.75572439484 4.42578429112
8.75357866082 4.42022706657
8.76299501479 4.39828995504
8.78374003146 4.35975399449
8.81528373842 4.30444029891
8.81291092086 4.26297947465
8.84514081279 4.20728062983
8.88370594281 4.13944226774
8.92699596355 4.06103906963
8.97199424265 3.97629687988
9.01731197575 3.88692912654
9.11840616062 3.92645942936
9.08689778205 3.90945237976
8.95605517798 3.80764751539
9.10472231891 3.9358321857
9.12473760947 3.8727009096
9.12674123793 3.86992554599
9.10483232406 3.8755397862
9.10208592859 3.91006086412
9.13200332852 3.93000653715
9.1439877613 4.02358238833
9.12713063817 4.07262472017
9.10928969747 4.12674410567
9.09166407174 4.18306258853
9.07426966852 4.23726946345
9.05856784313 4.28968338704
9.22095943837 4.47159713173
9.14688525133 4.53924544767
9.10186631048 4.6395000517
9.12477334399 4.68311185341
9.09238276769 4.71339715285
8.94884306503 4.63701653936
8.92267899663 4.65859868515
8.90011658109 4.67404233623
8.88277407893 4.68156362979
8.87025975929 4.68218208125
8.86224855187 4.67652410698
8.8584928646 4.66485137702
8.8577415407 4.64900681443
8.85954946918 4.62947367945
8.91054210704 4.58639359791
8.92849828315 4.64993830724
8.84735757138 4.60504797942
8.83017291328 4.59360204558
8.76958309824 4.59887256164
8.68521095159 4.69831949726
8.60375375058 4.79786612727
8.52847114995 4.89412908381
8.41960208264 5.28343791973
8.36621400612 5.35408795663
8.24405787341 5.47687485749
8.20074175302 5.53666382005
8.15850933169 5.5979138645
8.55064656184 5.45662459042
8.51825698242 5.50717295915
8.24443800345 5.33261934637
8.21780254834 5.37660625775
8.37150780709 5.25644267846
8.35561469149 5.297423454
8.33994906071 5.34071119076
10.4089508904 4.18478930638
11.739319456 3.73578509597
12.6219257612 3.57568161972
13.0680170366 3.37353585862
13.5141208934 3.34429284978
13.8403465858 3.37558702198
13.8859548452 3.43408712731
13.9111997498 3.60640382484
13.7336183722 3.7759213096
13.6774599981 3.81674332047
13.6174078309 3.85981118766
13.5571072679 3.90293597976
13.4993818987 3.94424469662
13.3770492652 4.30942951752
13.3335495942 4.34065613236
13.2393262646 4.52568905397
13.2029921352 4.55172670248
13.1666834328 4.57804769505
13.1446858087 4.75645295189
13.15604463 4.8722644748
13.1107463346 4.9128757683
13.1333231938 4.93568150011
13.0504449749 4.99845984297
12.9914604961 5.02599026287
12.7049911672 4.93415187495
12.6459173751 4.96298809288
12.5834691582 4.99523221478
12.4977340694 4.98090717157
12.5459443863 4.9202033039
12.5883417118 4.88028851208
12.6233566132 4.86243509758
12.6492906352 4.87041676223
12.6683232844 4.89570730088
12.6028995492 4.92511849553
12.6353362121 4.9640393497
12.6529114147 4.98952478499
12.5612419703 5.02778565752
12.5857026825 5.04893094561
12.4948760147 5.06300963595
12.439857072 4.99779637852
12.5659770677 5.09434785993
12.3329117645 4.99330309568
12.3505946608 4.96927443502
12.3460776898 5.00117686836
12.2827031448 4.8833754311
12.1786510836 4.88298915269
12.1625094599 4.93865966208
12.2409916984 5.06466591586
12.1985550899 5.04880024106
12.1735308398 5.10044389998
12.2911626953 5.17460581288
12.3641315487 5.11055282595
12.4372584462 5.06234772643
12.5067843317 5.0307464843
12.5697717936 5.01687278301
12.5907891174 5.07428257865
12.6355298644 5.07651052507
12.6760445025 5.09316836334
12.7115747043 5.12132255827
12.7415988329 5.15900044567
12.7249000924 5.17755109136
12.8555526349 5.22901709806
12.8718223836 5.17331704774
12.6294021725 5.07900316835
12.644497939 5.02620574744
12.6602906399 4.969617801
12.7920577095 4.98607129149
12.7950984326 4.94868081346
12.7174686826 4.96190931872
12.7214455828 4.92479340966
12.828568292 4.95720612014
12.8330602541 4.92005201226
12.8386154654 4.8783063566
12.7529220678 4.7716122245
12.7607776184 4.73054762517
12.7701287831 4.68465792863
12.7804289882 4.63587820659
12.7905791313 4.59930322864
12.7995974178 4.56500345967
12.8074235376 4.53340075964
12.8686203318 4.55336769316
12.9065492544 4.62448604425
12.9340913648 4.6237993121
12.8649982836 4.52144100384
12.9536128435 4.54038578814
12.9551545244 4.56847092431
12.7898245491 4.57216155258
12.7892876082 4.60767155858
12.6973959183 4.60674760446
12.6949935225 4.64684353329
12.690558934 4.69513461747
12.552852477 4.62760196433
12.5474065795 4.6737953058
12.5839581995 4.51335456377
12.5698313253 4.5201548592
12.5584897013 4.51937063151
12.5608648889 4.53684818952
12.5633316498 4.55366309752
12.5658304203 4.56943659302
12.7351836158 4.80040680123
12.6420664623 4.8417428257
12.636720585 4.85679898387
12.8661625011 5.06599148149
12.8602165216 5.08388833273
12.8525729938 5.10691829625
12.8900241526 5.11459317476
12.9142604849 5.04165869694
12.9072796204 4.96755881899
12.9095122117 4.88958672711
13.0421680822 5.05189271479
12.9715502081 5.11850115255
13.0021224695 5.11134347731
12.9588965938 5.10027920912
12.9142690262 5.10810734753
13.1856960172 5.12575242625
13.1294748843 5.15263068521
13.1215051989 5.15022020418
13.1127585874 5.14759527572
13.0235207922 5.17455467083
13.0156625337 5.1722192507
13.1521049931 5.10763197607
13.1450057456 5.10626849033
13.1569319489 5.04229735809
13.1636144094 4.99881144124
13.1651554619 4.97570408639
13.1620537659 4.97109307497
13.1387410737 5.10049074306
13.2778053983 5.27423503111
13.3028143712 5.53833827307
13.3219657606 5.5191864604
13.316285223 5.414980626
13.3133204124 5.42739218279
13.3052248322 5.45795254519
13.263195404 5.51081673751
13.1925830199 5.44492042231
13.3881282326 5.38280782924
13.3860040424 5.41674169666
13.2852205427 5.4526995488
13.220540318 5.39307215725
13.224171096 5.4370565286
13.1483121132 5.3666496001
13.1496897101 5.37104234328
13.1495508759 5.37883509225
13.1480991682 5.38932179688
13.1824955809 5.5072006138
13.1230350513 5.42816835561
13.1338624382 5.45976434351
13.1346727519 5.44349055042
13.0860685978 5.50933065957
13.1621417308 5.55659372885
13.1961078359 5.61675709581
13.1202351709 5.54084531423
13.0331301681 5.49407395334
13.0051421602 5.46055638942
13.0082251302 5.48272015871
12.9578871235 5.3905291871
12.9608822894 5.41311746526
12.9639213611 5.43732248565
12.9973617878 5.39993897952
12.9998302832 5.42090881916
13.0375564072 5.4880100278
13.1911144031 5.53346438293
13.2629153694 5.61837662524
13.2851241278 5.59348789582
13.309404605 5.56664316965
13.2245294178 5.52336938551
13.1785459189 5.53083900208
13.1364523836 5.52661996104
13.0999051278 5.51108809989
13.2550784559 5.54835789052
13.2478942627 5.48385017062
13.2385936706 5.42743324776
13.0499935809 5.31939686827
13.0407134853 5.28194443927
12.9472628115 5.26769445778
12.9379903424 5.24110393284
13.1327019427 5.44287481017
13.123952457 5.42338848297
12.9194829075 5.39171376353
13.1147484196 5.46466781723
13.1462176973 5.45231364565
13.0089390762 5.38653966376
13.056605471 5.34863387323
13.2678508201 5.39689842004
13.2539776431 5.42175163085
13.1410988346 5.43896714007
13.1252422496 5.46813249012
13.1065686837 5.50254599327
13.0710946877 5.46258932552
13.1847783793 5.46583884264
13.2293067177 5.62260966416
13.2803369721 5.6904498513
13.3036757596 5.75793263448
13.4422516762 5.75278110198
13.5164062645 5.77805706825
13.3577718786 5.72437478883
13.4287856503 5.75636396682
13.5415395487 5.84994955016
13.6548292819 5.94017052391
13.4889648722 5.91913722652
13.4641273381 5.8687072898
13.3436213204 5.77490761413
13.58320012 5.84779564209
13.4462916793 5.77501155115
13.4046290922 5.7126120434
13.0110201018 5.28580815086
12.5934102992 4.90242540461
11.2500726256 3.99086619848
10.1777535721 3.33509699959
9.59290285932 2.95586061678
9.05167951778 2.67137526206
8.56166290339 2.56053120976
8.08411687976 2.46451347821
7.93337217763 2.50602044166
7.6599078229 2.57008322161
7.52003105192 2.69086185248
7.4662023082 2.64501940374
7.40703598215 2.59418049918
7.29751084466 2.67371272242
7.18463729058 2.74632143679
6.64315157895 3.10028962578
6.55894524834 3.13717560684
6.47980055328 3.16450916731
6.38620449762 3.24315418416
6.29758538111 3.31795919211
6.22914081612 3.37052082065
6.17888887285 3.40351128596
5.56505697174 3.61600260459
5.53672389602 3.62069256167
5.2139853337 3.65991063947
5.17092691217 3.62302488019
5.13847630146 3.57385621812
4.97911459857 3.64942259186
4.92699135113 3.81012101573
4.88569686282 3.79344954972
4.86278034394 3.80023999305
4.81153478461 3.84625292221
4.82108237374 3.8585987609
4.70839404395 3.74624952226
4.72923465792 3.74917171725
4.65950259818 3.76652753126
4.68736695894 3.7608881422
4.51797499304 3.66678667382
4.56789935813 3.64220735592
4.49301457723 3.6469460633
4.54241092666 3.61906567911
4.59792532828 3.58418099289
4.5946585622 3.67046182426
4.64310923942 3.63676842568
4.74000427651 3.75215117976
4.79076332989 3.72516106137
4.79653307682 3.75332668319
4.84358787286 3.72597029814
4.89363557271 3.69445361037
4.95108473531 3.67542156899
5.00610687447 3.65527306777
5.05738603548 3.6345144183
4.99132350041 3.48080574737
5.44719054815 3.90936563412
5.20811039269 3.72353808763
5.17874867327 3.68338997287
5.15398662947 3.63249957366
5.13455459884 3.57294332945
5.1201727137 3.50707966443
4.92946033696 3.38449948234
4.8504803644 3.36473585004
4.6983486279 3.26086697804
4.7286883685 3.21828656864
4.76029534279 3.1712927042
4.7912058192 3.1220447225
4.70089513582 3.11322432245
4.751071554 3.1098076274
4.80443566083 3.10226776948
4.80985769694 3.09925007576
4.85524665092 3.08872168259
4.90088501638 3.178258536
4.94159169532 3.1662694648
5.00689743857 3.23510056803
5.04445036487 3.22185437371
5.03925797232 3.20861989518
4.9510571379 3.15189660558
4.89904914253 3.16865066787
4.86831272565 3.1607250875
4.88112191954 3.24305778669
4.94568570985 3.33745156667
5.19823160292 3.64988045251
5.08167314505 3.54840643808
5.06712909152 3.5729830176
5.08004769226 3.58603268154
5.06379536998 3.56230858384
5.17137189803 3.63849322198
5.11504897661 3.51819481327
5.15553797416 3.52604505904
5.12700169721 3.4572087319
5.36039654394 3.58122402563
5.3682029003 3.64004482697
5.37202908464 3.72289914524
5.09012016667 3.57933928614
5.08753394546 3.67449345902
5.12643992436 3.71378780069
5.12098213492 3.81269881238
5.17145364344 3.83677978594
5.16319957468 3.93784939936
5.05984534365 3.87668106684
5.22978800979 4.0370638358
5.14504063556 3.98349511293
5.11845677988 3.93804690736
5.15724514336 3.99844743812
5.08124907945 4.01660929303
5.12397750878 3.93819604465
5.01543377305 3.86681686259
5.04917113338 3.80248600441
5.02584618017 3.67832975221
5.00637510649 3.71348762236
4.98570483448 3.75200589809
4.96493144589 3.79217255884
4.93921651425 3.87045420649
4.91921870806 3.94192151677
4.90558560272 4.00483671599
4.9493303969 4.16649749646
4.94217258938 4.20894015839
4.93751443569 4.24964048686
4.95181860919 4.36235368322
5.02237568511 4.34069978913
4.95825792637 4.19945667522
4.98230982241 4.18978458297
5.02000825475 4.19385582058
5.04543642213 4.1818578922
5.07431321443 4.16631293092
5.10517939819 4.14772278623
5.13670284024 4.1267355909
5.16797474006 4.10382001798
5.19794191589 4.07989391774
5.22604847888 4.05553989091
5.26942328623 4.02908938081
5.36074944631 3.98952068352
5.44085054968 3.95148438147
5.45124507395 3.97334994396
5.56461845008 3.94273435857
5.46411420957 3.9760480462
5.46680945353 3.85195437018
5.38412288191 3.86410114677
5.34738809199 3.77895063499
5.26234262905 3.79831514272
5.48937431155 3.86005935852
5.40681078527 3.88340858387
5.39932678355 3.81827554392
5.3200306092 3.845792711
5.16315046932 3.7485772063
5.13172936934 3.74541876868
5.09372253471 3.7520656367
5.13986278956 3.79938006656
5.10426917376 3.81252570026
5.06359322953 3.83380891327
5.05642651743 3.88631034639
4.98586008169 3.8999938656
4.92002853545 3.91386312965
4.95999714241 3.95508688254
5.09011713554 4.05109550253
5.14019313121 4.10389000556
5.16211962099 4.10637184615
5.16024177307 4.09689217424
5.11380678042 3.99654862757
5.10799014164 3.9923687982
5.1235865942 3.93879838117
5.11519208779 3.93862657276
5.13966691552 3.91636826374
5.07072759453 3.85868261258
5.08496813828 3.85046923009
5.09465446581 3.85025790882
5.09889697136 3.85870905116
5.09853456655 3.87385366267
5.1133974847 3.91845278868
5.12112442328 3.96927780751
5.1849687167 3.94302766442
5.25253075359 3.95719271339
5.28228778199 3.95684243632
5.41500253895 4.08326180628
5.30303977073 4.07313972052
5.33315693292 4.04847510253
5.36625305379 4.02131893258
5.40055773782 3.9931151462
5.43460822746 3.96507749721
5.25868335765 3.8234468518
3.79669565213 2.72795951127
2.94772462598 2.19467439436
2.31451759689 1.78936945102
2.04830720138 1.80731214971
1.7386785402 1.73868134843
1.53616846211 1.84930868479
1.31012098915 1.76593425695
1.16927413698 1.80141563178
1.008516924 1.68580403983
0.934287648636 1.77992504748
0.857169509859 1.78912801399
0.801711778165 1.83637354125
0.706125242879 1.81032945818
0.672840520279 2.07824334313
0.609375195003 1.98064288032
0.556842789264 1.83106497258
0.517545073542 1.85947196591
0.456936347429 1.80896816265
0.417552166696 1.83763386308
0.434570063561 2.04834486655
0.397026181334 2.0756819972
0.357971177393 2.10443887979
0.295679879466 1.98740172192
0.263227455241 2.01165038366
0.217969832141 2.00101724722
0.191007517825 2.03039045575
0.137089199719 1.97115803314
0.112350045553 1.99795711574
0.0740388422711 2.13191427247
0.0783224600949 2.14988549428
0.0828211071972 2.16869237027
0.124321085866 2.42444086767
0.128030791833 2.4400086829
0.0365396804476 2.18364131199
0.043717976727 2.21832423278
0.00970910289811 2.42849565864
-0.0322118999011 2.35749612824
-0.0762148711546 2.22186098709
-0.114095930177 2.21314177894
-0.141779912228 2.26305807648
-0.1862776462 2.2250875282
-0.19540646811 2.15793841433
-0.196277828006 2.17162123265
-0.247894972893 2.08692440994
-0.248392070746 2.10085100951
-0.248669277481 2.11575453645
-0.248521554853 2.13091831252
-0.248135438025 2.14574749128
-0.247541735955 2.15984129085
-0.234304101291 2.17551793399
-0.232684831972 2.24327639474
-0.19937430284 2.42121571363
-0.180854955622 2.3014386793
-0.223797098366 2.25855181812
-0.2102558614 2.37878615403
-0.208342617256 2.40611619045
-0.161426354082 2.5337581556
-0.172523065514 2.39377745332
-0.173274497664 2.49980104279
-0.168410927248 2.44796249009
-0.195686529676 2.38286692878
-0.217472741098 2.28106412335
0.392447759483 1.12593287119
0.162587537512 1.35133799989
0.0561706797262 1.87624309756
-0.0703929095029 1.83975617702
-0.138447579089 1.92443342274
-0.164072016843 2.10402288215
-0.180612449578 2.13675678441
-0.216187983874 2.02637933495
-0.233507499202 1.96365154948
-0.246418181606 1.8473592947
-0.276102680993 2.09315550091
-0.215042405969 2.16406861908
-0.236339565885 2.15330634245
-0.174074851818 2.22547890098
-0.136577304724 2.38431355883
-0.0769584634618 2.4532723717
-0.117207966886 2.26614410987
-0.0614645220257 2.33047853272
0.00773685002201 2.41016729789
-0.025156010361 2.36725799483
-0.00989674034202 2.53817012557
0.0375984551982 2.71269806445
0.0426682380304 2.55563131998
0.0606057026796 2.73207530396
0.0789201179319 2.63670564568
0.0771994655678 2.54414299127
0.104684347353 2.64853779328
0.102223406557 2.598933547
0.106108777086 2.56305546219
0.0856091506516 2.53763045892
0.0617459490159 2.50973464788
0.0521328076725 2.40058243979
0.0290942444457 2.3755196407
0.0408233879715 2.52569490297
0.0182979618476 2.5028581754
0.038740148656 2.71877615423
0.0176257711458 2.69780305198
0.0395592113394 2.64898188778
0.0194946435526 2.62967884423
0.0869994682963 2.64400552996
0.128814621728 2.56904919323
0.177173464658 2.50245074435
0.195944570853 2.40437614386
0.167315971128 2.36367778975
0.122334341036 2.17105295937
0.109661876164 2.02765043821
