PILLAR: 1.
-3.30093,-1.13384
-3.30093,-1.13384
-3.30093,-1.13384
-3.30093,-1.13384
-3.30093,-1.13384
-3.30093,-1.13384
-3.30093,-1.13384
-3.30093,-1.13384
-3.30093,-1.13384
-3.23626,-1.13
-3.23626,-1.13
-3.23626,-1.13
-3.23626,-1.13
-3.23626,-1.13
-3.09844,-1.14668
-3.10056,-1.14651
-3.10223,-1.14638
-3.10357,-1.14627
-2.869,-1.19596
-3.1743,-1.1478
-3.1743,-1.1478
-3.1743,-1.1478
-3.1743,-1.1478
-3.1743,-1.1478
-3.1743,-1.1478
-3.1743,-1.1478
-3.1743,-1.1478
-3.17429,-1.1478
-3.17429,-1.1478
-3.25507,-1.1642
-3.25507,-1.1642
-3.25507,-1.1642
-2.9831,-1.15666
-2.98657,-1.15672
-2.98962,-1.15677
-2.99232,-1.15681
-2.99472,-1.15685
-2.99687,-1.15688
-2.9988,-1.15691
-2.96641,-1.19926
-2.96641,-1.19926
-3.4822,-1.13972
-3.4822,-1.13972
-3.69066,-1.1277
-3.68844,-1.12751
-3.68641,-1.12734
-3.68455,-1.12719
-3.68284,-1.12705
-3.68127,-1.12692
-3.67981,-1.1268
-3.67846,-1.12669
-3.41444,-1.10727
-3.41444,-1.10727
-3.41444,-1.10727
-3.68753,-1.11013
-3.68551,-1.11007
-3.68364,-1.11
-3.6819,-1.10994
-3.68028,-1.10988
-3.67876,-1.10983
-3.67735,-1.10978
-2.90217,-1.24095
-2.90212,-1.24096
-3.25086,-1.32811
-3.24914,-1.32827
-3.24752,-1.32841
-3.24599,-1.32854
-3.24456,-1.32866
-3.24321,-1.32877
-3.24193,-1.32888
-3.24073,-1.32898
-3.56313,-1.87358
-3.56286,-1.87288
-3.56261,-1.8722
-3.56236,-1.87156
-3.56213,-1.87094
-3.5619,-1.87035
-3.56168,-1.86978
-3.21316,-0.718033
-3.21126,-0.724115
-3.20953,-0.730097
-3.2134,-0.734805
-3.2119,-0.740578
-3.21053,-0.74626
-3.21402,-0.750805
-3.21284,-0.7563
-3.21177,-0.761711
-3.21493,-0.766103
-3.72643,-1.18489
-3.72626,-1.18489
-3.7261,-1.18488
-3.72594,-1.18488
-3.72578,-1.18487
-3.72563,-1.18487
-3.72549,-1.18486
-3.72535,-1.18486
-3.72521,-1.18485
-3.3278,-1.23355
-4.2604,-0.885152
-4.05537,-1.81336
-4.05113,-1.81931
-3.23158,-1.09994
-3.57964,-0.392381
-3.79292,-1.17019
-3.46937,-1.42085
-2.99645,-1.6462
-2.99567,-1.64108
-2.99497,-1.63624
-2.99434,-1.63165
-2.99377,-1.62729
-2.99326,-1.62314
-2.9928,-1.6192
-3.63313,-0.936741
-3.63217,-0.936839
-3.45583,-0.963788
-3.45599,-0.963899
-3.45614,-0.964008
-3.45629,-0.964113
-3.45644,-0.964215
-3.45658,-0.964314
-3.45673,-0.964411
-3.45687,-0.964505
-3.5133,-1.35446
-3.51311,-1.35337
-3.51292,-1.35231
-3.51274,-1.3513
-3.51257,-1.35033
-3.5124,-1.3494
-3.51223,-1.3485
-3.51207,-1.34763
-3.84232,-1.97651
-4.14429,-0.717833
-3.80293,-0.681555
-3.80447,-0.677573
-3.80603,-0.67362
-3.80759,-0.669697
-3.80916,-0.665802
-3.81074,-0.661936
-3.62799,-0.735945
PILLAR: 2.
-3.60047,-2.78626
-3.60047,-2.78626
-3.60047,-2.78626
-3.60047,-2.78626
-3.60047,-2.78626
-3.60047,-2.78626
-3.60047,-2.78626
-3.60047,-2.78626
-3.60047,-2.78626
-3.60748,-2.77803
-3.60748,-2.77803
-3.60748,-2.77803
-3.60748,-2.77803
-3.60748,-2.77803
-3.42638,-2.80387
-3.42855,-2.80369
-3.43026,-2.80355
-3.43164,-2.80343
-3.49287,-2.78537
-3.60543,-2.77866
-3.60543,-2.77866
-3.60543,-2.77866
-3.60543,-2.77866
-3.60543,-2.77866
-3.60543,-2.77866
-3.60543,-2.77866
-3.60543,-2.77866
-3.60543,-2.77866
-3.60543,-2.77866
-3.52465,-2.76225
-3.52465,-2.76225
-3.52465,-2.76225
-3.24658,-2.75573
-3.25005,-2.75579
-3.25312,-2.75583
-3.25583,-2.75588
-3.25824,-2.75591
-3.26039,-2.75595
-3.26233,-2.75598
-3.71768,-2.72472
-3.71768,-2.72472
-3.20189,-2.78426
-3.20189,-2.78426
-3.49457,-2.78438
-3.49248,-2.78421
-3.49057,-2.78406
-3.48882,-2.78392
-3.48722,-2.78379
-3.48573,-2.78367
-3.48437,-2.78356
-3.4831,-2.78346
-3.34625,-2.81467
-3.34625,-2.81467
-3.34625,-2.81467
-3.71755,-2.81863
-3.71566,-2.81856
-3.71391,-2.81849
-3.71227,-2.81843
-3.71075,-2.81837
-3.70933,-2.81832
-3.70799,-2.81827
-3.51877,-2.63526
-3.93122,-2.67935
-3.93117,-2.67936
-4.39939,-2.67304
-4.39748,-2.67335
-4.3957,-2.67363
-4.39402,-2.67389
-4.39245,-2.67414
-4.39096,-2.67436
-4.38956,-2.67458
-4.38823,-2.67478
-4.48672,-3.45743
-4.50137,-3.45576
-3.14424,-3.75036
-4.50389,-3.46626
-4.51773,-3.46474
-3.16143,-3.76683
-4.52018,-3.4748
-4.5333,-3.47339
-3.17786,-3.78248
-4.53569,-3.48305
-3.26686,-2.84991
-3.26669,-2.8499
-3.26652,-2.8499
-3.26636,-2.84989
-3.26621,-2.84989
-3.26606,-2.84989
-3.26592,-2.84988
-3.26578,-2.84988
-3.26564,-2.84987
-3.6628,-2.80116
-3.79809,-2.11677
-3.60371,-2.89803
-3.77682,-2.77227
-2.7557,-3.05319
-3.48713,-3.02096
-3.48716,-3.02112
-3.30034,-3.04732
-3.30062,-3.04744
-3.30088,-3.04755
-3.30114,-3.04767
-3.30139,-3.04778
-3.30164,-3.04788
-3.30188,-3.04799
-3.30211,-3.04809
PILLAR: 3.
-1.37355,-0.486639
-1.37355,-0.486639
-1.37355,-0.486639
-1.37355,-0.486639
-1.37355,-0.486639
-1.37355,-0.486639
-1.37355,-0.486639
-1.37355,-0.486639
-1.37355,-0.486639
-1.43121,-0.498708
-1.43121,-0.498708
-1.43121,-0.498708
-1.43121,-0.498708
-1.43121,-0.498708
-1.31055,-0.468332
-1.31265,-0.468219
-1.3143,-0.46813
-1.31563,-0.46806
-1.37407,-0.452533
-1.97265,-0.588984
-1.48518,-1.30705
-1.48616,-1.31722
-1.48705,-1.32639
-1.48786,-1.33467
-1.48859,-1.34219
-1.48925,-1.34903
-1.48985,-1.35528
-1.49041,-1.36101
-1.49092,-1.36627
-0.754558,-0.604504
-0.752172,-0.605652
-0.750804,-0.603772
-0.306171,-0.503466
-0.689072,-0.588724
-0.936123,-0.68785
-1.0793,-0.562233
-0.332142,-0.363031
-0.330356,-0.360008
-0.328703,-0.357147
-0.327171,-0.354434
-0.325748,-0.351861
-0.324425,-0.349416
-0.323193,-0.347091
-0.497529,-0.402846
-0.995401,-0.75934
-0.994355,-0.760691
-0.818937,-0.774372
-0.819081,-0.774635
-0.819224,-0.774887
-0.819366,-0.775129
-0.819505,-0.775362
-0.819643,-0.775587
-0.819778,-0.775803
-0.819912,-0.776011
-1.052,-0.460758
-1.05168,-0.460012
-1.05138,-0.459296
-1.05108,-0.458608
-1.05079,-0.457947
-1.05051,-0.457311
-1.05024,-0.456699
-1.04998,-0.45611
-0.710838,-0.56354
-0.712272,-0.563095
-0.36808,-0.614547
-0.369583,-0.612652
-0.371099,-0.610769
-0.372626,-0.608897
-0.374163,-0.607038
-0.375709,-0.60519
-0.195688,-0.58768
PILLAR: 4.
4.94159,-1.18508
4.94159,-1.18508
4.94159,-1.18508
4.94159,-1.18508
4.94159,-1.18508
4.94159,-1.18508
4.94159,-1.18508
4.45955,-1.4421
4.45955,-1.4421
4.45955,-1.4421
4.6029,-1.25712
4.60078,-1.25719
4.59911,-1.25726
4.59776,-1.25731
4.53837,-1.24886
4.74518,-1.26032
4.74518,-1.26032
4.45295,-1.3153
4.44948,-1.31542
4.44643,-1.31552
4.44373,-1.31562
4.44133,-1.3157
4.43918,-1.31578
4.43726,-1.31585
4.64526,-1.31039
4.64526,-1.31039
4.64526,-1.31039
5.14725,-1.29192
5.14946,-1.29243
5.15147,-1.2929
5.15332,-1.29333
5.15502,-1.29374
5.15659,-1.29411
5.15803,-1.29446
5.15937,-1.29478
5.20072,-1.13546
5.20274,-1.13605
5.20461,-1.13658
5.20635,-1.13707
5.20797,-1.13752
5.20948,-1.13794
5.2109,-1.13832
5.29605,-1.15676
4.92613,-0.438703
4.92515,-0.44888
4.92426,-0.458044
4.92345,-0.466329
4.92272,-0.473846
4.92206,-0.48069
4.92146,-0.48694
4.9209,-0.492665
4.92039,-0.497923
5.18794,-1.1837
5.18965,-1.18275
5.19125,-1.18187
5.19276,-1.18103
5.19417,-1.18025
5.19551,-1.17951
5.19677,-1.17882
5.19796,-1.17816
4.84717,-1.21465
4.84735,-1.21438
5.17321,-0.421162
5.17347,-0.420458
5.17373,-0.419784
5.17398,-0.419139
5.17421,-0.418521
5.17444,-0.417929
5.17465,-0.417362
4.46943,-0.921373
4.47078,-0.922116
4.47201,-0.922823
4.47314,-0.923497
4.47418,-0.924139
4.47514,-0.924751
4.47602,-0.925335
4.2992,-1.00138
5.0551,-0.972592
5.03408,-0.976562
5.03433,-0.976683
5.03456,-0.976798
5.03479,-0.97691
5.03501,-0.977018
5.03523,-0.977121
5.03544,-0.977221
5.03564,-0.977317
4.97644,-0.955885
4.97633,-0.955992
3.89284,-1.01933
3.89109,-1.02003
3.88932,-1.02071
3.88755,-1.02138
3.88577,-1.02205
3.88398,-1.0227
4.07361,-0.89153
PILLAR: 5.
5.57295,-2.5343
5.57295,-2.5343
5.57295,-2.5343
5.57295,-2.5343
5.57295,-2.5343
5.57295,-2.5343
5.57295,-2.5343
4.96662,-2.8081
4.96662,-2.8081
4.96662,-2.8081
5.14557,-2.60937
5.14341,-2.60946
5.1417,-2.60953
5.14033,-2.6096
5.07931,-2.6018
5.28612,-2.61326
5.28612,-2.61326
5.02831,-2.57235
5.02484,-2.57248
5.02178,-2.57259
5.01907,-2.57269
5.01666,-2.57278
5.01451,-2.57286
5.01257,-2.57293
5.22058,-2.56747
5.22058,-2.56747
5.22058,-2.56747
5.42555,-2.73867
5.42745,-2.73927
5.42921,-2.73982
5.43085,-2.74033
5.43238,-2.74079
5.43381,-2.74122
5.43515,-2.74161
5.39666,-2.77253
5.75611,-2.48734
5.75799,-2.48631
5.75975,-2.48535
5.7614,-2.48446
5.76296,-2.48361
5.76443,-2.48282
5.76581,-2.48207
5.76712,-2.48136
5.41633,-2.51785
5.41651,-2.51758
4.47875,-2.62833
4.47875,-2.62908
4.47872,-2.6298
4.47865,-2.63047
4.47854,-2.63112
4.47841,-2.63173
4.47826,-2.63232
4.29422,-2.70836
5.05012,-2.67957
4.68492,-2.54225
4.68467,-2.54282
4.68443,-2.54338
4.6842,-2.5439
4.68397,-2.54441
4.68375,-2.5449
4.68353,-2.54536
4.68332,-2.54581
5.12914,-2.71618
5.12914,-2.71631
5.12914,-2.71644
5.12914,-2.71656
5.12914,-2.71668
5.12915,-2.7168
5.12915,-2.71691
5.12916,-2.71701
5.06995,-2.69558
5.06985,-2.69569
PILLAR: 6.
1.42511e-27,4.59163e-41
14.2882,0.866288
10.1791,-3.60389
10.9748,-2.03073
