PILLARS.
Pillar: 1.
-3.49471,-1.07019
-3.49471,-1.07019
-3.49471,-1.07019
-3.49471,-1.07019
-3.49471,-1.07019
-3.49471,-1.07019
-3.49471,-1.07019
-3.49471,-1.07019
-3.49471,-1.07019
-3.34253,-1.11753
-3.31652,-1.12656
-3.31689,-1.12658
-3.31716,-1.12659
-3.31738,-1.12661
-3.31755,-1.12661
-3.25172,-1.12816
-3.25276,-1.12805
-3.25359,-1.12797
-3.25425,-1.1279
-3.27241,-1.13086
-3.2598,-1.06176
-3.25999,-1.06189
-3.26016,-1.062
-3.2603,-1.0621
-3.26043,-1.06219
-3.26054,-1.06226
-3.26064,-1.06233
-3.26072,-1.06239
-3.2608,-1.06245
-3.3876,-1.12244
-3.38763,-1.12246
-3.38765,-1.12248
-3.194,-1.12052
-3.19604,-1.12065
-3.19785,-1.12076
-3.19944,-1.12086
-3.20087,-1.12095
-3.20214,-1.12102
-3.20328,-1.12109
-2.95199,-1.11667
-3.16343,-1.05244
-3.16564,-1.05265
-3.16765,-1.05284
-3.1695,-1.05301
-3.17119,-1.05317
-3.17274,-1.05331
-3.17418,-1.05345
-3.17551,-1.05357
-3.3421,-1.07291
-3.34211,-1.0729
-3.91816,-1.10238
-3.91511,-1.10221
-3.91229,-1.10205
-3.90967,-1.10189
-3.90722,-1.10175
-3.90495,-1.10162
-3.90282,-1.10149
-3.90083,-1.10137
-4.35736,-1.07939
-2.92484,-1.23098
-2.92484,-1.23098
-3.29054,-1.30154
-3.28918,-1.30154
-3.28789,-1.30155
-3.28668,-1.30155
-3.28554,-1.30155
-3.28446,-1.30155
-3.28344,-1.30155
-3.28247,-1.30155
-3.65353,-1.57704
-3.65306,-1.57629
-3.65261,-1.57558
-3.65219,-1.57491
-3.65178,-1.57426
-3.6514,-1.57364
-3.65103,-1.57305
-3.65067,-1.57248
-3.32247,-1.18187
-3.32253,-1.18186
-3.32258,-1.18185
-3.32263,-1.18184
-3.32268,-1.18183
-3.32272,-1.18182
-3.32277,-1.18181
-3.32281,-1.18181
-3.32285,-1.1818
-3.32289,-1.18179
-3.56448,-1.37227
-3.5623,-1.37071
-3.13241,-1.46897
-3.12552,-1.46684
-3.1189,-1.46488
-3.1125,-1.46306
-3.10632,-1.46138
-3.10034,-1.45983
-3.09455,-1.45839
-3.86293,-1.11401
-3.86083,-1.11314
-3.67064,-1.10224
-3.66995,-1.10197
-3.6693,-1.10171
-3.66869,-1.10146
-3.66811,-1.10123
-3.66757,-1.101
-3.66706,-1.10079
-2.89618,-1.39109
-2.89689,-1.39007
-2.89758,-1.3891
-2.89825,-1.38818
-2.89891,-1.38729
-2.89956,-1.38644
-2.90018,-1.38563
-2.92815,-1.42522
-3.61561,-0.921813
-3.61515,-0.921852
-3.45258,-1.01336
-3.45313,-1.01297
-3.64688,-0.709569
-3.6318,-0.706707
-3.61885,-0.703775
-3.60758,-0.70079
-3.59766,-0.697765
-3.70205,-1.43008
-3.48924,-1.18618
-3.48902,-1.1861
-3.34435,-1.17503
-3.34427,-1.17495
-2.98259,-1.15526
-2.97952,-1.15498
-2.9765,-1.15471
-2.97352,-1.15445
-2.97058,-1.15419
-4.07844,-1.17825
-4.078,-1.17802
-4.07757,-1.1778
-4.07716,-1.17758
-3.77486,-0.950018
-3.70983,-0.909082
-3.71615,-0.912807
-3.72166,-0.916267
-3.72648,-0.919496
-3.40632,-1.36642
-3.40631,-1.36596
-3.10825,-1.26536
-3.10847,-1.26504
-3.10868,-1.26472
-2.94668,-1.36796
-2.9517,-1.36759
-2.95625,-1.36721
-2.96039,-1.36682
-3.15199,-1.28333
-3.37633,-1.33166
-3.37634,-1.33163
-3.37634,-1.33161
-3.37573,-0.921627
-3.37574,-0.921745
-3.55072,-0.913057
-3.29561,-1.31842
-3.0832,-1.3471
-3.1902,-1.36577
-3.18996,-1.36576
-2.91633,-1.46991
-2.91648,-1.47003
-2.91662,-1.47014
-2.91676,-1.47026
-2.9169,-1.47037
-2.99317,-1.16572
-2.99288,-1.16571
-2.99261,-1.16571
-2.86675,-1.19851
-2.86675,-1.1986
-2.86674,-1.1987
-2.86673,-1.1988
-2.86673,-1.19889
-3.61423,-0.985068
-3.61443,-0.985015
-3.61463,-0.984963
-4.02289,-0.876595
-4.02164,-0.878423
-4.02045,-0.880222
-4.01933,-0.881993
-3.12338,-1.24212
-3.12346,-1.2421
-3.55337,-1.37764
-3.55354,-1.3777
-3.31496,-1.25022
-3.34526,-1.2486
-3.34524,-1.24854
-3.34522,-1.24848
-3.3452,-1.24842
-3.34518,-1.24836
-3.32897,-1.21701
-3.1437,-1.19674
-3.14366,-1.19671
-3.14362,-1.19668
-2.99663,-1.20006
-2.99646,-1.20003
-2.99629,-1.20001
-2.99613,-1.19998
-2.99596,-1.19996
-2.9958,-1.19993
-2.95671,-1.44091
-3.08622,-1.49673
-3.08626,-1.49672
-3.08631,-1.49671
-3.08636,-1.49671
-3.0864,-1.4967
-3.4657,-1.08013
-3.3237,-1.07901
-3.32396,-1.07899
-3.32423,-1.07897
-3.32449,-1.07895
-3.32475,-1.07893
-3.15967,-1.24254
-3.26719,-1.2934
-3.26689,-1.29334
-3.26659,-1.29327
-3.26629,-1.29321
-3.266,-1.29315
-3.26571,-1.2931
Pillar: 2.
-3.57905,-2.80823
-3.57905,-2.80823
-3.57905,-2.80823
-3.57905,-2.80823
-3.57905,-2.80823
-3.57905,-2.80823
-3.57905,-2.80823
-3.57905,-2.80823
-3.57905,-2.80823
-3.73123,-2.76089
-3.65939,-2.78009
-3.6594,-2.78018
-3.65941,-2.78025
-3.65941,-2.78031
-3.65942,-2.78035
-3.61624,-2.77705
-3.61726,-2.77695
-3.61808,-2.77687
-3.61874,-2.7768
-3.18299,-2.77556
-3.71133,-2.75981
-3.54056,-2.72529
-3.54074,-2.72542
-3.54089,-2.72553
-3.54103,-2.72563
-3.54115,-2.72572
-3.54126,-2.7258
-3.54135,-2.72587
-3.54143,-2.72593
-3.54151,-2.72598
-3.53999,-2.73702
-3.54002,-2.73704
-3.54004,-2.73706
-3.41632,-2.72696
-3.41835,-2.72709
-3.42014,-2.72721
-3.42172,-2.72731
-3.42313,-2.7274
-3.42439,-2.72748
-3.42553,-2.72755
-3.35715,-2.7442
-3.12593,-2.72236
-3.12821,-2.72257
-3.13029,-2.72276
-3.1322,-2.72294
-3.13395,-2.7231
-3.13556,-2.72325
-3.13705,-2.72338
-3.13842,-2.7235
-3.42583,-2.77137
-3.42584,-2.77137
-3.98975,-2.80141
-3.98681,-2.80123
-3.98409,-2.80106
-3.98155,-2.8009
-3.97919,-2.80076
-3.97699,-2.80062
-3.97494,-2.80049
-3.97301,-2.80037
-4.0133,-2.62104
-4.0133,-2.62104
-4.42092,-2.65772
-4.41948,-2.6578
-4.41813,-2.65786
-4.41685,-2.65792
-4.41564,-2.65798
-4.4145,-2.65803
-4.41342,-2.65807
-4.4124,-2.65812
-3.73392,-2.72988
-3.73397,-2.72987
-3.73402,-2.72986
-3.73407,-2.72985
-3.73412,-2.72984
-3.73417,-2.72983
-3.73421,-2.72982
-3.73425,-2.72981
-3.7343,-2.7298
-3.73434,-2.72979
-3.78046,-2.73417
-3.77839,-2.73259
-3.20649,-2.8459
-3.2,-2.84374
-3.19373,-2.84176
-3.18766,-2.83992
-3.18179,-2.83823
-3.17609,-2.83666
-3.17056,-2.83521
-2.88925,-3.00089
-3.48841,-2.85099
-3.48761,-2.85041
-3.3703,-2.85358
-3.36986,-2.85335
-3.36945,-2.85313
-3.36907,-2.85292
-3.36871,-2.85272
-3.36837,-2.85253
-3.36805,-2.85235
-3.49714,-3.38164
-3.06719,-2.75365
-3.06823,-2.75259
-3.06923,-2.75159
-3.0702,-2.75062
-3.07115,-2.7497
-3.07207,-2.74881
-3.07296,-2.74797
-3.078,-2.79027
-3.40884,-2.95393
-3.40896,-2.95403
-3.04887,-3.01567
-3.04963,-3.01532
-3.53109,-2.77937
-3.53097,-2.77928
-3.39328,-2.76801
-3.39325,-2.76793
-3.0287,-2.74833
-3.02566,-2.74805
-3.02265,-2.74778
-3.01969,-2.74751
-3.01677,-2.74725
-2.91469,-2.7366
-2.87699,-2.36736
-2.8773,-2.36789
-2.8776,-2.3684
-2.87789,-2.3689
-2.75817,-2.30051
-2.72875,-2.28566
-2.73254,-2.28758
-2.73569,-2.28935
-2.73831,-2.29099
-2.84498,-2.14411
-3.45397,-2.97611
-3.45392,-2.97623
-3.43884,-2.96598
-3.49695,-2.60826
-3.15288,-2.65069
-3.22882,-2.67066
-3.22854,-2.67065
-2.85623,-2.77398
-2.85641,-2.7741
-2.85658,-2.77422
-2.85675,-2.77433
-2.85692,-2.77445
-2.72156,-2.92585
-3.1943,-2.33638
-3.1942,-2.33605
-3.1941,-2.33572
-2.80895,-2.31529
-2.81326,-2.31599
-2.81738,-2.31665
-2.82132,-2.31728
-2.82511,-2.31788
-3.24056,-2.28805
-3.43538,-2.29609
-3.43552,-2.29579
-3.37116,-2.1682
-3.37207,-2.16852
-3.37295,-2.16882
-3.3738,-2.16911
-3.37462,-2.16939
-3.64807,-2.63125
-3.64815,-2.63122
-3.78926,-2.8437
-3.78948,-2.84375
-3.81325,-2.64904
-3.86198,-2.64072
-3.86199,-2.64064
-3.862,-2.64057
-3.86201,-2.6405
-3.86201,-2.64043
-3.60858,-2.72507
-3.46531,-2.66062
-3.41605,-2.62097
-3.41603,-2.62093
-3.416,-2.6209
-3.22632,-2.63179
-3.22615,-2.63176
-3.22597,-2.63174
-3.22579,-2.63172
-3.22562,-2.63169
-3.22545,-2.63167
-3.32724,-2.44889
-3.51131,-2.48294
-3.51139,-2.48291
-3.51147,-2.4829
-3.51154,-2.48288
-3.51162,-2.48286
-3.40754,-2.75079
-3.12194,-2.76893
-3.12663,-2.79114
-3.12627,-2.79105
-3.12591,-2.79096
-3.12555,-2.79087
-3.1252,-2.79078
-3.19969,-2.6277
-2.98542,-2.48943
-2.98511,-2.48937
-2.98481,-2.48931
-2.98451,-2.48925
-2.98421,-2.48918
-2.98391,-2.48912
Pillar: 3.
-1.41441,-0.492747
-1.41441,-0.492747
-1.41441,-0.492747
-1.41441,-0.492747
-1.41441,-0.492747
-1.41441,-0.492747
-1.41441,-0.492747
-1.41441,-0.492747
-1.41441,-0.492747
-1.51226,-0.464521
-1.51277,-0.464151
-1.51316,-0.463871
-1.51346,-0.463653
-1.51369,-0.463481
-1.43894,-0.489827
-1.43999,-0.489706
-1.44082,-0.489611
-1.44149,-0.489535
-1.5293,-0.432606
-1.63498,-0.585052
-1.63517,-0.585174
-1.63534,-0.585281
-1.63549,-0.585373
-1.63561,-0.585454
-1.63573,-0.585526
-1.63583,-0.585589
-1.63591,-0.585646
-1.63599,-0.585696
-1.22328,-0.319928
-1.22101,-0.318556
-0.912488,-0.180314
-0.905241,-0.178811
-0.898276,-0.177424
-0.891571,-0.176143
-0.885107,-0.174956
-0.878866,-0.173857
-0.872833,-0.172839
-1.2863,0.0906056
-1.02122,-0.408846
-1.01858,-0.410109
-0.801509,-0.518533
-0.800734,-0.51867
-0.800005,-0.5188
-0.79932,-0.518924
-0.798674,-0.519041
-0.798064,-0.519153
-0.797489,-0.519259
-1.40754,-0.571706
-0.499363,-0.372803
-0.499827,-0.372363
-0.500285,-0.371943
-0.500737,-0.371542
-0.501183,-0.371157
-0.501623,-0.37079
-0.502055,-0.370438
-0.547415,-0.369873
-1.07165,-0.525116
-1.07108,-0.525886
-0.959354,-0.370774
-0.959835,-0.370645
-1.0731,-0.0543193
-1.05826,-0.0505092
-1.0455,-0.0468475
-1.03437,-0.0433105
-1.02455,-0.0398809
-1.06371,-0.388541
-1.06343,-0.388615
-0.915287,-0.388195
-0.915192,-0.388184
-0.554923,-0.364125
-0.551848,-0.363879
-0.548817,-0.363637
-0.54583,-0.363399
-0.542883,-0.363166
-0.438831,-0.354556
-1.02616,-0.802243
-1.02549,-0.803938
-1.02483,-0.805584
-1.02419,-0.807182
-0.700299,-1.01975
-0.638142,-1.05907
-0.644193,-1.05716
-0.649452,-1.05535
-0.654054,-1.05364
-0.750076,-0.924876
-1.0545,-0.262064
-1.05449,-0.261604
-0.677575,-0.347481
-0.677743,-0.347289
-0.677907,-0.347102
-0.567301,-0.324291
-0.571953,-0.324771
-0.576157,-0.325176
-0.579978,-0.325519
-0.432252,-0.522334
-1.4475,-0.397761
-1.44753,-0.39783
-1.44755,-0.397896
-1.44758,-0.39796
-1.44761,-0.398021
-1.44763,-0.39808
-1.44766,-0.398138
-0.086009,-0.769086
-0.0868163,-0.768633
-0.0875975,-0.768194
-0.248946,-0.968389
-0.179439,-0.845814
-0.18468,-0.852278
-0.189631,-0.85845
-0.194326,-0.864353
-0.53425,-0.641961
-0.534601,-0.641774
-0.53494,-0.641594
-0.737574,-0.603992
-0.740554,-0.609915
-0.743462,-0.615608
-0.746295,-0.621089
-0.749061,-0.626374
-0.11062,-0.712631
-0.110791,-0.712469
-0.11096,-0.71231
0.0618131,-0.963242
0.0570108,-0.966478
0.0524102,-0.969643
0.0479992,-0.972742
0.0437703,-0.975778
-0.15363,-0.563006
-0.153261,-0.56375
0.0273073,-0.604824
0.0255713,-0.608236
0.0239157,-0.61162
0.0223406,-0.614976
0.0208313,-0.618305
-1.04667,-0.499187
-0.875472,-0.622646
-0.876235,-0.622529
-0.876956,-0.622414
-0.877642,-0.622301
-0.878294,-0.622189
0.111616,-0.812401
0.0564394,-0.776166
0.0561258,-0.77595
0.0558209,-0.775738
0.0822976,-0.788577
0.0818144,-0.788415
0.0813489,-0.788255
0.0808955,-0.7881
0.0804569,-0.787947
-0.124508,-0.583879
-0.718108,-0.552324
-0.63109,-0.37945
-0.927642,-0.247274
-0.927645,-0.247253
-0.927648,-0.247233
-0.367924,0.3857
-0.814303,-0.542295
-0.814331,-0.542322
-1.03529,-0.298722
-0.853801,-0.512462
-0.735564,-0.298
-0.868212,-0.261073
-0.868003,-0.260992
-0.684459,-0.192896
-0.684573,-0.19307
-0.684685,-0.193242
-0.684794,-0.19341
-0.6849,-0.193575
-0.583022,-0.317169
0.0410524,-0.803557
0.041341,-0.803624
0.0416249,-0.803689
0.162531,-0.797171
0.162539,-0.797287
0.162547,-0.7974
0.162557,-0.797512
0.162566,-0.797622
-0.880514,-1.03198
-0.880327,-1.0318
-0.880143,-1.03162
-0.527251,-0.955542
-0.531447,-0.956427
-0.53546,-0.957272
-0.539299,-0.958079
-0.542978,-0.958851
-0.797959,-1.11853
-0.979974,-1.1537
-0.980059,-1.15352
-0.884096,-1.09647
-0.885096,-1.09659
-0.886059,-1.0967
-0.886987,-1.09681
-0.887882,-1.09691
-0.487174,-1.03603
-0.487374,-1.03605
-0.487572,-1.03608
-0.903094,-1.09559
-0.90173,-1.0958
-0.900436,-1.09602
-0.899206,-1.09624
-1.04605,-0.861892
-0.183332,-0.234335
-0.183471,-0.234493
0.20669,-0.738117
0.182847,-0.783055
0.182876,-0.783065
0.182905,-0.783075
0.182934,-0.783085
0.182963,-0.783094
0.118335,-0.700496
0.0610749,-0.702433
-0.948366,-0.645641
-0.948319,-0.645636
-0.948272,-0.645631
-0.818736,-0.58364
-0.818568,-0.583603
-0.818402,-0.583567
-0.818239,-0.583531
-0.818077,-0.583495
-0.817918,-0.58346
-0.632055,-0.560517
Pillar: 4.
4.98158,-1.15766
4.98158,-1.15766
4.98158,-1.15766
4.98158,-1.15766
4.98158,-1.15766
4.98158,-1.15766
4.98158,-1.15766
4.81738,-0.971867
4.81714,-0.970846
4.81696,-0.970038
4.88417,-1.08316
4.88313,-1.08299
4.8823,-1.08285
4.88163,-1.08274
4.78408,-1.12184
4.9393,-1.09359
4.93894,-1.09373
4.73597,-1.16045
4.73392,-1.16049
4.73212,-1.16053
4.73052,-1.16057
4.7291,-1.1606
4.72783,-1.16063
4.72669,-1.16066
4.56693,-1.15358
4.82723,-1.16035
4.82723,-1.16035
4.2765,-1.20356
4.27429,-1.2041
4.27227,-1.2046
4.27042,-1.20506
4.26872,-1.20548
4.26716,-1.20587
4.26572,-1.20624
4.26439,-1.20657
5.5418,-0.952305
5.54486,-0.952733
5.54769,-0.95312
5.55032,-0.953472
5.55277,-0.953792
5.55506,-0.954085
5.55719,-0.954354
5.55919,-0.9546
5.0884,-0.979266
5.08785,-0.979584
5.66722,-0.829524
5.30352,-1.07585
5.30487,-1.07536
5.30614,-1.0749
5.30734,-1.07446
5.30847,-1.07405
5.30954,-1.07366
5.31055,-1.07329
5.31151,-1.07294
4.97303,-1.12299
4.973,-1.12294
5.24489,-0.634611
5.24535,-0.633866
5.2458,-0.633156
5.24622,-0.632478
5.24663,-0.63183
5.24701,-0.631212
5.24739,-0.63062
5.24774,-0.630054
4.15842,-1.31496
4.91966,-0.808747
4.92039,-0.809707
4.92108,-0.810616
4.92173,-0.81148
4.92234,-0.812299
4.92291,-0.813079
4.92345,-0.813821
4.32385,-0.846277
4.32328,-0.846994
4.32271,-0.84768
4.32215,-0.848336
4.32161,-0.848963
4.32107,-0.849564
4.32055,-0.850141
4.28257,-0.768462
5.03588,-1.11205
5.0511,-1.10599
5.06417,-1.1006
5.07552,-1.09575
5.0855,-1.09136
4.97809,-0.710783
4.78111,-0.157573
4.72581,-0.166267
4.48588,-1.00509
4.48596,-1.00522
4.84733,-0.971447
4.8504,-0.971269
4.85342,-0.971091
4.8564,-0.970915
4.85934,-0.97074
4.96289,-0.966594
4.22911,-0.995968
4.22891,-0.996043
4.22871,-0.996116
4.36657,-0.715447
4.36178,-0.717674
4.35745,-0.719708
4.3535,-0.721574
4.50842,-0.815394
4.7776,-0.77185
4.77892,-0.775047
5.20833,-0.937216
5.2083,-0.937339
5.20827,-0.937458
5.20824,-0.937572
5.20821,-0.937683
5.20818,-0.937789
5.20815,-0.937892
5.02288,-0.912591
5.0226,-0.912693
4.89333,-0.855221
4.89251,-0.855252
4.89173,-0.855283
4.72266,-0.677927
4.80033,-0.789285
4.79493,-0.783439
4.7898,-0.777881
4.78491,-0.772586
4.94457,-0.851708
4.94421,-0.851786
4.94386,-0.851862
4.73574,-0.926898
4.73337,-0.922418
4.73102,-0.918124
4.72871,-0.914003
4.72643,-0.910041
4.77734,-1.01912
4.77497,-1.01959
4.21165,-1.01361
4.61046,-0.647693
4.61029,-0.647989
4.61013,-0.648277
4.74734,-0.381312
4.74183,-0.378884
4.73653,-0.376518
4.73143,-0.37421
4.72653,-0.371957
4.94295,-0.738769
4.94588,-0.738787
4.46583,-1.69963
4.4651,-1.70481
4.66759,-1.65319
4.66593,-1.65628
4.66434,-1.65934
4.66284,-1.66238
4.6614,-1.6654
5.21936,-1.29012
4.99132,-0.214779
5.16369,-0.881015
5.16291,-0.881363
5.16217,-0.881691
5.16146,-0.882001
5.16079,-0.882295
4.75252,-0.840447
4.69508,-0.923823
4.69476,-0.923774
4.69445,-0.923726
4.72185,-0.904246
4.72136,-0.904209
4.72089,-0.904173
4.72044,-0.904138
4.72,-0.904102
4.7473,-0.229593
4.57882,-0.284704
4.52584,-1.57844
5.27107,-1.01213
5.27063,-1.01206
5.2702,-1.01199
5.28591,-1.00313
4.80972,-0.802789
5.10301,-1.10471
5.10301,-1.10471
5.10301,-1.10471
5.10301,-1.10471
5.02226,-0.92013
5.02209,-0.920159
5.24137,-0.86786
5.2396,-0.868236
5.23789,-0.868601
5.23624,-0.868954
5.35717,-0.614188
5.35458,-0.61495
5.35207,-0.615692
5.34964,-0.616413
5.34728,-0.617116
5.34499,-0.6178
5.34277,-0.618467
5.17099,-0.649801
5.05921,-0.668574
5.0582,-0.668983
5.05722,-0.669381
5.05627,-0.669771
5.05535,-0.670152
5.05102,-0.641767
5.051,-0.642728
4.71019,-0.602103
4.70901,-0.600496
5.0268,-0.962846
5.02671,-0.962817
4.95055,-0.973063
4.90359,-0.191685
4.95073,-0.97124
4.505,-1.19525
4.50526,-1.19506
4.73376,-1.09998
4.73332,-1.09994
4.88305,-0.981952
4.82418,-0.95702
4.82286,-0.957845
4.82159,-0.958637
4.82038,-0.959397
4.81923,-0.960127
5.83372,-0.894549
5.8384,-0.894112
5.84294,-0.893692
5.84733,-0.89329
5.8516,-0.892903
5.39645,-0.955918
5.39557,-0.95603
5.475,-0.954579
5.42692,-0.943738
5.42588,-0.943911
5.42486,-0.94408
5.42388,-0.944243
5.42292,-0.944401
4.53273,-0.971439
4.83143,-0.875765
4.83142,-0.875746
4.83142,-0.875729
5.46631,-0.870685
4.25483,-1.06632
4.57213,-1.06422
4.57237,-1.06397
4.80103,-0.582629
4.8009,-0.582941
4.80078,-0.583249
4.80066,-0.583551
4.80055,-0.583848
4.907,-0.636625
4.56816,-0.721514
4.56845,-0.721685
4.56874,-0.721853
4.6882,-0.656641
4.68821,-0.656781
4.68822,-0.65692
4.68823,-0.657057
4.68824,-0.657191
5.13804,-0.860603
5.1379,-0.860642
4.80331,-0.802774
4.80351,-0.802963
4.80371,-0.80315
5.14941,-0.589492
5.14524,-0.590848
5.14126,-0.592151
5.13744,-0.593404
5.13379,-0.594611
4.79889,-0.755494
5.16986,-0.755352
5.1698,-0.755477
5.27461,-0.874098
5.27359,-0.873729
5.27261,-0.87337
5.27167,-0.87302
5.27076,-0.872679
5.22948,-0.812638
5.22817,-0.813121
5.14882,-0.825973
5.48123,-0.636259
5.48104,-0.636432
5.48085,-0.636603
5.07817,-1.01724
5.07949,-1.01436
5.08075,-1.01155
5.08193,-1.0088
4.93561,-0.898687
4.89171,-1.08806
4.89407,-1.08727
4.4091,-0.986179
4.55553,-0.842686
4.55556,-0.842786
4.55559,-0.842885
4.55562,-0.842983
4.55564,-0.843079
4.48814,-0.869986
4.43042,-0.883491
4.79219,-0.949233
4.79226,-0.949204
4.54083,-1.04163
4.541,-1.04157
4.54117,-1.0415
4.54134,-1.04144
4.5415,-1.04138
4.54166,-1.04132
4.72648,-1.03045
4.68746,-0.953732
5.19344,-0.383329
5.19343,-0.383591
5.19342,-0.383849
5.19341,-0.384104
5.1934,-0.384357
5.23146,-0.395255
4.77285,-0.924939
5.04933,-0.922639
5.04928,-0.922625
4.41755,-0.986354
4.41785,-0.986255
4.41815,-0.986157
4.41844,-0.98606
4.41873,-0.985964
4.41902,-0.98587
Pillar: 5.
5.62405,-2.50345
5.62405,-2.50345
5.62405,-2.50345
5.62405,-2.50345
5.62405,-2.50345
5.62405,-2.50345
5.62405,-2.50345
5.36045,-2.32487
5.36039,-2.32378
5.36034,-2.32292
5.40895,-2.44336
5.40792,-2.44319
5.4071,-2.44305
5.40643,-2.44294
5.28815,-2.48986
5.46109,-2.45495
5.46145,-2.45481
5.34702,-2.40017
5.34499,-2.40021
5.34319,-2.40024
5.34161,-2.40027
5.3402,-2.4003
5.33893,-2.40033
5.3378,-2.40035
5.17379,-2.39536
5.45507,-2.39165
5.45507,-2.39165
5.74866,-2.55951
5.75161,-2.55995
5.75435,-2.56035
5.75689,-2.56071
5.75926,-2.56104
5.76148,-2.56134
5.76354,-2.56162
5.76548,-2.56187
5.2913,-2.58697
5.29074,-2.58729
5.69129,-2.74991
5.86959,-2.38592
5.87102,-2.38539
5.87236,-2.3849
5.87363,-2.38443
5.87482,-2.38399
5.87595,-2.38358
5.87702,-2.38319
5.87803,-2.38282
5.55218,-2.42732
5.55215,-2.42727
5.10927,-2.58735
5.10974,-2.58834
5.11019,-2.58927
5.11061,-2.59016
5.111,-2.59101
5.11137,-2.59181
5.11171,-2.59257
4.34192,-2.52515
4.34094,-2.52587
4.33999,-2.52656
4.33906,-2.52722
4.33816,-2.52785
4.33729,-2.52846
4.33644,-2.52904
4.32668,-2.44685
4.72641,-2.48308
4.7257,-2.48355
4.97695,-2.85427
4.99282,-2.84823
5.00637,-2.84285
5.0181,-2.83802
5.02836,-2.83363
4.79124,-2.44395
5.38733,-2.58719
5.38728,-2.58731
5.38724,-2.58743
5.3872,-2.58755
5.38715,-2.58766
5.38711,-2.58777
5.38707,-2.58787
5.17315,-2.56543
5.17287,-2.56553
4.33904,-2.30026
4.33808,-2.30023
4.33716,-2.30021
4.27917,-2.16072
4.28765,-2.2496
4.28587,-2.24502
4.28418,-2.24066
4.28259,-2.2365
5.07813,-1.80863
4.70363,-2.41706
4.70319,-2.41713
4.70277,-2.41719
4.46251,-2.48694
4.4631,-2.48298
4.4636,-2.47917
4.46403,-2.47552
4.46438,-2.472
4.54398,-2.58563
4.5452,-2.58663
4.55774,-2.5584
4.55739,-2.55869
4.55705,-2.55897
4.90433,-2.28629
4.90113,-2.28367
4.89808,-2.28111
4.89518,-2.27862
4.89242,-2.27618
5.22034,-2.62997
5.22012,-2.63044
4.93747,-2.36997
4.93657,-2.3703
4.93572,-2.37061
4.93491,-2.37091
4.93414,-2.37119
4.25556,-2.29037
4.36693,-2.24304
4.36657,-2.24298
4.36621,-2.24292
4.4028,-2.22569
4.40228,-2.22565
4.40178,-2.2256
4.40129,-2.22556
4.40081,-2.22552
5.08239,-1.80091
4.886,-2.71699
4.63874,-2.38582
4.6383,-2.38575
4.63787,-2.38568
4.62131,-2.39441
5.01839,-2.57688
4.88907,-2.481
4.88891,-2.48103
5.26181,-2.43427
5.26008,-2.43465
5.25841,-2.43501
5.25679,-2.43536
5.53579,-2.60412
5.5333,-2.60487
5.53089,-2.60561
5.52856,-2.60632
5.5263,-2.60701
5.5241,-2.60769
5.52198,-2.60835
5.4346,-2.61952
5.36506,-2.63218
5.36411,-2.63258
5.36318,-2.63297
5.36228,-2.63335
5.3614,-2.63372
5.32187,-2.6105
5.32245,-2.61138
5.50237,-2.40169
6.05028,-2.52873
5.99386,-2.4763
5.98652,-2.47506
5.97977,-2.47391
5.97353,-2.47284
5.96774,-2.47185
4.99632,-2.4264
4.99623,-2.42637
5.03881,-2.43427
5.0387,-2.43247
5.51724,-2.19043
5.5175,-2.19024
5.71415,-2.12655
5.71365,-2.12656
5.80204,-2.06383
5.72415,-2.05477
5.72314,-2.05534
5.72217,-2.05589
5.72123,-2.05643
5.72034,-2.05695
5.32251,-2.31589
5.32165,-2.31601
5.40864,-2.31495
5.34406,-2.3032
5.34305,-2.30338
5.34206,-2.30355
5.34111,-2.30371
5.34018,-2.30387
5.38848,-2.61937
5.38848,-2.61935
5.38847,-2.61933
4.49787,-1.83713
4.31261,-2.35876
4.31286,-2.35893
4.31311,-2.35909
4.45382,-2.29705
4.45382,-2.29719
4.45382,-2.29733
4.45382,-2.29746
4.45383,-2.2976
4.97017,-2.50915
4.97005,-2.50919
5.1381,-2.39208
5.13796,-2.3922
5.19608,-2.50925
5.19519,-2.50889
5.19434,-2.50853
5.19351,-2.50819
5.19272,-2.50785
5.1124,-2.44548
5.11117,-2.44597
5.25599,-2.38645
4.58396,-2.42858
4.58372,-2.42873
4.58349,-2.42887
4.08585,-2.75873
4.08807,-2.75636
4.0902,-2.75405
4.09226,-2.7518
3.90995,-2.62075
5.02203,-2.17478
4.97879,-2.28319
4.97879,-2.28329
4.97878,-2.2834
4.97878,-2.28351
4.97878,-2.28361
4.87506,-2.32067
4.8135,-2.33519
5.22734,-2.38618
5.22741,-2.38616
5.01289,-2.34132
5.01307,-2.34126
5.01324,-2.34119
5.01342,-2.34112
5.01359,-2.34106
5.01375,-2.34099
5.19564,-2.33119
4.83324,-2.36711
4.64143,-2.84748
4.64134,-2.84772
4.64125,-2.84796
4.64116,-2.8482
4.64107,-2.84844
4.7524,-2.87462
4.90358,-2.47264
4.95359,-1.70911
4.95356,-1.70608
4.95353,-1.70305
4.95349,-1.70004
4.95345,-1.69704
4.82815,-2.40297
4.94819,-2.39824
4.94813,-2.39822
Pillar: 6.
12.4303,-0.131073
13.2269,-0.341024
13.2276,-0.342962
13.2283,-0.3448
13.2289,-0.34655
13.2295,-0.348215
13.3681,-0.825129
13.3675,-0.827654
13.367,-0.830072
13.3665,-0.83239
13.3269,-0.598692
14.3987,-0.240823
14.4136,-0.231307
14.4264,-0.223259
14.4376,-0.216406
14.4475,-0.210541
14.3797,-0.530216
14.1812,-0.401434
14.1291,-0.18833
14.0797,-0.537859
13.4968,0.19727
13.489,0.224613
13.4815,0.250646
13.4742,0.275487
13.5595,0.35222
13.6034,0.329523
13.5986,0.350854
13.5939,0.37132
13.5893,0.390984
13.5848,0.409906
13.6101,0.463035
13.6043,0.482778
14.0844,0.171393
14.0827,0.170126
14.0811,0.168984
13.5648,0.335707
14.1361,0.320387
14.1345,0.318819
13.1245,0.417454
13.118,0.430008
13.1117,0.442266
13.1057,0.454243
13.0998,0.465951
13.8485,-0.655597
13.8516,-0.670411
13.9028,0.106194
13.9014,0.105393
13.1087,-0.113484
13.1069,-0.115974
13.1052,-0.118451
13.1036,-0.120914
13.1021,-0.123362
13.2362,0.286029
13.5097,-0.0645988
13.5092,-0.0648021
13.5087,-0.0649996
13.5083,-0.0651916
13.5079,-0.0653778
13.7257,-0.00558981
13.7719,0.223451
14.1916,-0.218508
14.2024,-0.207375
14.2129,-0.196579
14.6561,0.059297
13.9679,0.59297
13.0556,-0.133775
13.0538,-0.133944
13.0521,-0.134105
13.0504,-0.13426
12.6457,-0.221102
12.6431,-0.221489
12.6406,-0.221863
12.6381,-0.222224
12.6357,-0.222571
12.6334,-0.222907
12.6312,-0.223232
12.884,-0.182331
13.0609,-0.15216
13.0599,-0.152365
13.0589,-0.152563
13.058,-0.152757
13.057,-0.152944
13.0607,-0.267901
13.0605,-0.266415
13.0663,-0.0822007
13.1359,-0.0696331
13.1444,-0.0684736
13.0791,0.256606
13.0799,0.159967
13.0737,0.158282
13.0679,0.156734
13.0626,0.155306
13.0577,0.153985
13.3139,-0.0659528
13.3157,-0.0653183
13.2765,-0.0703843
13.2754,-0.0704615
12.6252,-0.0578742
12.6334,-0.0566111
13.4507,-0.036237
13.4541,-0.0505514
13.4511,-0.0361489
12.9937,-0.212465
12.9933,-0.212836
13.1807,-0.576589
13.1276,-0.696496
13.1262,-0.694961
13.1249,-0.69354
13.1236,-0.692221
13.1224,-0.690995
13.2865,-0.138885
13.2876,-0.137828
12.7437,-0.188744
12.7428,-0.188776
12.8179,-0.146481
12.7791,-0.224797
12.778,-0.224798
12.777,-0.2248
12.776,-0.224804
12.775,-0.224808
13.1101,-0.209827
13.1118,-0.209055
12.3881,-0.15721
13.2241,-0.102194
13.2251,-0.102188
13.7893,-0.0608478
13.7859,-0.0611592
13.7826,-0.0614564
13.7794,-0.0617403
13.3433,-0.679338
12.2949,-0.446333
12.2947,-0.446835
12.2946,-0.447328
12.2945,-0.447812
12.2944,-0.448289
12.3985,-0.404378
12.8003,-0.220866
12.8003,-0.221053
12.8003,-0.221236
12.8003,-0.221417
12.8004,-0.221595
13.2259,-0.0972466
13.2258,-0.0971794
Pillar: 7.
13.5867,1.86175
13.5867,1.85918
13.5868,1.85672
13.5867,1.85436
13.502,2.09138
14.2145,1.3326
14.2268,1.34059
14.2377,1.3474
14.2473,1.35323
14.2966,1.04413
14.1693,1.17505
14.08,1.38744
13.1982,1.45677
13.558,1.9133
13.5465,1.94128
13.5361,1.96741
13.5266,1.99191
13.4564,1.9976
13.3747,1.45418
13.3707,1.44876
13.367,1.44375
13.3638,1.43911
13.4716,1.53276
13.7819,1.41368
13.7832,1.41048
13.2764,1.28613
13.2746,1.28487
13.2731,1.28373
13.2116,1.1427
13.2099,1.14114
13.3782,1.38268
13.3768,1.38188
13.5074,1.45286
13.5068,1.45187
13.5063,1.45093
13.5057,1.45004
13.5052,1.44918
13.6006,2.59313
13.5941,2.60058
13.588,2.60772
13.7153,1.59756
13.7163,1.59757
13.1538,1.55624
13.1503,1.55592
13.1471,1.55563
13.1439,1.55534
12.4819,1.28346
12.4779,1.2815
12.4741,1.27961
12.4704,1.27778
12.4669,1.27601
13.1345,1.61381
13.1333,1.61481
13.1321,1.61577
13.131,1.6167
13.1299,1.61761
13.1459,1.48918
13.1445,1.48906
13.0752,1.44134
13.8587,2.20459
13.8584,2.21201
13.858,2.21926
13.8576,2.22637
13.7766,2.15354
13.6428,2.21305
13.6423,2.22122
Pillar: 8.
21.6916,-1.30522
21.69,-1.30516
21.2923,-1.46283
21.29,-1.46276
21.2876,-1.46268
21.2854,-1.46261
21.2832,-1.46252
21.4759,-0.94921
21.4749,-0.949196
21.474,-0.94918
21.4621,-1.2147
21.4622,-1.21065
21.4297,-1.32024
21.4996,-1.30569
21.5079,-1.30592
21.3748,-1.30519
21.3753,-1.30497
20.8612,-1.54407
20.975,-1.40806
20.9681,-1.413
20.9618,-1.41755
20.9559,-1.42176
20.9505,-1.42566
21.2641,-1.32542
21.2657,-1.32546
21.2041,-1.33046
21.2044,-1.33042
21.412,-1.722
21.4202,-1.72136
21.0498,-1.45276
20.9802,-1.70984
20.9791,-1.70607
20.9781,-1.70256
20.9771,-1.69927
20.9761,-1.6962
21.0342,-1.771
21.0352,-1.77034
21.2205,-1.24847
21.2205,-1.248
Pillar: 9.
20.9922,-0.142314
20.9898,-0.142255
20.9875,-0.142191
20.9853,-0.142123
21.4101,0.610301
21.4091,0.610313
21.4082,0.610327
21.4241,0.345734
21.4238,0.349773
21.446,0.240578
21.5155,0.255125
21.5241,0.254892
21.3586,0.255628
21.3591,0.255844
21.2142,0.126747
21.208,0.121708
21.2022,0.117067
21.1969,0.112774
21.1919,0.108792
21.4433,0.217543
21.4452,0.217478
21.3905,0.211657
21.3908,0.21169
21.9922,0.606818
22.0006,0.607413
21.1832,0.521542
21.4293,0.869232
21.4274,0.873127
21.4256,0.876759
21.424,0.880156
21.4224,0.883338
21.6861,0.764402
21.6872,0.765032
21.72,0.325484
21.7248,0.324072
21.7295,0.32271
21.734,0.321395
21.7384,0.320124
21.1834,0.321437
21.3276,0.376149
21.3265,0.376349
21.3255,0.37654
21.3244,0.376722
21.3235,0.376897
21.6521,0.477208
21.6538,0.47798
21.7917,1.1875
21.4463,0.214785
21.4462,0.215262
FEATURES.
Feature: 1.
-3.49471,-1.07019
-3.49471,-1.07019
-3.49471,-1.07019
-3.49471,-1.07019
-3.49471,-1.07019
-3.49471,-1.07019
-3.49471,-1.07019
-3.49471,-1.07019
-3.49471,-1.07019
-3.5937,-1.32476
-3.57632,-1.31043
-3.56572,-1.30458
-3.55484,-1.29757
-3.54375,-1.28997
-3.53156,-1.27986
-3.52041,-1.27131
-3.49897,-1.25951
-3.47953,-1.2488
-3.45927,-1.23759
-3.56252,-0.977117
-3.54153,-0.987897
-3.55557,-1.02339
-3.56389,-1.0521
-3.56949,-1.07359
-3.57011,-1.09124
-3.56804,-1.10326
-3.56298,-1.11071
-3.55539,-1.11805
-3.54572,-1.12164
-3.1426,-0.932991
-3.15896,-0.94793
-3.17529,-0.962662
-3.19085,-0.976514
-3.1727,-0.974545
-3.15593,-0.977005
-3.14432,-0.97966
-3.13618,-0.983123
-3.12931,-0.989414
-3.1242,-0.997569
-2.71084,-1.02536
-1.64046,-1.8769
-1.67719,-1.78862
-1.71832,-1.70173
-1.7664,-1.62483
-1.81792,-1.55553
-1.8715,-1.49287
-1.92554,-1.43591
-1.98145,-1.3843
-4.69175,-0.83634
-4.59929,-0.860377
-4.50569,-0.884104
-4.46475,-0.907113
-4.42576,-0.927902
-4.3888,-0.946535
-4.35403,-0.963202
-4.32138,-0.978121
-4.28658,-0.993041
-4.25678,-1.00534
-3.44329,-0.938055
-3.22364,-1.02872
-3.20439,-1.04463
-3.18472,-1.06065
-3.17969,-1.07269
-3.17686,-1.08478
-3.17608,-1.0967
-3.17682,-1.10836
-3.17881,-1.11966
-3.1817,-1.13052
-3.18514,-1.14089
-3.07723,-0.620403
-3.12433,-0.681292
-3.17175,-0.743704
-3.21653,-0.803802
-3.25777,-0.860314
-3.29541,-0.912975
-3.32961,-0.961874
-3.36066,-1.00721
-2.55259,-0.907041
-2.60749,-0.919705
-2.66797,-0.9342
-2.72254,-0.947872
-2.77939,-0.962725
-2.83594,-0.978203
-2.89031,-0.993836
-2.94125,-1.00925
-2.98804,-1.02416
-3.03039,-1.03838
-4.38831,-0.466239
-4.3792,-0.54995
-4.36306,-0.620973
-4.34264,-0.691744
-4.31091,-0.749879
-4.26879,-0.79895
-4.21784,-0.841454
-4.15992,-0.879143
-4.09699,-0.913255
-4.68522,0.855599
-4.76481,0.668235
-4.82058,0.503029
-4.8135,0.369693
-4.79035,0.25164
-4.75726,0.147514
-4.71656,0.0561821
-4.6699,-0.024728
-4.61812,-0.102302
-1.61379,-2.99048
-1.6933,-2.91514
-1.76623,-2.83978
-1.83602,-2.76006
-1.90348,-2.6835
-1.96954,-2.60323
-2.03442,-2.52074
-2.09784,-2.43764
-3.28611,-1.13001
-3.26685,-1.1172
-3.24955,-1.11542
-3.25779,-1.11046
-5.22615,2.10303
-5.27323,1.88406
-5.27945,1.68617
-5.25001,1.50794
-5.20539,1.35124
-5.32605,-0.537986
-2.40279,-1.62742
-2.45576,-1.62287
-2.51198,-1.61734
-2.55591,-1.60704
-2.60019,-1.59511
-2.61705,-1.57304
-2.63468,-1.55158
-2.65298,-1.53053
-2.67104,-1.5103
-2.5765,-1.49665
-2.70106,-1.49525
-2.82685,-1.49205
-2.95968,-1.48578
-3.07132,-1.48014
-3.09115,-1.46177
-3.10169,-1.44139
-3.11734,-1.42095
-3.13802,-1.39988
-3.36984,-1.51953
-3.37418,-1.50903
-3.37834,-1.49858
-3.33141,-1.48485
-3.28433,-1.47499
-3.24021,-1.46727
-3.21676,-1.45524
-3.19298,-1.44337
-3.16979,-1.43218
-0.596981,1.3763
-0.867118,1.33339
-1.19702,1.30188
-1.51138,1.22939
-4.40563,3.39771
-4.49897,3.1133
-4.54084,2.82909
-3.55092,-0.859413
-3.51113,-0.896698
-3.49337,-0.919839
-3.49126,-0.942272
-3.48538,-0.963999
-3.48803,-0.977148
-3.48397,-0.988381
-3.47293,-0.999529
-3.45543,-1.01161
-3.48135,-0.710529
-3.45892,-0.731838
-3.43456,-0.752338
-3.40968,-0.771905
-3.37705,-0.789192
-3.34147,-0.80636
-3.30421,-0.823854
-3.26642,-0.84185
-3.89004,-1.32288
-3.85723,-1.29997
-3.82716,-1.27857
-3.79628,-1.25873
-3.78542,-1.25211
-3.77949,-1.24484
-3.78142,-1.23018
-2.93102,-1.56128
-2.94602,-1.54022
-2.96112,-1.51878
-3.03114,-1.55052
-3.10831,-1.57211
-3.12492,-1.54207
-3.14132,-1.51294
-3.15644,-1.4868
-3.16981,-1.46345
-3.18248,-1.44247
-3.12061,-1.5426
-3.13892,-1.519
-3.13102,-1.47353
-3.12422,-1.4342
-3.11823,-1.4003
-3.10551,-1.37685
-3.09426,-1.35633
-3.08434,-1.33826
-3.07368,-1.32141
-3.06304,-1.30598
-3.3003,-1.16996
-3.27483,-1.18582
-3.24898,-1.19882
-3.22831,-1.21203
-3.21025,-1.22562
-3.19504,-1.23946
-4.15613,-0.537442
-4.13074,-0.636551
-4.08122,-0.692799
-4.02733,-0.741536
-3.97142,-0.783499
-3.91547,-0.81951
-3.53233,-1.19959
-2.60266,-1.7827
-2.64833,-1.72483
-2.68867,-1.67792
-2.72758,-1.63561
-2.76302,-1.59771
-2.79871,-1.56293
Feature: 2.
-3.57905,-2.80823
-3.57905,-2.80823
-3.57905,-2.80823
-3.57905,-2.80823
-3.57905,-2.80823
-3.57905,-2.80823
-3.57905,-2.80823
-3.57905,-2.80823
-3.57905,-2.80823
-3.98239,-2.96812
-3.96502,-2.95379
-3.94839,-2.94936
-3.93224,-2.94356
-3.91652,-2.93702
-3.90029,-2.92781
-3.88561,-2.92005
-3.86408,-2.90828
-3.84456,-2.89758
-3.82422,-2.88638
-3.24464,-2.95589
-4.00145,-2.60607
-3.98046,-2.61685
-3.97385,-2.65777
-3.9642,-2.69097
-3.95414,-2.7162
-3.94115,-2.73699
-3.92724,-2.75163
-3.91188,-2.7613
-3.89533,-2.7705
-3.87788,-2.77567
-3.295,-2.54757
-3.31135,-2.56251
-3.32768,-2.57724
-3.34325,-2.59109
-3.33433,-2.58823
-3.32557,-2.58986
-3.32091,-2.59177
-3.3188,-2.59456
-3.31716,-2.60025
-3.31659,-2.60787
-3.08411,-2.66049
-1.27803,-3.50745
-1.35705,-3.428
-1.43508,-3.34789
-1.51532,-3.2762
-1.59485,-3.21091
-1.6728,-3.15135
-1.74806,-3.0968
-1.82241,-3.04706
-4.77549,-2.53481
-4.68302,-2.55884
-4.58942,-2.58257
-4.54688,-2.60566
-4.50652,-2.62651
-4.46837,-2.6452
-4.43259,-2.66192
-4.39907,-2.67688
-4.36353,-2.69183
-4.33309,-2.70415
-4.31209,-2.41878
-4.29285,-2.43469
-4.27318,-2.45071
-4.27373,-2.45836
-4.27572,-2.46663
-4.27911,-2.47522
-4.28345,-2.484
-4.28855,-2.49279
-4.29413,-2.50147
-4.2999,-2.50996
-2.96403,-2.45505
-3.01894,-2.46771
-3.07942,-2.4822
-3.13399,-2.49588
-3.19083,-2.51073
-3.24739,-2.52621
-3.30175,-2.54184
-3.35269,-2.55725
-3.39948,-2.57217
-3.44183,-2.58638
-4.86036,-1.76184
-4.8183,-1.85708
-4.77334,-1.93744
-4.70963,-2.02093
-4.64004,-2.08894
-4.56487,-2.1457
-4.48512,-2.19421
-4.40215,-2.23661
-4.31744,-2.27443
-3.99887,-2.48412
-4.88736,-0.909767
-4.89086,-1.10419
-4.88056,-1.27286
-4.82582,-1.40717
-4.76131,-1.52502
-4.69235,-1.6282
-4.62057,-1.71813
-4.54698,-1.79737
-4.46988,-1.87301
-1.29159,-4.3751
-1.45795,-4.35486
-1.58042,-4.28374
-1.6908,-4.21096
-1.79318,-4.13264
-1.88899,-4.05668
-1.97972,-3.97645
-2.06605,-3.89363
-2.14812,-3.80997
-2.75211,-3.10158
-2.77534,-3.0998
-2.7952,-3.10685
-2.8101,-3.1034
-2.30456,-3.21812
-2.37597,-3.21461
-2.44823,-3.2098
-2.507,-3.20002
-2.56417,-3.18844
-2.59186,-3.16657
-2.61889,-3.14524
-2.64535,-3.12425
-2.6705,-3.10403
-2.69461,-3.08434
-1.44482,-2.75235
-1.55996,-2.7424
-1.67774,-2.73182
-1.80376,-2.7192
-1.9096,-2.70809
-1.94774,-2.70679
-1.97872,-2.70488
-2.01205,-2.69994
-2.04796,-2.69188
-2.08643,-2.68288
-5.08894,1.45861
-5.10492,1.14866
-5.07885,0.844758
-3.68017,-2.15846
-3.64991,-2.19476
-3.62306,-2.21884
-3.60898,-2.24241
-3.59268,-2.26504
-3.57331,-2.27982
-3.55012,-2.29216
-3.52246,-2.30405
-3.49054,-2.31659
-3.45913,-2.33473
-1.21433,-3.35618
-1.34891,-3.34896
-1.48215,-3.33305
-1.6199,-3.30915
-1.71834,-3.26503
-1.80858,-3.2202
-1.89149,-3.17567
-1.97664,-3.12677
-2.58894,-2.38235
-2.63057,-2.3882
-2.6832,-2.39828
-2.73438,-2.40607
-2.77192,-2.40565
-2.809,-2.40304
-2.84824,-2.40027
-2.88866,-2.39644
-3.45571,-2.9504
-3.47071,-2.92935
-3.48581,-2.90791
-3.51875,-2.95309
-3.56344,-2.98556
-3.58576,-2.95367
-3.60957,-2.92209
-3.63112,-2.89381
-3.65006,-2.86856
-3.66756,-2.84592
-3.30857,-3.07821
-3.25695,-2.98622
-3.27526,-2.96262
-3.28538,-2.91532
-3.29421,-2.87424
-3.30177,-2.83868
-3.29514,-2.81444
-3.28918,-2.79321
-3.28384,-2.7745
-3.27717,-2.7571
-3.26998,-2.74118
-3.66224,-2.18106
-3.6379,-2.1965
-3.62032,-2.2065
-3.6068,-2.21704
-3.59494,-2.22828
-3.5851,-2.24005
-3.57692,-2.252
-4.1623,-2.26087
-4.0905,-2.35952
-4.02026,-2.41516
-3.94831,-2.46316
-3.87664,-2.50433
-3.80694,-2.53952
-3.74048,-2.56961
-2.16148,-2.92954
-2.23008,-2.88023
-2.28812,-2.83958
-2.34247,-2.80248
-2.39138,-2.76894
-2.4388,-2.73782
Feature: 3.
-1.41441,-0.492747
-1.41441,-0.492747
-1.41441,-0.492747
-1.41441,-0.492747
-1.41441,-0.492747
-1.41441,-0.492747
-1.41441,-0.492747
-1.41441,-0.492747
-1.41441,-0.492747
-1.75437,-0.698789
-1.74602,-0.686274
-1.73713,-0.673426
-1.7278,-0.66073
-1.71716,-0.646156
-1.70737,-0.633718
-1.68597,-0.621827
-1.66656,-0.611025
-1.64632,-0.599736
-1.62617,-0.588478
-1.87849,-0.669145
-1.8967,-0.683621
-1.90886,-0.694131
-1.91794,-0.699849
-1.92172,-0.703839
-1.92247,-0.704015
-1.91994,-0.701203
-1.91459,-0.699638
-1.90691,-0.695508
-1.88924,0.119714
-1.89576,0.0990757
-1.89449,0.0824524
-1.89841,0.0920818
-1.8899,0.102984
-1.86949,0.113215
-1.83854,0.121677
-1.79884,0.127815
-1.75235,0.131412
-1.70099,0.132461
-1.76743,0.612452
-1.83926,0.550761
-1.89269,0.494564
-1.88644,0.439774
-1.86571,0.389823
-1.836,0.344711
-1.7992,0.304504
-1.75666,0.267873
-1.70936,0.231904
0.61648,-1.43887
0.474494,-1.43462
0.442857,-1.42568
0.409822,-1.40925
0.373404,-1.38162
0.333946,-1.35099
0.291451,-1.31113
0.246476,-1.26411
0.199919,-1.21211
-0.840327,-0.325495
-0.804345,-0.365434
-0.773423,-0.409819
-0.779319,-0.413141
-2.57314,1.97964
-2.61743,1.86414
-2.6245,1.75624
-2.59827,1.65618
-2.55831,1.56733
-0.0566658,-0.619863
-0.0981205,-0.642567
-0.144595,-0.660821
-0.17971,-0.672624
-0.216503,-0.679964
-0.227208,-0.674101
-0.239579,-0.666753
-0.253371,-0.657986
-0.267576,-0.648435
-0.282214,-0.638053
0.492253,-1.29533
0.366097,-1.27085
0.238794,-1.24789
0.104566,-1.22472
-0.00833715,-1.20465
-0.0244209,-1.23166
-0.0316147,-1.26129
-0.0450614,-1.28357
-0.0643267,-1.29892
-0.0888575,-1.30998
-1.01801,-0.415171
-1.02235,-0.404677
-1.02652,-0.394227
-0.968364,-0.404706
-0.911738,-0.415984
-0.859481,-0.426689
-0.836202,-0.414253
-0.812534,-0.402139
-0.789389,-0.390847
-0.767416,-0.380669
-1.92293,1.30345
-1.89029,1.18231
-1.85202,1.05632
-1.8108,0.93005
-1.77672,0.83135
-1.74034,0.730042
-1.70367,0.629496
0.428967,-2.45291
0.387784,-2.42566
0.350168,-2.38045
0.315439,-2.31941
0.258695,-2.2221
0.222523,-2.15487
0.190256,-2.08583
0.160134,-2.01647
0.0423503,-1.18997
0.00221483,-1.1662
-0.0410449,-1.1382
-0.0854414,-1.10729
-0.140957,-1.08858
-0.196619,-1.06511
-0.239707,-1.04349
-0.277943,-1.02203
-0.498713,-0.684049
-0.429311,-0.743874
-0.366746,-0.797634
-0.305732,-0.848776
-0.2823,-0.84174
-0.258997,-0.836646
-0.236434,-0.833558
-0.215043,-0.832375
-0.391355,-0.182697
-0.384982,-0.194076
-0.375616,-0.209051
-0.360899,-0.214356
-0.345167,-0.222561
-0.326292,-0.234238
-0.305111,-0.249046
-1.19322,1.78505
-1.3862,1.74715
-1.4479,1.64129
-1.48239,1.52522
-1.49278,1.40288
-1.48333,1.27767
0.745906,-2.17984
0.814939,-2.28236
0.85748,-2.37031
0.85012,-2.41511
0.837304,-2.43149
0.812301,-2.42504
0.786968,-2.39705
0.760527,-2.3502
0.732798,-2.28805
-0.62472,0.905284
-0.679819,1.00015
2.05312,1.76221
1.77191,1.78889
1.42587,1.84266
1.09525,1.84376
-0.713527,1.75486
-1.84679,3.00127
-1.92644,2.81855
-1.95969,2.62302
-1.15774,0.08117
-1.11111,0.0263029
-1.09987,0.0199347
-1.10652,0.019515
-1.10842,0.0168445
-1.12799,0.0437537
-1.13917,0.0670565
-1.14177,0.0857012
-1.13642,0.0993371
-1.12832,0.103686
-0.432898,-0.499349
-0.411916,-0.500725
-0.388922,-0.503936
-0.3653,-0.508508
-0.3343,-0.507581
-0.300226,-0.508946
-0.264335,-0.512727
-0.22779,-0.518826
0.91017,-1.76195
0.802673,-1.79147
0.692446,-1.80786
0.574291,-1.8123
0.48786,-1.78593
0.407943,-1.75662
0.333925,-1.72565
0.25645,-1.68858
-0.175222,-1.15434
-0.212965,-1.16785
-0.260472,-1.18814
-0.307224,-1.20481
-0.336482,-1.22129
-0.36648,-1.23336
-0.399655,-1.24334
-0.434868,-1.25058
-0.764565,-1.21122
-0.731062,-1.20973
-0.700504,-1.20695
-0.669299,-1.20327
-0.65801,-1.23284
-0.652036,-1.25678
-0.654191,-1.26901
-0.658744,-1.27805
0.569595,-1.07345
0.486498,-1.01156
0.39597,-0.952185
0.381836,-0.936323
0.368566,-0.925612
0.356089,-0.915497
0.344959,-0.906075
0.334189,-0.8972
0.324001,-0.888868
0.310747,-0.872385
-1.0056,-0.762615
-0.988412,-0.743839
-0.97383,-0.727799
-0.961276,-0.714182
-0.945667,-0.699877
-0.931948,-0.687303
-0.919895,-0.676138
-0.907412,-0.665291
-0.895196,-0.655077
-0.883721,-0.64569
Feature: 4.
4.98158,-1.15766
4.98158,-1.15766
4.98158,-1.15766
4.98158,-1.15766
4.98158,-1.15766
4.98158,-1.15766
4.98158,-1.15766
4.58115,-1.31616
4.59226,-1.28573
4.60442,-1.25564
4.61549,-1.22965
4.63693,-1.21741
4.65637,-1.20631
4.67663,-1.19475
4.69681,-1.18325
4.71033,-1.17961
4.72969,-1.16977
4.73337,-0.672231
4.75313,-0.715602
4.7711,-0.757423
4.78358,-0.794247
4.79235,-0.827371
4.79969,-0.859409
4.80514,-0.889912
4.80737,-0.915333
4.79469,-0.940004
4.79846,-0.958703
5.68611,-0.574296
5.68062,-0.675914
5.66262,-0.754553
5.63161,-0.821792
5.59263,-0.877927
5.54822,-0.924368
5.50084,-0.962264
5.44972,-0.993109
4.95511,-0.80165
4.99596,-0.815747
5.03487,-0.828878
5.07177,-0.840935
5.10647,-0.85196
5.13906,-0.86204
5.1738,-0.872816
5.20357,-0.881563
5.23469,-0.890656
5.22177,-0.897199
6.4342,0.791044
5.39844,-0.572703
5.40537,-0.619277
5.40972,-0.661302
5.41174,-0.699144
5.41202,-0.73326
5.41085,-0.764006
5.40864,-0.791697
5.40576,-0.816637
5.40233,-0.839134
5.36072,-0.860164
5.82118,0.322026
5.77408,0.261136
5.72666,0.198724
5.68188,0.138626
5.64064,0.0821139
5.603,0.0294527
5.5688,-0.0194464
5.53776,-0.0647863
3.24745,-2.53843
3.65163,-0.946439
3.69454,-0.85198
3.74382,-0.771699
3.79583,-0.703326
3.85012,-0.644752
3.90643,-0.595473
3.96549,-0.55042
5.27298,-0.754841
5.26034,-0.897074
5.23995,-1.01247
5.2116,-1.0997
5.17693,-1.16905
5.13692,-1.21619
5.09284,-1.24487
5.04609,-1.25873
2.96228,-0.812764
3.02259,-0.710459
3.09951,-0.625792
3.19342,-0.556222
3.28812,-0.496067
3.38334,-0.445047
3.487,-0.403323
3.57532,-0.349363
5.28667,-0.894491
5.24914,-0.956901
5.20987,-1.00818
5.19681,-1.03916
5.18219,-1.0638
5.16629,-1.0828
5.15014,-1.09736
5.13373,-1.10791
3.91577,-0.658696
3.97094,-0.719921
4.02456,-0.775267
4.07388,-0.824243
4.09723,-0.810964
4.12094,-0.798349
4.1441,-0.786835
4.16607,-0.776667
4.18901,-0.765435
4.24691,-0.758246
4.70044,0.453708
4.73819,0.373362
4.78069,0.282813
4.82542,0.187323
4.86243,0.115353
4.90127,0.0372549
4.94002,-0.0431383
4.97722,-0.1229
4.99732,-0.212147
5.37251,-1.85072
5.34149,-1.9138
5.31137,-1.94721
5.28214,-1.9546
5.22611,-1.86708
5.19287,-1.84355
5.1625,-1.80643
5.13378,-1.76325
5.5245,-1.27668
5.48408,-1.26912
5.44054,-1.25524
5.39587,-1.23662
5.33969,-1.24342
5.2834,-1.24074
5.23975,-1.23585
5.20103,-1.22764
5.15985,-1.21337
5.12421,-1.1948
2.89564,-1.32902
4.17501,-0.0139023
4.2551,-0.153059
4.32586,-0.275896
4.39317,-0.387163
4.41502,-0.364253
4.43682,-0.344633
4.45797,-0.328207
4.47802,-0.314733
4.49669,-0.303891
4.50613,-0.289122
4.19069,-1.46181
4.20225,-1.45448
4.21589,-1.45377
4.23751,-1.43332
4.25913,-1.41909
4.28304,-1.41123
4.30854,-1.40901
4.78948,-1.62477
4.63537,0.183223
4.50388,0.388774
4.47337,0.426039
4.46312,0.434755
4.47164,0.421089
4.49589,0.390442
5.21513,-0.928908
5.32712,-1.19652
5.40518,-1.44444
5.42407,-1.62912
5.43056,-1.76756
5.41916,-1.86323
5.4038,-1.92416
5.38463,-1.95467
5.36217,-1.95979
4.24541,0.528541
3.78451,0.642239
4.46596,-1.57899
4.37976,-0.0379032
4.44701,-0.105124
4.51974,-0.178368
3.99101,0.0672386
4.6156,-0.60551
5.58896,-1.80685
5.5515,-1.7608
5.51059,-1.7099
5.46858,-1.65689
5.26431,0.169484
5.25343,0.0929094
5.24192,0.0152426
5.20264,0.0738585
5.16895,0.10789
5.14276,0.119825
5.27217,-0.774604
5.28406,-0.789405
5.29605,-0.799311
5.30721,-0.804596
5.31701,-0.805815
5.32346,-0.805799
5.32911,-0.802616
5.06541,-0.364689
5.06421,-0.353764
5.04195,-0.322942
5.02409,-0.303548
5.0107,-0.294038
5.00366,-0.288457
4.99978,-0.28739
5.00579,-0.310174
5.02539,-0.441874
4.97766,-0.408154
4.93746,-0.167751
4.94444,-0.224128
4.95136,-0.280377
4.9103,-0.231455
4.92003,-0.258641
5.82419,-1.61221
5.71771,-1.58188
5.60649,-1.54989
5.53446,-1.55412
5.46325,-1.54948
5.44433,-1.61751
5.42584,-1.686
5.40435,-1.73168
5.38211,-1.75938
5.35751,-1.76857
5.29852,-0.459696
5.37476,-0.568734
5.42891,-0.646659
5.47317,-0.708409
5.51177,-0.759195
5.42361,-0.551972
5.42619,-0.606311
5.42791,-0.656292
5.43306,-0.693074
5.43922,-0.745874
5.4435,-0.787801
5.44725,-0.82583
5.44962,-0.855258
6.99692,0.15776
7.20461,-0.222991
6.92091,0.00789204
6.63974,0.164333
5.13148,-1.16065
3.83146,-1.00583
4.27107,-1.16135
4.27507,-1.11223
4.28207,-1.07179
4.28013,-0.953561
4.283,-0.850758
4.29166,-0.762947
4.30606,-0.689164
4.32149,-0.632532
4.09271,-0.642007
4.11452,-0.613781
4.13809,-0.591301
4.16209,-0.573578
4.19339,-0.545557
4.2276,-0.5234
4.26351,-0.506762
4.3,-0.495135
4.33611,-0.487919
4.40942,-0.472606
6.51592,-0.795501
6.4242,-0.921499
6.32633,-1.02192
6.2179,-1.09949
6.13704,-1.1187
6.06166,-1.12904
5.99137,-1.13259
5.91697,-1.12558
5.41126,-0.656606
5.92098,-0.572992
5.87593,-0.619148
5.83122,-0.658327
5.80561,-0.717442
5.77853,-0.766492
5.74771,-0.808532
5.7144,-0.843558
5.67983,-0.87193
5.64959,-0.902364
5.61833,-0.924344
5.17499,-0.501734
5.21321,-0.540964
5.24765,-0.573584
5.28205,-0.600683
5.29991,-0.69915
5.31091,-0.78257
5.31262,-0.846074
5.31103,-0.899269
5.2979,-0.946299
5.26708,-0.985465
4.60401,-1.07117
4.75343,-0.821684
4.7407,-0.833932
4.72859,-0.843766
4.71771,-0.851676
4.70711,-0.857863
4.69702,-0.862619
4.68384,-0.871935
4.66515,-0.879778
4.67665,-0.884774
4.41024,-0.999618
4.4246,-1.00807
4.43715,-1.01525
4.44812,-1.02123
4.45963,-1.02526
4.47096,-1.02795
4.48165,-1.02977
4.33944,-0.617751
4.91978,0.439223
4.95865,0.359113
4.99018,0.287524
5.01735,0.223147
5.04022,0.165129
5.05952,0.112928
4.37995,-1.84889
4.40287,-1.74778
4.4501,-1.67418
4.96966,-0.43754
4.94928,-0.530751
4.92629,-0.600065
4.90101,-0.658861
4.87631,-0.708886
4.84913,-0.750525
Feature: 5.
5.62405,-2.50345
5.62405,-2.50345
5.62405,-2.50345
5.62405,-2.50345
5.62405,-2.50345
5.62405,-2.50345
5.62405,-2.50345
5.09528,-2.68043
5.11022,-2.64854
5.12572,-2.61718
5.13971,-2.59007
5.16122,-2.57781
5.18073,-2.56668
5.20105,-2.5551
5.22128,-2.54358
5.23211,-2.54097
5.25221,-2.53085
5.39765,-1.88426
5.41047,-1.93141
5.42239,-1.97648
5.42961,-2.0161
5.43381,-2.05164
5.43717,-2.08575
5.43916,-2.11805
5.43838,-2.14501
5.42253,-2.17131
5.4263,-2.19001
5.15047,-2.41029
5.19284,-2.4242
5.23305,-2.43717
5.27106,-2.44909
5.30672,-2.46
5.34014,-2.46998
5.37559,-2.48066
5.40595,-2.48933
5.43759,-2.49836
5.42467,-2.5049
6.74191,-1.10469
6.00424,-1.86488
6.00597,-1.91388
6.00581,-1.95799
6.00391,-1.99762
6.00078,-2.03328
5.99667,-2.06536
5.99191,-2.0942
5.98683,-2.12012
5.98148,-2.14347
5.93987,-2.1645
3.4777,-2.72665
3.56843,-2.63621
3.65927,-2.55838
3.74737,-2.49135
3.83297,-2.43335
3.91645,-2.38413
4.00107,-2.33875
5.68729,-2.38189
5.6233,-2.53634
5.55799,-2.66105
5.49038,-2.75536
5.42146,-2.83012
5.35158,-2.88138
5.28146,-2.91321
5.21203,-2.92948
4.96407,-2.37727
4.95157,-2.39976
2.3981,-2.46215
2.52311,-2.38058
2.6569,-2.31188
2.80067,-2.25461
2.93898,-2.20396
3.07228,-2.16028
4.80218,-1.20283
4.85012,-1.28251
4.90147,-1.37244
4.95388,-1.46735
4.99756,-1.53879
5.04218,-1.61641
5.08594,-1.69637
5.12749,-1.77574
5.14759,-1.86498
5.02304,-3.35845
4.96457,-3.4149
4.91069,-3.44214
4.86089,-3.44386
4.80192,-3.35551
4.75561,-3.32819
4.71571,-3.28824
4.6792,-3.24268
5.10653,-1.71589
5.31876,-2.84705
5.2737,-2.83887
5.22611,-2.82445
5.17792,-2.80534
5.11444,-2.81112
5.05221,-2.80757
5.00378,-2.80196
4.96127,-2.79318
4.91715,-2.77846
4.88274,-2.76008
4.36789,-1.91558
4.41571,-2.05773
4.45839,-2.18273
4.50128,-2.29554
4.52957,-2.27225
4.55728,-2.25227
4.58384,-2.23549
4.60889,-2.22168
4.63218,-2.21052
4.66037,-2.19432
4.00919,-1.03371
4.01329,-1.00801
4.0333,-1.00865
4.06824,-1.02992
4.11551,-1.06677
5.13662,-2.45962
5.35998,-2.55554
5.39005,-2.80378
5.36727,-2.98735
5.33761,-3.12379
5.29613,-3.21707
5.2547,-3.27537
5.21293,-3.3032
5.17087,-3.30568
5.33762,-1.96267
5.09623,-3.26471
3.74743,-1.4116
3.81468,-1.47882
3.88741,-1.55206
3.32642,-1.32404
4.38041,-2.37628
5.13113,-1.39139
5.12024,-1.46796
5.10874,-1.54563
5.08965,-1.48861
5.07353,-1.45575
5.0626,-1.44467
5.495,-2.76007
5.50108,-2.77552
5.50802,-2.78597
5.51481,-2.79171
5.52084,-2.79332
5.52402,-2.79364
5.52684,-2.79074
5.27693,-2.34068
5.28261,-2.32901
5.2719,-2.29687
5.26407,-2.27629
5.25939,-2.2657
5.25992,-2.25915
5.26261,-2.25721
5.26967,-2.27986
5.53608,-2.54326
6.47883,-3.33537
6.45119,-3.34805
6.42408,-3.37442
6.3967,-3.38152
6.36939,-3.37962
6.34181,-3.3626
4.90698,-1.63131
4.91397,-1.68768
4.92088,-1.74393
4.90081,-1.72239
6.83643,-2.60739
6.72994,-2.57706
6.61873,-2.54507
6.54256,-2.5535
6.46773,-2.55249
6.43792,-2.63131
6.40752,-2.71133
6.37562,-2.76688
6.34431,-2.80302
6.31181,-2.81945
5.37685,-1.91315
5.37584,-1.96736
5.37445,-2.01723
5.3779,-2.05394
5.38041,-2.10659
5.38153,-2.14837
5.38253,-2.18628
5.38252,-2.21559
7.32034,-2.04975
7.09578,-1.81416
6.86581,-1.65208
4.15226,-0.467967
3.75624,-2.26456
3.78868,-2.2385
3.82147,-2.21784
3.85348,-2.20166
3.89453,-2.17546
3.93721,-2.15483
3.98049,-2.13948
4.02337,-2.12895
4.06503,-2.12267
4.15188,-2.10954
5.9416,-2.2099
5.88964,-2.25613
5.83893,-2.29535
5.80195,-2.35447
5.76502,-2.40347
5.72566,-2.44542
5.68495,-2.48033
5.64398,-2.50857
5.60303,-2.53874
5.79064,-2.47898
4.3721,-2.33827
4.39776,-2.37195
4.42131,-2.39969
4.44627,-2.42249
4.44311,-2.51116
4.43608,-2.58594
4.42231,-2.64186
4.40746,-2.68842
5.25312,-2.2404
5.23374,-2.24418
5.21353,-2.25893
5.19492,-2.2709
5.17838,-2.28065
5.16285,-2.28842
5.14848,-2.29453
5.12685,-2.30648
5.1003,-2.31673
5.1118,-2.32172
4.92385,-2.28346
4.93276,-2.29408
4.94057,-2.30312
4.94744,-2.31069
4.95537,-2.3161
4.96359,-2.31999
4.97158,-2.32283
4.49724,-2.02984
4.52174,-2.05443
4.54022,-2.1312
4.55406,-2.19975
4.56588,-2.26139
4.57542,-2.31695
4.58316,-2.36696
3.75631,-3.59967
4.05471,-2.01823
4.12026,-1.97596
4.18715,-1.93862
4.25368,-1.90535
4.31833,-1.87557
4.25512,-3.32267
4.30172,-3.22337
4.34896,-3.14977
Feature: 6.
11.5618,-3.37384
12.024,-1.5752
12.0905,-1.3395
12.1547,-1.13558
12.2175,-0.960114
12.2809,-0.796244
14.143,0.335334
14.136,0.0812051
14.117,-0.127042
14.0889,-0.296124
14.0542,-0.432299
12.1725,-2.70838
12.2997,-2.24576
12.4233,-1.8459
12.5491,-1.50117
12.665,-1.20117
12.7735,-0.941345
12.8815,-0.810498
12.9707,-0.735023
14.6361,-1.67454
13.8478,-0.360839
13.8275,-0.413196
13.8061,-0.431553
13.7845,-0.433899
13.7629,-0.423534
14.2136,0.332329
14.1646,0.284441
14.1141,0.253642
14.0749,0.23157
14.0397,0.2184
14.0013,0.216072
13.9645,0.241591
14.7337,-0.844557
14.6587,-0.74571
14.5878,-0.650859
12.2286,0.153327
13.2508,-0.665921
13.3121,-0.585858
12.788,0.196572
12.8078,0.247843
12.8277,0.293417
12.847,0.333678
12.8653,0.369118
13.3836,-0.885531
13.3983,-0.783262
13.4192,-0.706439
13.4734,-0.599853
12.7148,-0.274363
12.7297,-0.206301
12.7452,-0.150684
12.7637,-0.106832
12.7843,-0.0733122
12.8063,-0.0486197
13.9531,0.533753
13.9907,0.248319
14.0145,0.0217566
14.0267,-0.153177
14.0295,-0.284139
14.0254,-0.396592
13.9821,-0.324273
14.4817,1.54927
14.4817,1.54927
14.4817,1.54927
13.8674,0.563594
13.908,0.592418
13.0905,-0.0200548
13.051,0.140087
13.0161,0.262284
12.988,0.350779
12.5502,-0.219507
12.5637,-0.255643
12.577,-0.284027
12.5892,-0.30531
12.6,-0.320373
12.6072,-0.33233
12.6135,-0.339499
12.7881,-0.100974
13.081,-0.193042
13.0576,-0.115315
13.0386,-0.0551769
13.0241,-0.0102701
13.0159,0.0260655
13.0109,0.0538551
13.0167,0.03537
13.0227,0.0148774
13.0436,-0.0475172
13.0678,-0.0945047
13.3491,-0.1792
13.3435,-0.240255
13.3437,-0.327994
13.3398,-0.388954
13.3327,-0.434317
13.3225,-0.458762
13.3112,-0.476053
13.3056,-0.427052
13.6057,-0.234531
13.5568,-0.158039
13.5187,-0.0977614
13.5719,-0.67887
13.4995,-0.0356703
13.4554,0.104646
13.4661,0.0517763
13.8344,-0.402617
13.7671,-0.44102
13.6998,-0.466115
13.6921,-0.623169
13.6847,-0.788032
13.6718,-0.917184
13.6564,-1.01712
13.6372,-1.08881
13.6176,-1.14279
13.6554,-1.27224
12.7541,0.361754
12.759,0.288123
12.7628,0.221397
12.769,0.175449
12.7775,0.102957
12.7837,0.0439508
12.7891,-0.0088886
12.7929,-0.0511567
12.7961,-0.0885266
12.827,-0.104148
13.123,0.0419941
11.7579,-1.54702
11.8701,-1.45871
14.6142,0.0342615
14.5576,0.0209592
14.5002,0.0079965
14.4385,-0.00530249
12.9665,-1.99486
11.7317,-1.89578
11.7427,-1.65144
11.755,-1.43902
11.7705,-1.25594
11.7899,-1.09941
11.8089,-0.97092
12.2856,-0.506526
12.3164,-0.429892
12.3499,-0.365538
12.385,-0.312273
12.4207,-0.268854
12.4559,-0.234044
12.5269,-0.151494
Feature: 7.
13.9395,3.02341
13.9882,2.77291
14.0175,2.56689
14.0314,2.39903
14.0334,2.26339
12.5049,-0.682634
12.5754,-0.276717
12.6549,0.0718122
12.7304,0.374
12.8039,0.634896
12.8969,0.76596
12.9825,0.841466
13.5248,2.81484
13.6966,3.46936
13.7642,3.21548
13.8117,3.0009
13.8422,2.82105
13.8585,2.66965
13.0848,1.3337
13.1078,1.34852
13.1313,1.36205
13.1543,1.37397
13.1763,1.38412
13.1933,1.4201
13.2512,1.42728
13.9257,0.270185
13.8507,0.369032
13.7797,0.463883
12.3263,0.156395
12.3875,0.236459
12.8946,0.570046
12.9488,0.676633
13.1337,1.1575
13.082,1.40365
13.0493,1.59318
13.0353,1.736
13.0376,1.84079
15.6425,4.1774
15.6425,4.1774
15.6425,4.1774
12.2491,0.152732
12.3613,0.241042
13.9787,1.65135
13.9221,1.63804
13.8647,1.62508
13.803,1.61178
13.422,1.21874
13.3596,1.14132
13.2999,1.08023
13.243,1.03246
13.18,1.00095
13.5492,2.24017
13.5435,2.12739
13.5334,2.03171
13.5171,1.94919
13.4961,1.87902
13.4722,1.82017
13.4594,1.73867
13.443,1.67231
13.7462,3.37877
13.8096,3.1821
13.8589,3.01357
13.8929,2.87645
13.9186,2.75967
13.9386,2.63364
13.9229,2.55794
Feature: 8.
21.5453,-1.54477
21.5344,-1.37296
21.2482,-1.38058
21.2581,-1.42091
21.2667,-1.45245
21.272,-1.47865
21.2767,-1.49813
21.4242,-1.13345
21.4143,-1.05149
21.41,-0.982948
21.4084,-0.927153
21.4147,-0.941132
21.4211,-0.957374
21.4379,-1.05485
21.4585,-1.13203
21.4763,-1.19457
21.466,-1.20892
21.2161,-1.56234
21.3263,-1.27268
21.3171,-1.43132
21.3043,-1.5542
21.2891,-1.65366
21.2715,-1.7254
21.2535,-1.78406
21.2489,-1.72867
21.2452,-1.67729
21.2376,-1.63982
22.3778,1.1246
22.4752,0.16392
21.6143,-0.695065
21.6036,-0.937589
21.592,-1.19481
21.5746,-1.40381
21.5546,-1.57276
21.531,-1.70407
21.5073,-1.80954
21.5331,-2.0671
19.9471,-2.13529
20.0412,-2.08429
Feature: 9.
20.9413,-0.104899
20.9524,-0.135839
20.9599,-0.161528
20.9665,-0.180567
21.4107,0.427391
21.3939,0.509272
21.3837,0.577728
21.3768,0.633425
21.3823,0.619429
21.3879,0.603171
21.4113,0.505816
21.4374,0.428728
21.4601,0.366248
21.4499,0.351894
21.4616,0.274764
21.4661,0.114861
21.4653,-0.00922343
21.4606,-0.109818
21.4522,-0.182607
21.4422,-0.24223
21.4364,-0.186683
21.4316,-0.135173
21.424,-0.0977069
22.1857,3.51692
22.3855,2.56226
21.5856,1.28354
21.8226,1.6711
21.8414,1.41114
21.8504,1.19949
21.8531,1.02803
21.8491,0.894391
21.8423,0.786794
21.9103,0.523441
21.1317,1.3213
21.2161,1.13845
21.277,0.996172
21.327,0.87829
21.3704,0.778528
21.1235,0.768619
21.3035,0.950368
21.3141,0.854968
21.322,0.776094
21.3289,0.706027
21.3339,0.648824
21.3381,0.598509
21.369,0.582887
22.3632,2.24549
20.1729,-0.672029
20.267,-0.621031
