PILLARS.
Pillar: 1.
-3.45612,-2.41294
-3.45612,-2.41294
-3.45612,-2.41294
-3.45612,-2.41294
-3.45612,-2.41294
-3.45612,-2.41294
-3.45612,-2.41294
-3.45612,-2.41294
-3.45612,-2.41294
-3.45612,-2.41294
-3.45612,-2.41294
-3.59895,-2.36899
-3.59895,-2.36899
-3.59895,-2.36899
-3.59895,-2.36899
-3.59895,-2.36899
-3.59895,-2.36899
-3.4914,-2.38259
-3.49324,-2.38247
-3.49472,-2.38237
-3.49593,-2.38229
-3.43895,-2.32075
-3.4411,-2.32247
-3.44287,-2.32388
-3.44433,-2.32505
-3.44555,-2.32604
-3.44659,-2.32687
-3.44748,-2.32759
-3.44825,-2.32821
-3.44891,-2.32876
-3.44949,-2.32923
-3.44288,-2.33867
-3.44288,-2.33867
-3.38425,-2.34133
-3.38569,-2.34121
-3.38695,-2.34111
-3.38807,-2.34103
-3.38907,-2.34095
-3.38996,-2.34088
-3.39077,-2.34082
-3.39149,-2.34076
-3.28138,-2.38199
-3.28138,-2.38199
-3.77406,-2.40706
-3.76654,-2.40642
-3.75985,-2.40586
-3.75387,-2.40535
-3.74851,-2.4049
-3.74367,-2.40449
-3.73929,-2.40412
-3.73532,-2.40378
-3.88774,-2.26174
-3.88774,-2.26174
-4.19511,-2.35703
-4.19056,-2.3567
-4.18639,-2.3564
-4.18255,-2.35612
-4.17901,-2.35586
-4.17574,-2.35562
-4.17271,-2.3554
-4.16989,-2.35519
-3.60875,-2.20277
-3.17736,-2.50535
-3.1691,-2.50321
-3.16112,-2.50127
-3.15342,-2.4995
-3.14597,-2.49789
-3.13875,-2.49642
-3.13176,-2.49508
-3.12497,-2.49386
-3.52808,-2.47633
-3.52699,-2.47557
-3.23654,-2.48843
-3.23787,-2.48747
-3.23908,-2.48656
-3.2402,-2.48572
-3.24122,-2.48493
-3.24217,-2.48419
-3.24304,-2.4835
-3.66092,-2.3343
-3.27213,-2.29502
-3.27281,-2.29458
-3.27347,-2.29417
-3.22003,-2.39009
-3.22044,-2.38849
-3.22088,-2.38703
-3.22134,-2.38568
-3.41127,-2.57889
-3.4112,-2.57881
-3.05996,-2.65102
-3.06207,-2.65036
-3.09905,-2.46306
-3.10575,-2.46304
-3.11182,-2.46301
-3.11735,-2.46297
-3.12239,-2.46291
-3.40985,-2.54524
-3.40974,-2.54551
-3.40963,-2.54577
-2.87537,-2.49134
-2.87379,-2.49178
-2.87224,-2.49221
-2.87072,-2.49263
-2.86923,-2.49305
-3.30146,-2.93501
-3.21063,-2.30624
-3.21015,-2.30635
-3.20968,-2.30646
-2.85358,-2.3808
-2.85301,-2.38109
-2.85246,-2.38139
-2.85191,-2.38167
-2.85138,-2.38195
-3.15057,-2.00349
-3.15035,-2.0027
-3.15014,-2.00192
-3.14993,-2.00116
-3.03858,-1.78809
-3.03847,-1.78711
-3.03836,-1.78615
-3.03826,-1.78521
-2.86221,-2.15284
-2.86118,-2.15265
-2.86017,-2.15246
-2.85918,-2.15228
-2.8582,-2.1521
-2.85723,-2.15192
Pillar: 2.
-3.34737,-0.684156
-3.34737,-0.684156
-3.34737,-0.684156
-3.34737,-0.684156
-3.34737,-0.684156
-3.34737,-0.684156
-3.34737,-0.684156
-3.34737,-0.684156
-3.34737,-0.684156
-3.34737,-0.684156
-3.34737,-0.684156
-3.20454,-0.728112
-3.20454,-0.728112
-3.20454,-0.728112
-3.20454,-0.728112
-3.20454,-0.728112
-3.20454,-0.728112
-3.10201,-0.740523
-3.10388,-0.740386
-3.10539,-0.740279
-3.10663,-0.740192
-3.1207,-0.664786
-3.12342,-0.666395
-3.12566,-0.667714
-3.12753,-0.668809
-3.1291,-0.66973
-3.13044,-0.670511
-3.13159,-0.67118
-3.13258,-0.671757
-3.13345,-0.672259
-3.13421,-0.672699
-3.26017,-0.728958
-3.26017,-0.728958
-3.13356,-0.740794
-3.13499,-0.740681
-3.13626,-0.740582
-3.13738,-0.740494
-3.13837,-0.740416
-3.13927,-0.740346
-3.14007,-0.740283
-3.14079,-0.740227
-3.38711,-0.688338
-3.38711,-0.688338
-3.65342,-0.714401
-3.64583,-0.713767
-3.63908,-0.713205
-3.63305,-0.712703
-3.62763,-0.712252
-3.62274,-0.711847
-3.61832,-0.71148
-3.61431,-0.711147
-2.89304,-0.816046
-2.89304,-0.816046
-3.30052,-0.847342
-3.29616,-0.8469
-3.29217,-0.846491
-3.28849,-0.846114
-3.28511,-0.845764
-3.28198,-0.84544
-3.27908,-0.845139
-3.27638,-0.844858
-3.26229,-0.891316
-3.02921,-1.15702
-3.02068,-1.15491
-3.01246,-1.15299
-3.00454,-1.15125
-2.9969,-1.14966
-2.98951,-1.14821
-2.98236,-1.14689
-2.97543,-1.14568
-3.72616,-0.765447
-3.72417,-0.764592
-3.45609,-0.780177
-3.45693,-0.779148
-3.4577,-0.778188
-3.4584,-0.777293
-3.45903,-0.776455
-3.45961,-0.77567
-3.46015,-0.774933
-3.38338,-1.0116
-2.97453,-0.976691
-2.97509,-0.976279
-2.97563,-0.975887
-2.99621,-1.05725
-2.99582,-1.05579
-2.99553,-1.05445
-2.99533,-1.05321
-3.52825,-0.565849
-3.52775,-0.565743
-3.38543,-0.661022
-3.38713,-0.660296
-3.18773,-0.351788
-2.98549,-0.948245
-2.98565,-0.947813
-2.9858,-0.947396
-2.98595,-0.946995
-3.12966,-0.731773
-3.12768,-0.732513
-3.12584,-0.733206
-3.12413,-0.733857
-3.31855,-0.814712
-3.31864,-0.814737
-3.24521,-0.733472
-3.30248,-0.907579
-3.30248,-0.90769
-3.30248,-0.907797
-2.90144,-1.21889
-2.89924,-1.22011
-2.89706,-1.22132
-2.8949,-1.2225
-2.89276,-1.22367
-2.96491,-1.05173
-2.96561,-1.05199
-2.96627,-1.05225
-2.96691,-1.0525
-3.10655,-1.02659
-3.10614,-1.02669
-3.10573,-1.02679
-2.81487,-1.0975
-2.81434,-1.0978
-2.81381,-1.09809
-2.8133,-1.09837
-2.8128,-1.09865
-2.96623,-0.800857
-2.96586,-0.80079
-2.9655,-0.800723
-2.96514,-0.800659
-2.96479,-0.800595
-2.96445,-0.800532
-2.96411,-0.800471
-2.96377,-0.80041
-3.27788,-0.799268
-3.27773,-0.799177
-3.27757,-0.799088
-3.27742,-0.799001
-3.27727,-0.798914
-2.85838,-0.838173
-2.85805,-0.838159
-2.85773,-0.838146
-2.85741,-0.838132
-2.8571,-0.838119
-2.85679,-0.838105
-3.04936,-0.945736
-3.04835,-0.945547
-3.04736,-0.945362
-3.04638,-0.94518
-3.04542,-0.945002
-3.04447,-0.944827
Pillar: 3.
-1.37573,-0.0846138
-1.37573,-0.0846138
-1.37573,-0.0846138
-1.37573,-0.0846138
-1.37573,-0.0846138
-1.37573,-0.0846138
-1.37573,-0.0846136
-1.37573,-0.0846135
-1.37573,-0.0846135
-1.37573,-0.0846139
-1.37573,-0.0846137
-1.58048,-0.201066
-1.58336,-0.202151
-1.58573,-0.203028
-1.58771,-0.203748
-1.58938,-0.204346
-1.5908,-0.20485
-1.59202,-0.205276
-1.59308,-0.205642
-1.594,-0.205956
-1.59481,-0.20623
-1.64885,-0.96647
-1.65029,-0.973433
-1.65159,-0.979669
-1.65276,-0.985277
-1.65381,-0.990338
-1.65476,-0.994923
-1.65563,-0.999089
-1.65642,-1.00289
-1.65714,-1.00636
-0.805485,0.0899779
-0.7967,0.0916396
-0.788259,0.0931559
-0.780139,0.0945415
-0.772314,0.0958105
-0.764764,0.0969723
-0.757471,0.0980392
-0.750416,0.0990168
-0.906192,-0.208261
-0.903902,-0.208895
-0.643339,-0.187619
-0.644014,-0.187387
-0.644624,-0.187168
-0.645175,-0.186961
-0.645678,-0.186764
-0.646135,-0.186579
-0.646553,-0.186404
-0.647819,-0.359639
-0.725261,-0.265452
-0.969063,-0.0979367
-0.546609,-0.0998179
-0.547087,-0.0996289
-0.547547,-0.09945
-0.62082,-0.0466869
-0.619818,-0.0466659
-0.618981,-0.0466217
-0.618281,-0.0465583
-0.949397,-0.288905
-0.948845,-0.289343
-0.849305,-0.117666
-0.85089,-0.117472
-0.583958,-0.104975
-1.31696,0.0762465
-0.6164,-0.0881021
-0.623044,-0.0881392
-0.629063,-0.0881609
-0.634536,-0.0881705
-0.639534,-0.0881694
-0.570426,-0.032394
-0.570519,-0.0321327
-0.570611,-0.0318813
-0.5707,-0.0316387
-0.641159,-0.0399047
-0.639382,-0.0398955
-0.63774,-0.039886
-0.636216,-0.0398768
-0.593422,0.00885123
-0.778713,-0.319339
-0.55494,-0.360945
-0.555777,-0.360416
-0.556575,-0.35991
-0.862109,-0.400492
-0.618335,-0.158888
-0.618084,-0.159065
-0.617856,-0.15923
-0.617651,-0.159383
-0.117248,-0.422763
-0.117656,-0.422322
-0.118043,-0.421897
-0.118411,-0.421487
0.165546,-0.534967
0.158451,-0.533472
0.152073,-0.532131
0.146318,-0.530924
-0.82758,0.150667
-0.827772,0.15041
-0.827959,0.150165
-0.828141,0.149933
-0.828319,0.149711
-0.0729257,-0.428387
-0.0731356,-0.428094
-0.0733338,-0.427811
-0.0735265,-0.427536
-0.0614443,-0.441012
-0.0616575,-0.440883
-0.0618657,-0.440758
-0.0620615,-0.440637
-0.0622537,-0.44052
-0.441864,-0.410551
-0.44088,-0.4102
-0.439928,-0.40986
-0.439008,-0.40953
-0.43812,-0.40921
-0.460078,-0.274124
-0.459872,-0.274128
-0.459669,-0.274131
-0.459471,-0.274134
-0.337241,-0.384632
-0.350141,-0.275255
-0.66174,0.179101
-0.784799,-0.203694
-0.784681,-0.203703
-0.784566,-0.203711
-0.784454,-0.20372
-0.784342,-0.203728
-0.784236,-0.203736
-0.78413,-0.203743
-0.784027,-0.203751
-0.710425,-0.213592
-0.71051,-0.213616
-0.590402,-0.393399
-0.784261,-0.000798315
-0.784281,-0.000858918
-0.784301,-0.00091745
-0.479012,-0.08069
-0.477067,-0.0813723
-0.475137,-0.082042
-0.473224,-0.0826992
-0.471326,-0.083344
-0.662064,-0.262642
-0.662,-0.26267
-0.661936,-0.262697
-0.510449,-0.209184
-0.511657,-0.20893
-0.512808,-0.208687
-0.513908,-0.208454
-0.591808,0.0390447
-0.592575,0.0389391
-0.593308,0.0388336
-0.59401,0.0387285
-0.822602,-0.0748824
-0.822488,-0.0751498
-0.822378,-0.0754105
-0.384792,0.0764556
-0.383618,0.0764088
-0.382467,0.0763636
-0.381339,0.0763197
-0.380234,0.0762769
-1.03324,-0.439292
-0.7553,0.00563979
-0.754941,0.00565767
-0.754589,0.00567544
-0.519308,0.0532552
-0.518798,0.0530138
-0.518301,0.0527768
-0.517814,0.0525442
-0.517338,0.0523164
0.0337457,-0.503048
0.0341244,-0.503068
0.0344961,-0.503088
0.0348617,-0.503108
0.0352213,-0.503127
0.0355745,-0.503147
0.0359221,-0.503166
0.036263,-0.503185
0.119036,-0.44866
-0.831397,-0.72802
-0.831012,-0.727526
-0.830634,-0.727043
-0.830265,-0.726571
-0.621479,-0.709652
-0.621304,-0.708815
-0.621134,-0.707995
-0.620966,-0.707191
-0.499749,-0.187337
-0.92295,-0.222689
-0.923078,-0.222713
-0.923203,-0.222737
-0.841234,0.0407153
-0.841326,0.0408148
-0.841418,0.0409132
-0.841508,0.0410107
-0.841595,0.0411057
-0.644446,-0.396257
-0.644638,-0.396341
-0.644827,-0.396423
-0.645014,-0.396504
-0.988244,0.0993901
-0.98555,0.0988031
-0.982915,0.0982406
-0.980334,0.0977015
0.112554,-0.392256
0.112713,-0.392213
0.11287,-0.39217
0.113025,-0.392127
0.11318,-0.392086
0.0917666,-0.346951
0.0920552,-0.346904
-0.778713,-0.162705
-0.77839,-0.16267
-0.778072,-0.162635
-0.77776,-0.162601
-0.777452,-0.162567
-0.777148,-0.162534
-0.668961,-0.155764
Pillar: 4.
4.73205,-0.868127
4.73205,-0.868127
4.73205,-0.868127
4.73205,-0.868127
4.73205,-0.868126
4.73205,-0.868128
4.73205,-0.868128
4.49732,-0.857285
4.49732,-0.857284
4.49732,-0.857284
4.60021,-0.846152
4.59834,-0.84583
4.59683,-0.845566
4.5956,-0.845347
4.6757,-0.854867
4.67571,-0.854867
4.67571,-0.854867
4.67571,-0.854867
5.40955,-0.807266
5.41714,-0.807008
5.42389,-0.806785
5.42992,-0.806591
5.43533,-0.80642
5.44021,-0.80627
5.44463,-0.806137
5.44864,-0.806018
5.60558,-0.715858
5.60992,-0.714287
5.6139,-0.712834
5.61756,-0.711488
5.62093,-0.710238
5.62405,-0.709075
5.62694,-0.707991
5.62962,-0.706979
5.23349,0.0133565
5.23205,0.00639318
5.23075,0.000157192
5.22958,-0.00545026
5.22853,-0.0105117
5.22758,-0.0150964
5.22671,-0.019263
5.22592,-0.0230613
5.2252,-0.0265336
4.63788,-0.53074
4.6371,-0.532006
4.63641,-0.533176
4.63577,-0.534261
4.63519,-0.53527
4.63465,-0.53621
4.63417,-0.537087
4.64269,-0.499378
4.55659,-0.598641
4.73512,-0.560658
4.74458,-0.559875
3.78731,-0.693752
3.78678,-0.693963
3.78627,-0.694164
3.73943,-0.398643
3.74022,-0.401266
3.74086,-0.4036
3.74138,-0.40569
4.5177,-0.895892
4.48663,-0.636107
4.49742,-0.63483
4.72803,-0.673258
4.72138,-0.673415
4.71534,-0.673556
4.70986,-0.673682
4.70485,-0.673796
5.09137,-0.652745
5.08828,-0.652362
5.08543,-0.652008
4.0653,-0.654655
4.06516,-0.654722
4.06502,-0.654787
4.06489,-0.65485
3.91853,-1.08219
3.92062,-1.08081
3.92256,-1.07951
3.92435,-1.07829
3.96223,-1.05094
5.13801,-0.731232
5.13587,-0.730794
5.13385,-0.730378
5.13192,-0.729983
5.13009,-0.729607
4.87021,-0.801953
4.87145,-0.801114
4.87259,-0.800321
4.87362,-0.79957
4.87458,-0.798859
4.5322,-0.54773
4.75546,-0.600946
4.75459,-0.600993
4.75377,-0.60104
4.45028,-0.591281
4.65707,-0.813115
4.6574,-0.812631
4.65771,-0.812171
4.65799,-0.811734
4.78701,-0.751447
4.78794,-0.751056
4.39614,0.0841277
4.4107,0.0896771
4.4199,-0.400748
4.4195,-0.401322
4.41912,-0.401877
4.41875,-0.402414
4.69805,-0.328444
4.69103,-0.328654
4.68472,-0.328854
4.67903,-0.329046
4.91312,-0.509937
4.91009,-0.509963
4.90079,-0.632479
4.90041,-0.632475
4.87438,-1.1057
4.87435,-1.10521
4.87432,-1.10473
4.87429,-1.10427
4.87426,-1.10383
4.46194,-0.548801
4.46172,-0.548908
4.46151,-0.549014
4.46131,-0.549117
4.47406,-0.534193
4.47384,-0.534171
4.47364,-0.534149
4.47343,-0.534129
4.47324,-0.53411
4.71711,-0.662642
4.71731,-0.662583
4.27344,-0.795835
4.27442,-0.79552
4.27537,-0.795215
4.27629,-0.794919
4.27717,-0.794632
4.42202,-0.283173
4.42223,-0.283715
4.42243,-0.284243
4.42263,-0.284757
4.32217,-0.831172
4.9606,-0.758596
4.96023,-0.758423
4.95987,-0.758255
4.95953,-0.75809
4.95919,-0.75793
4.09774,-0.862707
4.10823,-0.863802
4.1182,-0.864845
4.12769,-0.86584
4.13393,-0.86582
4.1398,-0.865782
4.59778,-0.638679
4.57526,0.124029
4.93706,-0.747468
4.56517,-1.0694
4.57575,-0.582956
4.57587,-0.583055
4.57597,-0.583151
4.57608,-0.583245
4.57618,-0.583337
4.57629,-0.583427
4.57639,-0.583515
4.57648,-0.583601
4.62587,-0.566191
4.62594,-0.566288
4.63233,-0.808135
4.63185,-0.807729
4.63142,-0.807336
4.63102,-0.806959
4.63065,-0.806595
4.63031,-0.806243
4.63,-0.805903
4.58546,-0.687844
4.58557,-0.687807
4.58567,-0.687771
4.99921,-0.655637
4.99836,-0.655728
4.99754,-0.655816
4.99674,-0.655902
4.99596,-0.655986
4.9952,-0.656068
4.99941,-0.43237
4.99857,-0.432664
4.99774,-0.432952
4.99694,-0.433233
4.99615,-0.433509
4.99539,-0.433779
4.99464,-0.434044
4.99391,-0.434303
4.78415,-0.452027
4.78381,-0.452225
4.78349,-0.452419
4.78317,-0.452609
4.78286,-0.452796
4.78256,-0.452979
4.71258,-0.458615
4.84717,-0.815405
4.84696,-0.815135
4.84676,-0.81487
4.84655,-0.81461
4.63679,-0.790968
4.6369,-0.790752
4.63701,-0.79054
4.63711,-0.790332
4.53137,-0.62356
4.53136,-0.623515
4.53135,-0.623471
4.87156,-0.203849
4.87353,-0.203336
4.87548,-0.202825
4.87742,-0.202318
4.87935,-0.201813
4.69253,-0.536694
4.6926,-0.536758
4.69266,-0.536822
4.83662,-0.603755
4.8354,-0.603703
4.83423,-0.603653
4.83312,-0.603605
4.8988,-0.574293
4.89769,-0.574205
4.6478,-0.561616
3.74266,-0.837535
3.74398,-0.836927
3.74527,-0.836331
3.74654,-0.835748
3.74778,-0.835176
4.81242,-0.6324
4.81331,-0.632431
4.35671,-0.753432
4.35711,-0.753149
4.3575,-0.752871
4.62475,-0.444203
4.62527,-0.444322
4.62578,-0.44444
4.62628,-0.444555
4.62677,-0.444669
4.33942,-0.493823
4.3398,-0.493968
4.34018,-0.494112
4.34054,-0.494253
4.3409,-0.494392
4.34125,-0.494529
4.3416,-0.494665
4.34194,-0.494797
4.42433,-0.50684
4.8255,-0.622583
4.82542,-0.622586
4.54725,-0.518563
4.54767,-0.518763
4.54807,-0.518958
4.54847,-0.519152
4.75599,-0.947651
4.75615,-0.947133
4.7563,-0.946624
4.75646,-0.946125
4.85736,-0.711941
5.0007,-1.11369
5.00037,-1.1132
4.91276,-0.651357
4.91263,-0.651332
4.91251,-0.651306
4.93398,-0.900634
4.93389,-0.900497
4.93381,-0.900361
4.93373,-0.900227
4.93364,-0.900095
4.90636,-0.699143
4.90627,-0.699114
5.17054,-0.536422
5.17035,-0.536462
5.17016,-0.536501
5.16997,-0.536541
4.70961,-1.07031
4.71258,-1.06953
4.71549,-1.06876
4.71833,-1.06802
4.66646,-0.847463
4.66972,-0.847749
4.11145,-0.671499
4.1116,-0.67151
4.11175,-0.671521
4.11191,-0.671533
4.11206,-0.671543
4.08704,-0.673938
4.08732,-0.673952
4.51632,-0.724228
4.51642,-0.724183
4.51652,-0.724138
4.29083,-0.84275
4.29116,-0.842663
4.29148,-0.842577
4.2918,-0.842492
4.29211,-0.842408
4.29242,-0.842325
4.39912,-0.846625
4.72554,-0.741211
4.72551,-0.741163
4.72548,-0.741115
4.72545,-0.741068
4.72542,-0.741022
4.72539,-0.740976
4.02255,-0.766239
4.02356,-0.765936
4.02455,-0.765638
4.02552,-0.765346
4.02648,-0.765058
4.02742,-0.764776
Pillar: 5.
5.38614,-2.20404
5.38614,-2.20404
5.38614,-2.20404
5.38614,-2.20404
5.38614,-2.20404
5.38614,-2.20404
5.38614,-2.20404
5.02087,-2.21181
5.02087,-2.21181
5.02087,-2.21181
5.1279,-2.19907
5.12606,-2.19874
5.12457,-2.19847
5.12336,-2.19824
5.20106,-2.2087
5.20106,-2.2087
5.20106,-2.2087
5.20106,-2.2087
5.04096,-2.19068
5.03953,-2.19056
5.03827,-2.19046
5.03715,-2.19038
5.03615,-2.1903
5.03526,-2.19023
5.03446,-2.19017
5.03373,-2.19011
4.81299,-2.30534
4.81171,-2.30666
4.81054,-2.30787
4.80947,-2.309
4.80849,-2.31005
4.80757,-2.31103
4.80673,-2.31194
4.88592,-2.26593
4.73504,-2.37291
4.89252,-2.33692
4.90187,-2.33614
4.47418,-2.23928
4.47215,-2.24021
4.4735,-2.63625
4.35418,-2.37198
4.36507,-2.37071
4.60375,-2.1718
4.60161,-2.17136
4.59959,-2.17095
4.59766,-2.17055
4.59583,-2.17018
4.31419,-2.23427
4.31544,-2.23343
4.31657,-2.23263
4.31761,-2.23188
4.31856,-2.23117
4.44133,-2.14707
4.4403,-2.14708
4.43932,-2.14709
4.1505,-2.14025
4.22309,-2.32996
4.22361,-2.32953
4.2241,-2.32912
4.22455,-2.32874
4.32882,-2.26116
4.32976,-2.26077
4.26644,-2.28168
4.26561,-2.28222
4.26482,-2.28275
4.26407,-2.28325
4.62121,-2.21407
4.61348,-2.21425
4.60653,-2.21442
4.60026,-2.21459
4.88373,-2.39689
4.8804,-2.39692
4.60491,-2.24517
4.60453,-2.24516
4.35176,-2.51617
4.35191,-2.51575
4.35206,-2.51534
4.35221,-2.51494
4.35234,-2.51456
4.19847,-2.15031
4.19811,-2.15039
4.19776,-2.15047
4.19743,-2.15056
4.22022,-2.13725
4.21996,-2.13722
4.21972,-2.1372
4.21948,-2.13717
4.21925,-2.13715
4.49882,-2.27093
4.49901,-2.27087
3.55121,-2.068
3.55218,-2.06768
3.55312,-2.06737
3.55403,-2.06707
3.55491,-2.06678
4.55913,-2.5732
4.55908,-2.57375
4.55904,-2.5743
4.55899,-2.57482
3.8275,-2.24442
4.34954,-2.13656
4.34918,-2.13639
4.34882,-2.13622
4.34847,-2.13605
4.34813,-2.13589
3.36984,-2.16885
3.37631,-2.16896
3.38239,-2.16905
4.19082,-2.11745
4.30778,-2.14617
4.66291,-2.34822
4.66299,-2.34832
4.66307,-2.34842
4.66315,-2.34852
4.66323,-2.34861
4.6633,-2.3487
4.66338,-2.34879
4.66345,-2.34888
4.61948,-2.3336
4.61955,-2.33369
4.45684,-2.16859
4.45592,-2.16813
4.45507,-2.16768
4.45427,-2.16725
4.45353,-2.16684
4.45284,-2.16644
4.45219,-2.16606
4.65218,-2.21402
4.65228,-2.21398
4.65238,-2.21395
4.84326,-2.17529
4.84243,-2.17538
4.84162,-2.17547
4.84083,-2.17556
4.84006,-2.17564
4.83931,-2.17573
4.94111,-2.37377
4.94033,-2.37406
4.93956,-2.37435
4.93881,-2.37463
4.93808,-2.37491
4.93737,-2.37518
4.93667,-2.37545
4.93599,-2.37571
4.85191,-2.38206
4.8516,-2.38226
4.85131,-2.38245
4.85102,-2.38264
4.85074,-2.38282
4.85046,-2.38301
4.78375,-2.38853
5.44592,-2.37105
5.44019,-2.36917
5.43494,-2.36743
5.43011,-2.36583
5.42564,-2.36434
5.0691,-1.93725
5.07069,-1.9384
5.07217,-1.93949
5.07354,-1.94053
5.07482,-1.94153
5.58167,-2.19532
5.57628,-2.19481
5.57114,-2.19431
4.46432,-2.15224
4.89393,-2.3912
4.89395,-2.39115
4.89398,-2.3911
5.39776,-1.92986
5.40012,-1.92923
5.40245,-1.92861
5.40477,-1.92798
5.40706,-1.92736
4.58775,-2.3041
4.5878,-2.30416
4.58785,-2.30423
4.69206,-2.36835
4.69077,-2.3683
4.68954,-2.36824
4.68837,-2.36819
4.74325,-2.33796
4.74204,-2.33786
4.62266,-2.33195
4.01868,-2.11956
4.01901,-2.11969
4.01934,-2.11983
4.01966,-2.11996
4.01997,-2.12009
4.02028,-2.12022
4.02059,-2.12034
4.02088,-2.12047
4.07818,-2.12735
4.50146,-2.24766
4.50137,-2.24766
4.63466,-2.23804
4.63455,-2.23802
4.63444,-2.238
4.51712,-2.45663
4.51704,-2.4565
4.51697,-2.45637
4.51689,-2.45624
4.51682,-2.45611
4.41905,-2.23454
4.41896,-2.23451
4.09465,-2.18274
4.09447,-2.18278
4.0943,-2.18283
4.09412,-2.18288
4.48209,-2.09034
4.48223,-2.09036
4.48236,-2.09038
4.48249,-2.09039
4.48263,-2.09041
4.44071,-2.09711
4.44097,-2.09713
4.79275,-2.1644
4.79285,-2.16435
4.79294,-2.16431
4.77967,-2.10893
4.78002,-2.10884
4.78035,-2.10875
4.78069,-2.10866
4.78101,-2.10857
4.78133,-2.10848
4.88526,-2.11385
4.5805,-2.14766
4.58047,-2.14761
4.58044,-2.14756
4.58041,-2.14751
4.58039,-2.14747
4.58036,-2.14742
Pillar: 6.
11.9387,-0.816233
11.9464,-0.816797
11.9539,-0.817274
11.9611,-0.817671
11.968,-0.818
12.7375,-0.441376
12.737,-0.444234
12.7365,-0.4469
12.736,-0.449393
12.7346,-0.0885457
12.6581,-0.48411
12.8374,-0.54215
12.8469,-0.541873
12.5307,-0.749062
12.5313,-0.757014
12.5317,-0.764144
12.5321,-0.770576
13.5756,-0.253896
13.5654,-0.454519
13.5762,-0.45276
11.8561,-0.611982
11.8494,-0.612298
11.8434,-0.612597
11.8379,-0.612879
11.8329,-0.613146
12.2191,-0.559923
12.216,-0.559541
12.2131,-0.559187
12.8067,-0.367204
12.8086,-0.363149
12.8103,-0.359343
12.8119,-0.355765
12.8531,-0.370103
13.0409,-0.416902
13.0421,-0.416045
13.0432,-0.415243
13.0443,-0.414494
13.0452,-0.413792
13.4693,-0.511396
12.9547,-0.340701
12.955,-0.339178
12.9552,-0.337736
12.9555,-0.336368
13.0912,-0.411841
13.0921,-0.411403
12.8099,-0.476887
12.805,-0.477975
12.8008,-0.478905
12.7972,-0.47971
13.4477,-0.736555
13.4621,-0.732909
12.5537,-0.4197
12.5467,-0.422866
12.5403,-0.425737
12.5346,-0.428352
12.7686,-0.403589
12.7656,-0.404849
12.9045,-0.419927
12.9018,-0.420998
12.8994,-0.42198
12.8971,-0.422881
12.9058,-0.141049
12.9057,-0.139501
12.9055,-0.138011
12.9054,-0.136574
12.9053,-0.135188
12.6675,-0.489104
12.6673,-0.489275
12.6671,-0.48944
12.6669,-0.489601
12.6667,-0.489758
12.9076,-0.436198
12.9078,-0.436139
13.9145,-0.326804
13.9155,-0.326562
13.9165,-0.326329
13.9174,-0.326103
13.9183,-0.325884
13.9656,-0.283244
13.6739,-0.452399
13.6842,-0.449788
13.694,-0.447309
13.7033,-0.444952
13.7095,-0.443288
13.7153,-0.441725
13.2042,-0.124774
13.2039,-0.127152
13.2037,-0.12939
13.2035,-0.131497
13.2033,-0.133485
13.2031,-0.135364
13.203,-0.13714
12.2931,-0.507087
12.2922,-0.50712
12.2914,-0.507151
12.2906,-0.507182
12.2898,-0.507211
12.289,-0.507239
12.1808,-0.533081
12.1799,-0.533163
12.1791,-0.533243
12.1783,-0.533321
12.1775,-0.533395
12.1768,-0.533468
12.176,-0.533539
12.1753,-0.533608
12.4671,-0.510112
12.4667,-0.510195
12.4664,-0.510276
12.4661,-0.510355
12.4658,-0.510432
12.4655,-0.510508
12.3956,-0.503125
12.4704,-0.433023
12.4784,-0.432333
12.4855,-0.431802
12.3425,-0.0986437
12.338,-0.100323
12.3338,-0.101891
12.33,-0.103357
12.3265,-0.104732
12.5406,-0.425777
12.5432,-0.42545
12.618,-0.258578
12.6178,-0.258308
12.6176,-0.258043
12.6174,-0.257783
12.8267,-0.280914
12.8268,-0.280698
12.8269,-0.280486
12.827,-0.280278
12.1617,-0.990922
12.1629,-0.988954
12.1639,-0.987096
12.1649,-0.98534
12.1659,-0.983677
12.4038,-1.04564
12.4076,-1.03875
12.6213,-0.275314
12.6167,-0.277589
12.6123,-0.279765
13.4703,-0.332288
13.4657,-0.33368
12.7353,-0.356427
12.7341,-0.356672
12.733,-0.356907
12.7318,-0.357133
12.7989,-0.376213
12.7978,-0.376549
12.5118,0.218234
12.9403,-0.383133
12.939,-0.383505
12.9378,-0.383863
12.6059,-0.61228
12.6051,-0.611531
12.6044,-0.610809
12.6038,-0.610112
12.9182,-0.998558
12.9189,-1.00214
11.5905,-0.663372
11.591,-0.663326
11.5916,-0.663281
11.5921,-0.663239
11.5926,-0.663198
12.1768,-0.259166
12.177,-0.259087
12.1772,-0.259008
12.1774,-0.25893
12.3043,-0.420414
12.3653,0.028704
12.3649,0.0291951
12.6984,-0.24356
12.6983,-0.243371
12.6982,-0.243185
12.6981,-0.243001
12.6981,-0.242821
12.6927,-0.396461
12.6926,-0.396413
13.5551,-0.485855
13.558,-0.482953
13.5607,-0.480129
13.5634,-0.477381
13.5261,-0.545848
13.5293,-0.543787
Pillar: 7.
13.7093,-1.66619
13.7105,-1.66533
13.7116,-1.66453
13.7127,-1.66378
13.7136,-1.66308
13.6486,-1.52157
13.649,-1.51996
13.6494,-1.51843
13.6497,-1.51699
13.766,-1.60365
13.767,-1.60321
13.5396,-1.63592
13.5347,-1.63701
13.5305,-1.63794
13.5269,-1.63874
14.4384,-1.47774
14.4527,-1.4743
12.9664,-1.72347
12.9588,-1.72679
12.952,-1.7298
12.9459,-1.73254
13.2139,-1.69656
13.2107,-1.69789
13.3451,-1.71449
13.3425,-1.71556
13.34,-1.71655
13.3378,-1.71745
14.5365,-1.51613
14.5472,-1.51318
14.5574,-1.51038
14.5672,-1.50773
14.5735,-1.50591
14.5795,-1.50421
13.5421,-1.87643
13.5413,-1.87892
13.5405,-1.88126
13.5398,-1.88346
13.5391,-1.88555
13.5385,-1.88751
13.5379,-1.88937
12.8528,-1.89956
12.8475,-1.90193
12.8425,-1.90419
13.4536,-1.93854
13.4496,-1.93994
13.2217,-1.70738
13.2205,-1.70764
13.2193,-1.7079
13.2181,-1.70814
13.2769,-1.73017
13.2757,-1.73053
13.3706,-1.75298
13.3693,-1.75336
13.3681,-1.75371
13.2611,-1.55437
13.2605,-1.55358
13.2598,-1.55282
13.2592,-1.55208
14.2117,-1.28885
14.2147,-1.28579
14.2176,-1.28282
14.2205,-1.27992
14.1567,-1.36941
14.1601,-1.36718
Pillar: 8.
20.253,-1.81593
20.2522,-1.8159
20.2515,-1.81587
20.1801,-2.38294
20.1794,-2.38279
20.1787,-2.38264
20.1781,-2.3825
20.2788,-2.22355
20.2785,-2.22351
20.2782,-2.22348
20.2112,-2.20285
20.2681,-2.21329
20.2757,-2.21432
20.2825,-2.21523
20.148,-2.20636
20.148,-2.20636
20.148,-2.20636
19.8354,-2.30823
19.8297,-2.31377
19.8245,-2.31893
19.8197,-2.32373
19.8152,-2.32821
20.1413,-2.22992
20.1437,-2.23026
20.025,-2.22272
20.025,-2.22272
20.025,-2.22272
19.8221,-2.09431
19.8182,-2.09303
20.1058,-2.16042
20.1058,-2.16027
Pillar: 9.
19.868,-0.493753
19.8673,-0.493725
19.8665,-0.493698
19.95,-0.915399
19.9493,-0.915257
19.9486,-0.915119
19.9478,-0.914981
20.336,-0.705269
20.3357,-0.705235
20.3354,-0.7052
20.2658,-0.68448
20.3384,-0.695562
20.3463,-0.696604
20.3533,-0.697525
20.213,-0.688397
20.213,-0.688397
20.213,-0.688397
20.1163,-0.826111
20.1114,-0.831805
20.1069,-0.837093
20.1027,-0.84202
20.0989,-0.846623
20.3422,-0.73486
20.3448,-0.735222
20.2571,-0.732185
20.2571,-0.732185
20.2571,-0.732185
20.3119,-0.498583
20.3129,-0.493039
20.3138,-0.487792
20.3146,-0.482818
20.3153,-0.478096
20.514,-0.100801
20.5178,-0.0939135
19.9334,-0.646485
19.9289,-0.645158
20.1838,-0.710416
20.1838,-0.710267
FEATURES.
Feature: 1.
-3.45612,-2.41294
-3.45612,-2.41294
-3.45612,-2.41294
-3.45612,-2.41294
-3.45612,-2.41294
-3.45612,-2.41294
-3.45612,-2.41294
-3.45612,-2.41294
-3.45612,-2.41294
-3.44825,-2.42416
-3.44783,-2.42241
-3.82592,-2.59837
-3.81029,-2.58249
-3.79438,-2.56634
-3.77739,-2.5491
-3.76273,-2.53423
-3.74956,-2.52087
-3.73754,-2.50869
-3.71645,-2.49794
-3.6987,-2.48894
-3.68292,-2.48088
-3.8947,-2.46735
-3.88241,-2.48697
-3.86985,-2.49934
-3.857,-2.507
-3.84333,-2.51088
-3.83024,-2.5067
-3.81517,-2.50518
-3.7999,-2.50277
-3.78421,-2.49914
-3.76763,-2.49163
-3.25289,-1.9983
-3.26451,-2.02307
-3.27634,-2.04793
-3.26849,-2.05843
-3.26302,-2.07024
-3.25993,-2.08282
-3.25776,-2.09912
-3.25835,-2.11304
-3.26156,-2.12508
-3.26515,-2.13777
-3.25769,-2.66179
-3.26012,-2.64259
-3.26254,-2.62302
-3.24809,-2.56987
-3.24206,-2.52678
-3.23731,-2.49244
-3.24029,-2.46385
-3.2481,-2.43986
-3.2596,-2.42065
-3.27303,-2.40602
-3.77229,-2.25042
-3.78027,-2.25081
-3.78841,-2.25124
-3.85069,-2.27855
-3.90423,-2.30207
-3.94992,-2.32195
-3.99589,-2.33789
-4.03006,-2.35152
-4.05738,-2.36287
-4.07999,-2.37215
-3.47803,-1.4673
-3.48718,-1.51797
-3.50982,-1.59203
-3.52739,-1.66271
-3.53785,-1.73008
-3.5406,-1.7939
-3.53604,-1.85388
-3.52512,-1.9098
-3.50904,-1.96158
-4.50167,-0.269107
-4.52717,-0.456845
-4.53234,-0.62846
-4.5043,-0.785567
-4.46195,-0.92412
-4.41216,-1.04647
-4.35677,-1.15429
-4.29191,-1.25389
-4.22838,-1.34085
-0.755944,-4.17292
-0.972451,-4.14243
-1.1426,-4.0923
-1.30343,-4.02833
-1.45272,-3.95626
-1.60209,-3.86754
-1.74576,-3.77175
-1.88196,-3.67205
-2.59633,-2.75638
-2.62535,-2.76026
-2.65327,-2.76939
-2.67755,-2.7676
-3.21937,-2.40028
-3.20806,-2.40275
-3.19606,-2.40644
-3.18621,-2.40994
-3.17799,-2.41338
-3.59873,-2.06288
-3.574,-2.09205
-3.54807,-2.12428
-3.52248,-2.15813
-3.47547,-2.16525
-3.42628,-2.17204
-3.38366,-2.1804
-3.3447,-2.1893
-2.00275,-3.76149
-2.09777,-3.73883
-2.18523,-3.67657
-2.27,-3.60851
-2.352,-3.53547
-2.41439,-3.44283
-2.47206,-3.35137
-2.52444,-3.26299
-2.56265,-3.19645
-1.45367,-2.80611
-1.56635,-2.79713
-1.67842,-2.78202
-1.78517,-2.76294
-1.88642,-2.73954
-1.9596,-2.71462
-2.03369,-2.68468
-2.10578,-2.64727
-2.27784,-1.83855
-2.31642,-1.8563
-2.35816,-1.87765
-2.3966,-1.89691
-2.43184,-1.91465
-2.46417,-1.93111
Feature: 2.
-3.34737,-0.684156
-3.34737,-0.684156
-3.34737,-0.684156
-3.34737,-0.684156
-3.34737,-0.684156
-3.34737,-0.684156
-3.34737,-0.684156
-3.34737,-0.684156
-3.34737,-0.684156
-3.34513,-0.695035
-3.34397,-0.693321
-3.43151,-0.957499
-3.41587,-0.941621
-3.39996,-0.925471
-3.38298,-0.908231
-3.36831,-0.893358
-3.35514,-0.880001
-3.34312,-0.867821
-3.32269,-0.856911
-3.30552,-0.847765
-3.29025,-0.839585
-3.43343,-0.845402
-3.43981,-0.859822
-3.44359,-0.86784
-3.44501,-0.871834
-3.44381,-0.872627
-3.44082,-0.866011
-3.43536,-0.862244
-3.42849,-0.857915
-3.42012,-0.852653
-3.40993,-0.84374
-3.07018,-0.38859
-3.0818,-0.413363
-3.09363,-0.438219
-3.0768,-0.449765
-3.06353,-0.46252
-3.05369,-0.475951
-3.04564,-0.493014
-3.04114,-0.507623
-3.03944,-0.520328
-3.03926,-0.533547
-3.36342,-0.968135
-3.36586,-0.948933
-3.36827,-0.929366
-3.32402,-0.874618
-3.29207,-0.830563
-3.26481,-0.79571
-3.24823,-0.76691
-3.23905,-0.742932
-3.2358,-0.723859
-3.23641,-0.70946
-2.77759,-0.804728
-2.78557,-0.805118
-2.79371,-0.805545
-2.86893,-0.824036
-2.93379,-0.839981
-2.98938,-0.853341
-3.04401,-0.863649
-3.08573,-0.87243
-3.11965,-0.879581
-3.14804,-0.88524
-3.13157,-0.155847
-3.14072,-0.206517
-3.18914,-0.274035
-3.22917,-0.339451
-3.25916,-0.402573
-3.27889,-0.462944
-3.28909,-0.520104
-3.29098,-0.573717
-3.28602,-0.6236
-4.23303,1.43212
-4.31964,1.25291
-4.37797,1.08691
-4.39917,0.933527
-4.39958,0.797056
-4.38688,0.675646
-4.36365,0.568003
-4.32666,0.468064
-4.28727,0.380449
-0.903763,-2.82953
-1.06414,-2.79403
-1.18272,-2.74139
-1.29871,-2.67683
-1.40906,-2.60546
-1.53457,-2.51773
-1.65744,-2.42314
-1.7755,-2.32474
-3.09395,-0.802311
-3.07357,-0.794268
-3.05903,-0.7942
-3.07276,-0.790274
-4.83746,2.42079
-2.41281,-1.69216
-2.42864,-1.66279
-2.44603,-1.63368
-2.46554,-1.60454
-2.48731,-1.57395
-2.49372,-1.55363
-2.50558,-1.53034
-2.52295,-1.50273
-2.44226,-0.857949
-2.50252,-0.852887
-2.56902,-0.847475
-2.62079,-0.891838
-2.72115,-0.808502
-2.79923,-0.767285
-2.87694,-0.730873
-2.94828,-0.686541
-3.00918,-0.656559
-3.05801,-0.63998
-3.09463,-0.635022
-3.10189,0.67344
-3.13828,0.568357
-3.16294,0.462384
-3.17597,0.356926
-2.17106,-2.45704
-2.23515,-2.39366
-2.29963,-2.32498
-2.36401,-2.25165
-2.41972,-2.15896
-2.4716,-2.06749
-2.51894,-1.97913
-2.55279,-1.91261
-3.23468,-0.605533
-3.212,-0.61493
-3.19002,-0.624502
-3.16687,-0.635119
-3.14369,-0.646371
-3.12136,-0.657897
-3.10046,-0.669396
-3.08131,-0.680632
-3.0534,-0.905821
-3.07409,-0.919958
-3.0964,-0.927502
-3.12016,-0.931415
-3.14651,-0.927838
-2.85124,-0.980081
-2.85634,-0.981414
-2.86131,-0.979621
-2.86696,-0.973726
-2.87255,-0.965213
-2.87757,-0.955253
-2.50158,-0.637687
-2.53535,-0.654548
-2.57291,-0.675148
-2.60773,-0.693766
-2.63982,-0.710955
-2.66941,-0.726953
Feature: 3.
-1.37573,-0.0846138
-1.37573,-0.0846138
-1.37573,-0.0846138
-1.37573,-0.0846138
-1.37573,-0.0846138
-1.37573,-0.0846138
-1.37573,-0.0846138
-1.37573,-0.0846138
-1.37573,-0.0846138
-1.37544,-0.0890858
-1.37402,-0.0882159
-1.85867,-0.517598
-1.86892,-0.513943
-1.87624,-0.506234
-1.88089,-0.496544
-1.88259,-0.485429
-1.88202,-0.469202
-1.87891,-0.456315
-1.87413,-0.444046
-1.86762,-0.43187
-1.85907,-0.416937
-1.93093,-1.12095
-1.91144,-1.11034
-1.89171,-1.10007
-1.87296,-1.09073
-1.85328,-1.08137
-1.83361,-1.07246
-1.81464,-1.0643
-1.79683,-1.05705
-1.78046,-1.05079
-0.756658,0.696922
-0.823257,0.675989
-0.879778,0.65066
-0.924617,0.622056
-0.957632,0.591425
-0.979645,0.559902
-0.992008,0.528402
-0.996285,0.497601
-1.36702,1.21156
-1.44756,1.13516
-1.50362,1.05834
-1.52518,0.98736
-1.52781,0.922298
-1.51849,0.862728
-1.49925,0.808614
-1.46652,0.754997
-1.43144,0.707458
-1.39245,0.663456
-1.36754,0.611577
1.1064,-1.20997
1.01178,-1.25968
0.950293,-1.28744
0.881361,-1.29445
0.809941,-1.28647
0.707386,-1.23814
0.603979,-1.17827
0.502468,-1.11042
-0.614818,-0.0400446
-0.576002,-0.0947375
-0.546974,-0.148631
-0.5573,-0.158117
-2.22737,2.25361
-2.18069,2.11763
-0.758249,-0.00301799
-0.744089,-0.00841898
-0.729606,-0.0146527
-0.717603,-0.0203853
-0.707503,-0.0257648
-0.124337,-0.494565
-0.121574,-0.501427
-0.123266,-0.504034
-0.129492,-0.502618
-0.139996,-0.49625
-0.124309,-0.525421
-0.117873,-0.54537
-0.120024,-0.555479
-0.12947,-0.556228
0.167289,-0.585142
0.0993051,-0.569612
0.0447352,-0.556328
-0.0115419,-0.542185
-0.0671866,-0.527735
-0.140271,-0.51501
-0.154176,-0.535778
-0.170152,-0.546939
-0.189579,-0.55225
-0.194993,-1.03825
-0.161061,-1.05976
-0.125491,-1.07534
-0.0915333,-1.08284
-0.0611666,-1.08156
-0.0210534,-1.05095
0.0143246,-1.01879
0.0373652,-0.993616
-1.19813,2.14446
-1.24435,2.07096
-1.27479,1.98377
-1.2899,1.88591
-1.29141,1.78093
0.562525,-1.26462
0.548705,-1.3071
0.53131,-1.3339
0.510011,-1.34313
0.487168,-1.34072
0.461957,-1.32222
0.435365,-1.29364
0.407874,-1.2569
0.379983,-1.21411
-0.766177,1.05403
-0.763535,0.973101
-0.757035,0.889178
-0.746272,0.79712
-0.735014,0.715042
-1.28115,1.79943
-1.33324,1.76793
-1.36149,1.72181
-1.36674,1.66135
-0.964166,1.2932
-1.0292,1.29605
-0.643272,0.131042
-0.644896,0.134407
-0.739484,0.206614
-0.824604,0.265641
-0.896321,0.310157
-0.945969,0.330239
-0.981346,0.33795
-1.00909,0.340182
-1.02528,0.338067
0.165868,-0.256828
0.105605,-0.251767
0.039103,-0.246354
-0.00503327,-0.324834
-0.115666,-0.196028
-0.203307,-0.115476
-0.289803,-0.0450271
-0.378142,0.0605077
-0.455009,0.143364
-0.518607,0.205646
-0.568728,0.250138
-1.63485,1.02358
-1.65677,0.982125
-1.6592,0.938726
-1.64755,0.894055
-1.60158,0.850641
-1.55066,0.807852
-1.48783,0.763513
-0.585091,1.3714
-0.636792,1.31933
-0.675655,1.25913
-0.701695,1.19322
-1.01148,0.407484
-0.986755,0.378312
-0.960825,0.346079
-0.935235,0.312226
-0.900743,0.318156
-0.862538,0.322708
-0.829534,0.3242
-0.799013,0.323874
0.0862889,-1.11397
0.0154778,-1.11059
-0.0244442,-1.08728
-0.068545,-1.05371
-0.11569,-1.01112
-0.164969,-0.930148
-0.21132,-0.848879
-0.253902,-0.769382
-0.283655,-0.710569
-0.234809,-0.306667
-0.21211,-0.316203
-0.190115,-0.325908
-0.166952,-0.336651
-0.143768,-0.348024
-0.121427,-0.359666
-0.10051,-0.371276
-0.0813555,-0.382619
-0.0641137,-0.393521
0.723215,-1.30059
0.630622,-1.32107
0.535693,-1.33181
0.443605,-1.33535
0.354916,-1.33176
0.307529,-1.34878
0.255212,-1.35565
0.203597,-1.35413
0.150417,-1.34299
-0.501739,-0.562182
-0.508778,-0.569489
-0.519365,-0.572614
-0.532658,-0.57181
-0.515959,-0.582757
-0.508878,-0.583071
-0.50553,-0.576799
-0.50622,-0.563726
-1.01374,-0.0391721
-0.986597,-0.0673614
-0.957177,-0.0979794
-0.927076,-0.129251
-0.897529,-0.159805
-0.847336,-0.243866
-0.820638,-0.288225
-0.799179,-0.323742
0.357154,-1.07561
0.339395,-1.01366
0.318267,-0.955114
0.294481,-0.901639
0.267341,-0.84825
0.246351,-0.804937
0.228026,-0.76433
-0.733813,-0.434394
-0.743426,-0.418495
-0.752429,-0.401769
-0.76167,-0.382929
-0.770437,-0.363192
-0.778275,-0.343497
-0.784943,-0.324509
Feature: 4.
4.73205,-0.868127
4.73205,-0.868127
4.73205,-0.868127
4.73205,-0.868127
4.73205,-0.868127
4.73484,-0.852739
4.73594,-0.854486
4.31888,-1.0374
4.33354,-1.02253
4.34672,-1.00917
4.35873,-0.996993
4.37922,-0.982981
4.39643,-0.971117
4.41174,-0.960557
4.42568,-0.950979
4.44841,-0.942141
4.46742,-0.93476
4.48429,-0.928213
5.62642,0.184887
5.68889,0.0812409
5.73439,-0.0125177
5.77171,-0.0975182
5.79573,-0.172919
5.81041,-0.239513
5.81769,-0.299151
5.82003,-0.353148
6.10087,-1.27702
6.02951,-1.21612
5.96742,-1.16296
5.91381,-1.11617
5.86057,-1.07412
5.81981,-1.03731
5.78653,-1.00477
5.75857,-0.97586
4.95141,-0.14112
4.9709,-0.130518
4.99062,-0.120246
5.00938,-0.110905
5.02906,-0.101547
5.04873,-0.0926339
5.0677,-0.0844715
5.08551,-0.0772264
5.10188,-0.0709613
3.57902,-0.416707
3.59765,-0.341375
3.62646,-0.278709
3.66047,-0.226959
3.69915,-0.184177
3.74726,-0.153542
3.79457,-0.127883
3.84332,-0.108337
3.87978,-0.0773672
3.93141,-0.0803894
3.99436,-0.0796234
5.33463,-0.589873
5.29557,-0.783235
5.24097,-0.934673
5.17811,-1.05248
5.079,-1.08135
4.97749,-1.08889
4.87679,-1.07991
3.08541,-0.57615
3.09672,-0.471909
3.13331,-0.386659
4.59125,-0.539934
4.60476,-0.551694
4.61868,-0.563465
4.63019,-0.574019
4.63985,-0.5836
4.6479,-0.592271
4.68843,-0.590073
4.72225,-0.588883
4.55252,-0.559002
4.55368,-0.639597
4.54966,-0.706236
4.54069,-0.760426
4.52727,-0.802349
4.53551,-0.929379
4.53383,-1.03397
4.52341,-1.11726
4.50588,-1.18127
5.08847,-0.565793
5.09253,-0.576983
5.09678,-0.589322
5.10093,-0.602123
5.10415,-0.61272
5.1068,-0.622087
5.09101,-0.654395
5.07707,-0.679913
5.06423,-0.700905
5.05219,-0.718479
5.4782,-0.813533
5.41021,-0.798003
5.35558,-0.786249
5.29924,-0.77351
5.24354,-0.760352
5.17069,-0.742116
5.15408,-0.819312
5.13526,-0.879352
5.11301,-0.926996
5.09114,-0.961946
5.08495,-0.996367
3.04448,1.84688
3.06889,1.82768
4.29735,-0.401778
4.34196,-0.503825
4.38564,-0.589616
4.42577,-0.658298
4.46083,-0.710317
4.50267,-0.701398
4.53948,-0.68829
4.56371,-0.679867
4.58631,-0.666939
4.61931,-0.646406
4.17427,0.190654
4.22398,0.132596
4.27046,0.0986803
4.26134,0.127213
4.26159,0.129246
4.27199,0.109346
4.29175,0.0724258
5.06476,-0.708386
5.06102,-0.839648
5.05096,-0.943733
5.03496,-1.02021
5.01591,-1.07628
4.99321,-1.10486
4.96839,-1.11719
4.94215,-1.11599
4.91511,-1.10409
4.88783,-1.08414
4.88006,-1.06106
3.92894,0.472335
3.93471,0.417236
3.94381,0.355749
3.95675,0.283177
3.96982,0.218019
3.4689,0.671598
3.44897,0.785357
3.44503,0.866029
3.45815,0.916073
3.90565,-0.47338
4.57343,-0.929775
4.59957,-0.915896
4.62831,-0.900802
4.6581,-0.885371
4.68769,-0.870288
4.71615,-0.856035
4.6965,-0.981988
4.6713,-1.07779
4.64289,-1.14764
4.61302,-1.19579
4.58268,-1.22634
3.7861,-0.068401
3.75978,0.0775862
3.67733,0.343671
4.58364,-1.11746
4.58202,-1.1141
4.51316,-0.928763
4.4484,-0.771097
4.39285,-0.640654
4.3561,-0.545775
4.33107,-0.472992
4.31165,-0.414174
4.30221,-0.367101
4.30005,-0.332444
4.32933,-0.345824
5.37118,-1.19501
5.30176,-1.11729
5.22689,-1.04692
5.15177,-0.985378
5.08012,-0.933047
5.02685,-0.894874
4.98282,-0.865336
5.53916,-1.18694
5.46624,-1.16777
5.39299,-1.14718
5.31518,-1.12377
5.33818,-1.27016
5.35236,-1.38472
5.35774,-1.46791
5.35536,-1.52225
5.34668,-1.55139
4.80885,-0.731733
4.86296,-0.873778
4.91548,-0.992226
4.96316,-1.08471
5.0043,-1.1514
5.02972,-1.19656
5.05237,-1.222
5.07134,-1.22989
4.60516,0.25122
4.61792,0.207431
4.63018,0.165376
4.64344,0.119241
4.6548,0.0797145
4.6651,0.0436212
4.67461,0.0100199
5.0852,-1.18492
5.06545,-1.15597
5.04734,-1.1293
5.02841,-1.10129
4.87106,-0.639823
4.85514,-0.650705
4.83758,-0.66264
4.82172,-0.673354
5.18216,-1.6427
5.09369,-1.42335
5.02402,-1.26387
4.95215,-1.12467
4.88796,-0.894433
4.82968,-0.702713
4.78041,-0.545463
4.74137,-0.418169
3.50913,-0.488467
3.53152,-0.370095
3.56352,-0.273679
3.60203,-0.19625
3.66605,-0.148799
3.73137,-0.112481
3.80572,-0.0879936
3.87264,-0.0695471
3.94212,-0.056106
4.00851,-0.048106
3.15412,-0.759428
3.19397,-0.732806
3.23678,-0.710183
3.27373,-0.6929
3.30765,-0.679422
5.87898,-1.16354
5.81827,-1.25058
5.18332,-1.15783
5.14168,-1.22866
5.0947,-1.27677
5.044,-1.305
4.99313,-1.25089
4.94527,-1.19292
4.9013,-1.13363
4.87028,-1.09234
4.07087,-0.295925
4.09356,-0.305661
4.11556,-0.315556
4.13872,-0.326481
4.16191,-0.338027
4.18425,-0.349835
4.20517,-0.361605
4.22432,-0.373102
4.24156,-0.384153
4.27482,-0.402101
4.34811,-0.413035
6.0524,-0.543247
5.96953,-0.6356
5.88226,-0.708923
5.79624,-0.766971
5.71238,-0.810829
5.67375,-0.927588
5.62754,-1.02121
5.58049,-1.10363
5.52993,-1.15695
5.50298,-1.2045
5.44754,-1.2006
5.34863,-0.450677
5.34256,-0.53586
5.332,-0.599948
5.31822,-0.652065
5.33225,-0.77699
5.33521,-0.876199
5.33362,-0.955719
5.32762,-1.01706
5.31775,-1.06233
5.32093,-1.10412
4.80208,-0.138681
4.82913,-0.172228
4.85847,-0.207492
4.88849,-0.242791
4.91797,-0.276837
4.96367,-0.500594
4.98376,-0.66594
4.99745,-0.806192
5.00556,-0.921789
5.01735,-1.01614
4.2519,-2.02433
4.25433,-1.8753
4.24914,-1.74081
4.23801,-1.62117
4.22094,-1.51017
4.20802,-1.41673
4.19529,-1.33874
4.18381,-1.27033
4.21212,-1.22789
4.24159,-1.18337
4.28403,-1.42636
4.28233,-1.36955
4.27993,-1.31724
4.27621,-1.26747
4.2721,-1.22084
4.26818,-1.17777
4.26483,-1.13847
3.84763,-1.88037
3.90836,-1.80202
3.9702,-1.72219
4.02932,-1.64583
4.0845,-1.57451
4.13556,-1.50849
4.56161,-0.243386
4.52937,-0.288536
4.49303,-0.333687
4.45921,-0.37361
4.42793,-0.409284
4.399,-0.441318
Feature: 5.
5.38614,-2.20404
5.38614,-2.20404
5.38614,-2.20404
5.38614,-2.20404
5.38614,-2.20404
5.39327,-2.18652
5.3938,-2.18855
4.84243,-2.39193
4.85709,-2.37706
4.87026,-2.3637
4.88228,-2.35152
4.90331,-2.3373
4.921,-2.32525
4.93673,-2.31453
4.95103,-2.30481
4.97376,-2.29597
4.99277,-2.28859
5.00965,-2.28204
5.13495,-1.54072
5.1455,-1.59817
5.1531,-1.65075
5.15788,-1.69873
5.1614,-1.74578
5.16189,-1.78641
5.15963,-1.82423
5.15672,-1.85671
3.36693,-2.18727
3.43641,-2.11729
3.5094,-2.05808
3.58177,-2.00844
3.65373,-1.96682
3.73069,-1.93668
3.80301,-1.91108
3.87342,-1.8913
3.93805,-1.85963
4.00555,-1.86207
4.07948,-1.86081
4.85802,-2.05303
4.83746,-2.09132
2.51614,-2.22136
2.59461,-2.13884
2.67894,-2.06723
4.55421,-2.00636
4.55827,-2.01755
4.56252,-2.02989
4.56667,-2.04269
4.56989,-2.05329
4.57254,-2.06266
4.55388,-2.0939
4.53744,-2.11848
4.52244,-2.13866
4.50853,-2.15553
5.09947,-2.34481
5.04439,-2.33296
4.98764,-2.32014
4.93156,-2.30691
4.86032,-2.289
4.82728,-2.36281
4.79427,-2.41977
4.75973,-2.46464
4.72724,-2.49711
4.70854,-2.52851
4.40011,-2.28616
4.41096,-2.38975
4.42526,-2.47639
4.43982,-2.54543
4.45262,-2.59749
4.48541,-2.5885
4.51427,-2.57531
4.53152,-2.56678
4.54798,-2.55374
4.58216,-2.53323
3.87839,-1.42203
3.9281,-1.48009
3.55467,-1.22428
3.57027,-1.20882
3.5922,-1.21778
3.62159,-1.24696
3.65797,-1.29172
5.04272,-2.33127
5.00702,-2.46178
4.96921,-2.56471
4.92912,-2.63978
4.88916,-2.69435
4.84964,-2.72153
4.81024,-2.7325
4.77133,-2.73001
4.73331,-2.7169
4.6965,-2.69586
4.68517,-2.67235
3.15426,-0.768587
3.16687,-0.827927
3.18193,-0.893066
3.20004,-0.968785
3.21762,-1.03666
3.07746,-1.58888
3.12659,-1.486
3.18282,-1.41306
3.2483,-1.36843
3.37835,-1.87478
3.96238,-2.30774
3.98852,-2.29386
4.01726,-2.27877
4.04705,-2.26333
4.07664,-2.24825
3.97988,-2.50137
3.93731,-2.54323
3.89602,-2.56823
3.05581,-1.41712
3.04805,-1.05504
4.38009,-2.86994
4.34918,-2.68856
4.31743,-2.53365
4.29058,-2.40511
4.27876,-2.3115
4.27538,-2.23953
4.27477,-2.1812
4.28165,-2.1344
4.29366,-2.09985
4.32294,-2.11323
5.1265,-2.54474
5.06617,-2.46863
4.99914,-2.39961
4.93077,-2.33919
4.86494,-2.28779
4.81668,-2.25041
4.77695,-2.22153
5.60587,-2.71311
5.53295,-2.69394
5.4597,-2.67336
5.38189,-2.64994
5.37553,-2.79734
5.36421,-2.9123
5.34745,-2.99551
5.32585,-3.04959
5.30048,-3.07833
5.03204,-2.66114
5.04921,-2.8071
5.06959,-2.92837
5.08934,-3.02288
5.10623,-3.09099
5.11058,-3.13715
5.11494,-3.16326
5.11803,-3.1716
4.65525,-1.67935
4.67034,-1.72308
4.68463,-1.76508
4.69965,-1.81116
4.71254,-1.85064
4.72418,-1.8867
4.73485,-1.92026
5.7291,-3.01503
5.71369,-3.03777
5.69865,-3.04807
5.68374,-3.04886
5.66904,-3.03815
5.9334,-1.67409
5.90115,-1.83744
5.86492,-1.97572
5.82439,-2.09214
5.78486,-2.18012
5.65739,-1.92888
5.63602,-1.90209
5.61538,-1.88563
5.24307,-1.49635
5.3086,-3.4427
5.25147,-3.22088
5.20896,-3.05881
5.16065,-2.91703
5.13893,-2.68134
5.11747,-2.48406
5.10012,-2.32136
5.08876,-2.18886
2.99612,-2.18302
3.07116,-2.07971
3.14924,-1.99504
3.228,-1.9268
3.32197,-1.88555
3.41337,-1.8542
3.51043,-1.8337
3.59708,-1.81848
3.68231,-1.80745
3.76239,-1.80143
3.7507,-1.92177
3.77332,-1.93149
3.79524,-1.94137
3.81834,-1.95229
3.84146,-1.96382
3.86374,-1.97561
3.88459,-1.98737
3.90369,-1.99886
3.92088,-2.0099
3.95078,-2.02718
4.02406,-2.03811
5.21809,-2.05625
5.19066,-2.13955
5.1634,-2.20197
5.13514,-2.2525
5.11802,-2.37355
5.094,-2.46891
5.06905,-2.54472
5.04282,-2.60256
5.01542,-2.64458
4.99392,-2.68145
3.73773,-1.79248
3.76325,-1.82504
3.79127,-1.85945
3.82015,-1.89401
4.3783,-3.48533
4.41327,-3.33312
4.43628,-3.19528
4.44956,-3.07228
4.45364,-2.95805
4.45904,-2.86154
4.45992,-2.78112
4.46024,-2.7105
4.48854,-2.66806
4.51802,-2.62353
4.69371,-2.72032
4.70254,-2.66013
4.70926,-2.60482
4.71345,-2.55238
4.71618,-2.5034
4.7182,-2.45826
4.72,-2.41714
3.7026,-3.28682
3.76332,-3.20846
3.82516,-3.12864
3.88428,-3.05228
3.93947,-2.98096
3.99052,-2.91494
Feature: 6.
11.6464,-1.51557
11.6396,-1.38543
11.6387,-1.27735
11.6434,-1.18768
11.653,-1.11333
11.6942,-1.27928
11.7511,-1.0863
11.8127,-0.925251
11.8701,-0.786421
11.9262,-0.668724
11.9705,-0.509932
12.0257,-0.44092
12.0907,-0.390234
13.9374,-0.224705
13.8515,-0.408437
13.7593,-0.551312
13.6651,-0.660556
11.9122,-2.70793
12.0027,-2.24409
12.0862,-1.90417
11.7185,-0.414351
11.7321,-0.434585
11.7461,-0.453734
11.7578,-0.470715
11.7675,-0.485896
11.7756,-0.49945
11.8161,-0.497252
11.85,-0.496062
13.1896,1.31293
13.2403,1.00368
13.2724,0.740543
13.2888,0.519444
13.2928,0.335758
13.2707,-0.11331
13.2559,-0.161916
13.2428,-0.201583
13.2307,-0.23486
13.2192,-0.263101
14.2629,-0.751492
13.4033,0.397233
13.3983,0.232483
13.3889,0.096465
13.3741,-0.0170825
13.3584,-0.109177
13.3589,-0.211076
13.3589,-0.299232
13.3089,-0.315393
13.2585,-0.331626
13.2095,-0.347383
11.8408,-0.439595
11.9126,-0.268315
12.3146,-0.515795
12.3573,-0.544527
12.3947,-0.564502
12.4193,-0.585156
12.4422,-0.597794
12.4751,-0.572358
12.5061,-0.549731
12.553,-0.535225
12.5953,-0.52208
12.6237,-0.513194
12.3578,-0.0757672
12.3505,0.103161
12.3501,0.23592
12.3582,0.329633
12.3747,0.39145
13.1803,-0.385805
13.1644,-0.499276
13.1447,-0.585383
13.1224,-0.648296
13.0983,-0.69211
13.0733,-0.720579
13.0663,-0.715558
13.5812,0.538678
13.5865,0.536665
13.5949,0.521256
13.6071,0.488677
13.6193,0.458231
13.5592,-0.149161
14.1886,0.607765
14.1893,0.343734
14.18,0.128305
14.1642,-0.0450994
14.1442,-0.182833
14.1218,-0.291008
13.9667,-0.949869
13.8954,-0.814342
13.8187,-0.694168
13.7417,-0.58973
13.6683,-0.500496
13.6133,-0.430601
13.5678,-0.373819
12.5099,0.083944
12.5548,-0.201035
12.5858,-0.436229
12.6042,-0.624372
12.6118,-0.769962
12.6109,-0.878428
11.9292,0.207614
12,-0.0708243
12.0649,-0.307903
12.1217,-0.503516
12.1695,-0.659808
12.1999,-0.782808
12.2261,-0.875844
12.2477,-0.942422
12.2872,0.122811
12.3001,0.0882885
12.3125,0.0542938
12.3259,0.0151726
12.3373,-0.01825
12.3477,-0.0490294
12.3572,-0.0780027
12.3603,-0.107159
12.3728,-0.142829
12.386,-0.177604
12.4935,-0.374974
12.4966,-0.445746
12.4976,-0.498313
12.4965,-0.536321
12.4938,-0.558377
12.4896,-0.5737
12.4849,-0.516306
12.856,-0.628094
12.8363,-0.599148
12.8181,-0.57247
12.7992,-0.544467
13.061,-0.129769
13.0451,-0.140651
13.0275,-0.152586
13.0116,-0.1633
12.8761,0.0576978
12.8686,-0.208124
12.8526,-0.435265
12.8286,-0.628644
12.8026,-0.78323
12.7718,-0.909595
12.734,-0.921919
12.7608,-0.259972
12.7315,-0.199962
12.704,-0.155068
13.0978,-0.38331
13.1346,-0.434332
11.4653,-0.983789
11.5417,-0.80036
11.6159,-0.645863
11.6966,-0.518708
11.7678,-0.411099
11.8401,-0.326585
11.9083,-0.256916
11.936,-0.0949627
12.0404,-0.0969265
12.1413,-0.101783
12.3394,-1.37837
12.3429,-1.15681
12.3472,-0.978416
12.3552,-0.836455
13.9467,-0.29784
13.9017,-0.546674
12.013,-1.24886
11.9623,-1.23103
11.9145,-1.20454
11.8704,-1.17256
11.8392,-1.15496
12.9625,0.914846
12.9547,0.662936
12.9333,0.451462
12.9083,0.254799
12.8735,0.113548
12.8676,-0.062103
12.8121,-0.0582074
12.9011,1.14172
12.9487,0.868715
12.9784,0.640438
12.9982,0.448512
13.0095,0.289334
13.0136,0.158953
13.0349,-0.00317305
13.5108,1.90201
13.6064,1.47116
13.6657,1.12536
13.7103,0.828065
13.7429,0.575947
13.7801,0.325081
Feature: 7.
13.9579,-1.35233
13.9407,-1.4023
13.9254,-1.44316
13.9114,-1.47746
13.8983,-1.50659
14.19,-0.723897
14.1731,-0.896945
14.1532,-1.04005
14.1294,-1.15966
14.1057,-1.25695
14.0968,-1.36491
14.0886,-1.45826
14.0386,-1.47442
13.9882,-1.49066
13.9392,-1.50641
12.6974,-1.33249
12.7882,-1.14251
12.7744,-1.80369
12.8109,-1.83461
12.8429,-1.85649
12.8627,-1.87879
12.8814,-1.89286
12.9151,-1.86715
12.9468,-1.8443
12.9937,-1.82979
13.0359,-1.81665
13.0644,-1.80776
15.1633,-0.354349
15.1498,-0.63247
15.1282,-0.859915
15.1016,-1.04358
15.0722,-1.19008
15.0416,-1.30578
14.2148,-2.71649
14.1554,-2.57925
14.0889,-2.45754
14.0207,-2.35173
13.9548,-2.26128
13.9064,-2.19031
13.8665,-2.13259
12.9345,-1.89141
12.9128,-1.83057
12.8918,-1.78494
13.1299,-1.98933
13.1603,-2.04047
11.7709,-2.38674
11.8715,-2.19783
11.9666,-2.03823
12.0654,-1.90639
12.1523,-1.79452
12.237,-1.70649
12.3664,-1.46481
12.4708,-1.46678
12.5717,-1.47163
12.8358,-2.41299
12.8611,-2.1807
12.8842,-1.99263
12.9082,-1.84198
14.3021,1.23138
14.3813,0.781713
14.4261,0.419921
14.4578,0.109014
14.4791,-0.154712
14.5031,-0.418628
Feature: 8.
20.6551,-1.1679
20.6553,-1.41476
20.6469,-1.61106
20.2972,-1.84434
20.3142,-2.05553
20.3281,-2.22498
20.3384,-2.35778
20.1281,-1.7451
20.1409,-1.77232
20.1525,-1.7977
20.1631,-1.82197
20.1675,-1.8453
20.1787,-1.88653
20.1908,-1.92635
20.2032,-1.96374
20.1984,-1.99044
20.1938,-2.01536
20.0944,-2.17834
20.0845,-2.30297
20.0738,-2.40273
20.0622,-2.48213
20.0501,-2.54052
20.0374,-2.58777
20.04,-2.5028
20.0426,-2.4313
20.0402,-2.4104
20.0381,-2.39027
19.5003,-1.95135
19.5308,-2.02802
19.5608,-2.08904
19.608,-2.09689
Feature: 9.
20.1458,0.111539
20.1622,-0.129014
20.1678,-0.320004
19.9471,-0.400722
19.9798,-0.608195
20.0073,-0.774561
20.0295,-0.904786
20.1945,-0.227189
20.2061,-0.25436
20.2166,-0.279697
20.2263,-0.30393
20.2296,-0.327213
20.2419,-0.368482
20.255,-0.408346
20.2682,-0.44578
20.2634,-0.472479
20.2588,-0.497395
20.2952,-0.683263
20.296,-0.809349
20.2945,-0.910457
20.2911,-0.991089
20.2861,-1.0506
20.2797,-1.09886
20.2768,-1.01301
20.2747,-0.940771
20.2724,-0.91987
20.2702,-0.899741
20.9205,1.45634
20.9328,1.07185
20.9324,0.741916
20.9208,0.459577
20.9048,0.228069
20.8821,0.0352455
20.8442,0.0229218
19.5674,-0.500805
19.6038,-0.577757
19.6388,-0.639037
19.686,-0.646888
