PILLARS.
Pillar: 1.
-3.48792,-2.50775
-3.48792,-2.50775
-3.48792,-2.50775
-3.48792,-2.50775
-3.48792,-2.50775
-3.48792,-2.50775
-3.48792,-2.50775
-3.48792,-2.50775
-3.48792,-2.50775
-3.48792,-2.50775
-3.48792,-2.50775
-3.63234,-2.46313
-3.63234,-2.46313
-3.63234,-2.46313
-3.63234,-2.46313
-3.63234,-2.46313
-3.63234,-2.46313
-3.52462,-2.47648
-3.52646,-2.47635
-3.52794,-2.47626
-3.52915,-2.47618
-3.47159,-2.4155
-3.47376,-2.4172
-3.47554,-2.4186
-3.47701,-2.41976
-3.47825,-2.42074
-3.47929,-2.42157
-3.48019,-2.42229
-3.48096,-2.4229
-3.48163,-2.42344
-3.48221,-2.42391
-3.47547,-2.43295
-3.47547,-2.43295
-3.41588,-2.43552
-3.41734,-2.43541
-3.41863,-2.43531
-3.41977,-2.43523
-3.42078,-2.43515
-3.42169,-2.43508
-3.42251,-2.43502
-3.42324,-2.43496
-3.31275,-2.47609
-3.31275,-2.47609
-3.80444,-2.50192
-3.79695,-2.50128
-3.79029,-2.5007
-3.78433,-2.50019
-3.77899,-2.49973
-3.77417,-2.49932
-3.76981,-2.49894
-3.76585,-2.4986
-3.92495,-2.35504
-3.92495,-2.35504
-4.22878,-2.45043
-4.22429,-2.4501
-4.22016,-2.44979
-4.21637,-2.44951
-4.21287,-2.44925
-4.20963,-2.44901
-4.20664,-2.44879
-4.20386,-2.44858
-3.63941,-2.30032
-3.19148,-2.60296
-3.18321,-2.6008
-3.17521,-2.59883
-3.16749,-2.59704
-3.16002,-2.59541
-3.15278,-2.59392
-3.14577,-2.59256
-3.13895,-2.59132
-3.55304,-2.57287
-3.55197,-2.57214
-3.25667,-2.58705
-3.25798,-2.5861
-3.25919,-2.58521
-3.2603,-2.58437
-3.26132,-2.58359
-3.26226,-2.58286
-3.26313,-2.58217
-3.68754,-2.42883
-3.52761,-3.1317
-3.30313,-2.38789
-3.29836,-2.3871
-3.29918,-2.38676
-3.23584,-2.49307
-3.23245,-2.49173
-3.22912,-2.49049
-3.22584,-2.48936
-3.43839,-2.68522
-3.43834,-2.68513
-3.05125,-2.76293
-3.05363,-2.76222
-3.12939,-2.56647
-3.13623,-2.56651
-3.14236,-2.56652
-3.1479,-2.56652
-3.15291,-2.5665
-3.4015,-2.66315
-3.4013,-2.66348
-3.4011,-2.6638
-2.84921,-2.6016
-2.84758,-2.60215
-2.84597,-2.60268
-2.8444,-2.60321
-2.84285,-2.60372
-3.45757,-2.34671
-3.45755,-2.34663
-3.18551,-2.40797
-3.18492,-2.40812
-3.18433,-2.40828
-2.85597,-2.48501
-2.85552,-2.48534
-2.85507,-2.48567
-2.85464,-2.486
-2.85421,-2.48632
-3.14149,-2.11082
-3.14122,-2.10998
-3.14095,-2.10916
-3.14069,-2.10835
-3.0945,-1.89047
-3.09442,-1.88943
-3.09435,-1.88842
-3.09428,-1.88743
-2.89242,-2.25437
-2.89144,-2.25419
-2.89047,-2.254
-2.88952,-2.25382
-2.88858,-2.25365
-2.88765,-2.25347
Pillar: 2.
-3.38528,-0.77665
-3.38528,-0.77665
-3.38528,-0.77665
-3.38528,-0.77665
-3.38528,-0.77665
-3.38528,-0.77665
-3.38528,-0.77665
-3.38528,-0.77665
-3.38528,-0.77665
-3.38528,-0.77665
-3.38528,-0.77665
-3.24086,-0.821274
-3.24086,-0.821274
-3.24086,-0.821274
-3.24086,-0.821274
-3.24086,-0.821274
-3.24086,-0.821274
-3.13774,-0.833532
-3.13963,-0.8334
-3.14114,-0.833296
-3.14238,-0.833212
-3.15591,-0.758846
-3.15866,-0.760441
-3.16092,-0.761747
-3.1628,-0.762833
-3.16438,-0.763745
-3.16573,-0.764519
-3.16689,-0.765182
-3.1679,-0.765754
-3.16877,-0.766251
-3.16954,-0.766686
-3.29663,-0.822385
-3.29663,-0.822385
-3.16769,-0.834174
-3.16914,-0.834064
-3.17043,-0.833966
-3.17157,-0.83388
-3.17259,-0.833803
-3.1735,-0.833735
-3.17431,-0.833673
-3.17505,-0.833617
-3.42417,-0.781924
-3.42417,-0.781924
-3.68872,-0.808043
-3.68116,-0.807401
-3.67443,-0.806832
-3.66842,-0.806323
-3.66302,-0.805867
-3.65816,-0.805456
-3.65375,-0.805085
-3.64975,-0.804748
-2.92387,-0.910551
-2.92387,-0.910551
-3.32627,-0.942394
-3.32197,-0.941949
-3.31802,-0.941539
-3.31439,-0.941161
-3.31104,-0.94081
-3.30795,-0.940484
-3.30508,-0.940181
-3.30243,-0.9399
-3.29858,-0.981654
-3.05692,-1.24763
-3.0484,-1.24549
-3.04019,-1.24354
-3.03228,-1.24177
-3.02463,-1.24015
-3.01725,-1.23868
-3.0101,-1.23733
-3.00317,-1.2361
-3.76108,-0.849501
-3.7591,-0.848665
-3.49625,-0.867789
-3.49708,-0.866765
-3.49784,-0.865811
-3.49853,-0.86492
-3.49916,-0.864086
-3.49974,-0.863305
-3.50027,-0.862572
-3.41523,-1.09955
-3.00342,-1.06453
-2.99848,-1.06378
-2.99921,-1.06346
-3.01768,-1.15385
-3.01325,-1.15267
-3.00897,-1.15159
-3.00481,-1.15061
-3.55859,-0.652221
-3.55813,-0.652112
-3.40445,-0.757244
-3.40638,-0.756458
-3.21783,-0.43943
-2.96807,-1.04964
-2.96877,-1.04916
-2.96943,-1.0487
-2.97007,-1.04826
-3.17789,-0.839135
-3.17471,-0.840084
-3.17179,-0.84097
-3.16912,-0.841798
-3.31561,-0.893967
-3.31568,-0.89398
-3.21116,-1.0434
-3.30794,-1.01094
-3.30796,-1.01112
-3.30797,-1.01129
-2.97025,-1.35472
-2.96848,-1.35613
-2.96674,-1.35751
-2.96501,-1.35887
-2.96329,-1.36021
-3.08533,-1.15222
-3.08568,-1.15261
-3.08601,-1.15299
-3.08633,-1.15336
-3.20599,-1.08178
-3.20593,-1.08171
-3.08654,-1.12207
-3.08602,-1.12222
-3.08552,-1.12236
-2.82523,-1.19567
-2.8248,-1.196
-2.82438,-1.19633
-2.82397,-1.19666
-2.82357,-1.19698
-2.97283,-0.90539
-2.97248,-0.905319
-2.97214,-0.905248
-2.9718,-0.905179
-2.97147,-0.905111
-2.97115,-0.905044
-2.97083,-0.904978
-2.97051,-0.904913
-3.34371,-0.886471
-3.34365,-0.886352
-3.34359,-0.886235
-3.34353,-0.88612
-3.34347,-0.886006
-2.90811,-0.929838
-2.9078,-0.929812
-2.9075,-0.929787
-2.9072,-0.929763
-2.90691,-0.929738
-2.90663,-0.929714
-3.10066,-1.03991
-3.09969,-1.03973
-3.09874,-1.03955
-3.09781,-1.03938
-3.09689,-1.0392
-3.09598,-1.03903
Pillar: 3.
-1.38618,-0.183714
-1.38618,-0.183714
-1.38618,-0.183714
-1.38618,-0.183714
-1.38618,-0.183714
-1.38618,-0.183714
-1.38618,-0.183714
-1.38618,-0.183714
-1.38618,-0.183714
-1.38618,-0.183714
-1.38618,-0.183714
-1.59264,-0.298584
-1.59555,-0.299637
-1.59794,-0.300489
-1.59994,-0.301187
-1.60162,-0.301767
-1.60306,-0.302254
-1.60429,-0.302667
-1.60536,-0.30302
-1.60629,-0.303324
-1.6071,-0.303589
-1.65901,-1.06326
-1.66045,-1.07022
-1.66174,-1.07644
-1.6629,-1.08204
-1.66394,-1.08709
-1.66489,-1.09167
-1.66575,-1.09582
-1.66653,-1.09962
-1.66725,-1.10308
-0.829711,0.00185278
-0.820965,0.0035944
-0.812561,0.00518665
-0.804471,0.00664505
-0.796673,0.00798222
-0.789146,0.00920948
-0.781873,0.0103377
-0.774835,0.0113746
-0.924151,-0.311311
-0.921877,-0.311986
-0.669648,-0.277714
-0.670317,-0.277484
-0.670923,-0.277266
-0.671472,-0.27706
-0.671971,-0.276865
-0.672427,-0.276681
-0.672843,-0.276506
-0.672342,-0.450099
-0.749336,-0.356043
-0.990381,-0.198052
-1.30207,-0.430226
-0.560469,-0.213305
-0.555428,-0.212855
-0.556086,-0.212724
-0.631396,-0.154721
-0.6262,-0.155386
-0.621211,-0.156005
-0.616404,-0.156583
-0.970991,-0.39
-0.970476,-0.39042
-0.864175,-0.199188
-0.865968,-0.198982
-0.60858,-0.207182
-0.655619,-0.182254
-0.662403,-0.18235
-0.668484,-0.182423
-0.673961,-0.182478
-0.678921,-0.182517
-0.553817,-0.121024
-0.554429,-0.120757
-0.555016,-0.120499
-0.55558,-0.120252
-0.690467,-0.129436
-0.687525,-0.129531
-0.68484,-0.129621
-0.682381,-0.129707
-0.643731,-0.0939399
-0.521336,-0.457418
-0.522289,-0.456828
-0.523193,-0.456266
-0.869673,-0.491006
-0.626178,-0.251469
-0.625508,-0.251737
-0.624895,-0.251989
-0.624334,-0.252224
-0.0786576,-0.513939
-0.0792248,-0.513462
-0.0797671,-0.513004
-0.0802831,-0.512563
0.141951,-0.638762
0.133125,-0.636571
0.125421,-0.634644
0.11864,-0.632937
-0.0328442,-0.552029
-0.0333664,-0.5516
-0.0338675,-0.551186
-0.0343495,-0.550785
-0.0348111,-0.550399
-0.0352567,-0.550026
-0.0356841,-0.549665
-0.036096,-0.549316
-0.0364926,-0.548978
-0.895703,-0.3703
-0.921648,-0.00414538
-0.921038,-0.00464082
-0.920457,-0.00511491
-0.919907,-0.00556886
-0.919381,-0.00600493
-0.0568322,-0.517717
-0.0569764,-0.51751
-0.0571168,-0.517309
-0.0619047,-0.504441
-0.061982,-0.504364
-0.0620588,-0.504289
-0.0621331,-0.504215
0.209422,-0.298474
-0.433958,-0.50094
-0.436928,-0.50074
-0.439861,-0.500547
-0.442758,-0.500361
-0.445621,-0.50018
-0.438095,-0.360833
-0.437901,-0.360851
-0.437712,-0.360868
-0.437527,-0.360886
-0.437347,-0.360901
-0.43717,-0.360918
-0.436998,-0.360933
-0.302862,-0.477744
-0.302866,-0.477687
-0.302869,-0.477632
-0.302871,-0.477577
-0.72493,-0.778657
-0.693824,-0.375781
-0.761286,-0.30444
-0.761185,-0.304449
-0.761085,-0.304458
-0.760989,-0.304467
-0.760894,-0.304475
-0.760801,-0.304483
-0.76071,-0.304491
-0.695028,-0.347842
-0.695092,-0.347855
-0.696222,-0.126459
-0.797508,-0.0817101
-0.797557,-0.0818109
-0.797603,-0.081909
-0.567654,-0.174354
-0.566179,-0.175177
-0.564717,-0.175984
-0.563264,-0.176777
-0.561823,-0.177555
-0.677331,-0.357335
-0.677299,-0.357342
-0.677268,-0.35735
-0.589265,-0.261339
-0.590065,-0.261146
-0.590828,-0.26096
-0.591554,-0.260781
-0.713648,-0.0577517
-0.714072,-0.0579821
-0.714476,-0.0582088
-0.714865,-0.0584321
-0.826815,-0.175007
-0.826614,-0.175336
-0.826418,-0.175656
-0.389778,0.00052014
-0.388615,0.00042218
-0.387475,0.000325829
-0.386358,0.0002321
-0.385263,0.000140429
0.212213,-0.568325
0.210393,-0.568151
0.208635,-0.567986
0.206937,-0.56783
0.205298,-0.567684
-0.748813,-0.333039
-0.748722,-0.333054
-0.736164,-0.0857043
-0.735709,-0.0857081
-0.735263,-0.0857131
-0.533026,-0.0362966
-0.532621,-0.0365881
-0.532226,-0.036874
-0.531838,-0.0371548
-0.53146,-0.0374307
0.0356493,-0.59098
0.036006,-0.590978
0.0363559,-0.590976
0.0367005,-0.590974
0.0370385,-0.590973
0.037372,-0.590971
0.0376996,-0.59097
0.0380211,-0.590969
0.127481,-0.542016
-0.828983,-0.818533
-0.828551,-0.817979
-0.828128,-0.817436
-0.827714,-0.816904
-0.679312,-0.802098
-0.679177,-0.80119
-0.679046,-0.8003
-0.678918,-0.799427
-0.569583,-0.27604
-0.933491,-0.322024
-0.933591,-0.322042
-0.933692,-0.32206
-0.906722,-0.0424612
-0.906719,-0.0424277
-0.906719,-0.0423945
-0.906718,-0.0423611
-0.90672,-0.0423282
-0.648031,-0.496303
-0.64818,-0.496366
-0.648328,-0.496429
-0.648474,-0.496491
-1.09756,0.0287697
-1.09447,0.0282372
-1.09144,0.0277255
-1.08846,0.0272334
0.118751,-0.504157
0.118817,-0.504095
0.118883,-0.504034
0.118949,-0.503974
0.119015,-0.503915
0.0883678,-0.442116
0.0885802,-0.442078
-0.791277,-0.270123
-0.790975,-0.270085
-0.790679,-0.270048
-0.790387,-0.270011
-0.7901,-0.269974
-0.789818,-0.269937
-0.686074,-0.254446
Pillar: 4.
4.79643,-0.943388
4.79643,-0.943387
4.79643,-0.943388
4.79643,-0.943388
4.79643,-0.943388
4.79643,-0.943388
4.79643,-0.943388
4.56085,-0.930484
4.56085,-0.930484
4.56085,-0.930484
4.66424,-0.920857
4.66236,-0.920538
4.66085,-0.920276
4.65961,-0.920059
4.73991,-0.929466
4.73991,-0.929466
4.73991,-0.929466
4.73991,-0.929466
5.47092,-0.881094
5.47848,-0.880828
5.48521,-0.880598
5.49121,-0.880396
5.49661,-0.880219
5.50147,-0.880064
5.50588,-0.879925
5.50987,-0.879803
5.66022,-0.789603
5.66451,-0.788021
5.66843,-0.78656
5.67205,-0.785206
5.67538,-0.783948
5.67846,-0.782779
5.68131,-0.781688
5.68395,-0.78067
5.29354,-0.0623801
5.2921,-0.0693308
5.29081,-0.0755554
5.28965,-0.0811525
5.28861,-0.0862048
5.28766,-0.0907811
5.2868,-0.0949401
5.28602,-0.0987314
5.2853,-0.102197
4.7007,-0.610005
4.69994,-0.611282
4.69925,-0.612464
4.69862,-0.613559
4.69804,-0.614578
4.69751,-0.615526
4.69703,-0.616412
4.70676,-0.577923
4.6216,-0.678744
4.7971,-0.638897
4.80647,-0.638029
3.84654,-0.766991
3.84584,-0.767193
4.77938,-0.767423
4.77258,-0.767649
4.76649,-0.767851
4.761,-0.768033
4.75602,-0.768198
5.13066,-0.56906
5.12891,-0.570935
5.1273,-0.572651
4.14323,-0.737049
4.14257,-0.737192
4.14193,-0.73733
4.14131,-0.737463
3.93297,-1.16172
3.93626,-1.16023
3.93928,-1.15884
3.94204,-1.15755
3.97729,-1.13695
5.2594,-0.801926
5.25727,-0.801531
5.25525,-0.801158
5.25335,-0.800805
5.25155,-0.800471
4.90643,-0.878684
4.90877,-0.877718
4.91092,-0.876812
4.91289,-0.875961
4.91471,-0.87516
4.83153,-0.673506
4.83055,-0.67356
4.82962,-0.673613
4.48434,-0.676542
4.69211,-0.89622
4.69288,-0.89569
4.69358,-0.89519
4.69423,-0.894717
4.82731,-0.828753
4.82882,-0.828317
4.77965,-0.012255
4.77988,-0.00497031
4.48351,-0.475812
4.48295,-0.476359
4.48241,-0.476886
4.4819,-0.477395
4.69764,-0.392919
4.68895,-0.393272
4.68137,-0.39359
4.67469,-0.393879
4.90417,-0.583453
4.9013,-0.583371
4.56871,-0.596056
4.56819,-0.596163
4.56768,-0.596267
4.5672,-0.596369
4.56673,-0.596468
4.56628,-0.596566
4.56585,-0.596661
4.56543,-0.596753
4.56503,-0.596844
4.95935,-0.69466
4.95912,-0.694672
4.98168,-0.755186
4.86018,-1.12763
4.86101,-1.12701
4.86179,-1.12641
4.86255,-1.12583
4.86326,-1.12528
4.85113,-0.870109
4.85197,-0.869747
4.51761,-0.624639
4.51746,-0.624717
4.51731,-0.624794
4.51184,-0.637969
4.51176,-0.637927
4.51168,-0.637886
4.51161,-0.637847
4.75218,-0.846505
5.10033,-0.748777
5.09766,-0.748709
4.30427,-0.879837
4.30127,-0.880001
4.29831,-0.880163
4.29538,-0.880326
4.2925,-0.880488
4.84264,-0.128854
4.47497,-0.352858
4.47516,-0.353297
4.47535,-0.353726
4.47554,-0.354144
4.47572,-0.354552
4.4759,-0.354951
4.47607,-0.35534
4.29186,-0.482724
4.2947,-0.48329
4.29497,-0.482406
4.29506,-0.48151
5.03903,-0.831783
5.03875,-0.831635
5.03847,-0.831489
5.03821,-0.831347
5.03795,-0.831208
4.66358,-0.697766
4.66358,-0.697759
4.66357,-0.697751
4.66357,-0.697744
4.97781,-0.790047
4.62064,-1.40706
4.64131,-0.649425
4.64141,-0.649485
4.6415,-0.649544
4.6416,-0.649601
4.64169,-0.649657
4.64178,-0.649712
4.64187,-0.649765
4.67728,-0.621782
4.67737,-0.621848
4.58875,-0.864222
4.5894,-0.863721
4.59004,-0.86324
4.59067,-0.862778
4.5913,-0.862333
4.59191,-0.861906
4.59251,-0.861495
4.63789,-0.741676
4.63799,-0.741651
4.63809,-0.741627
4.99708,-0.709721
4.99579,-0.70988
4.99454,-0.710035
4.99333,-0.710184
4.99216,-0.71033
4.90085,-1.4703
4.98905,-0.715113
4.99197,-0.488404
4.99069,-0.488706
4.98945,-0.489
4.98825,-0.489288
4.98707,-0.489568
4.98593,-0.489843
4.98483,-0.49011
4.98375,-0.490372
4.77008,-0.510251
4.76969,-0.510415
4.76931,-0.510575
4.76894,-0.510733
4.76858,-0.510887
4.68241,-0.52979
4.68628,-0.529283
4.59787,-0.718128
4.59832,-0.718079
4.59875,-0.718032
4.59918,-0.717985
4.68013,-0.769753
4.58193,-0.698703
4.5819,-0.698639
4.58187,-0.698575
4.84666,-0.239603
4.84815,-0.239109
4.84963,-0.238618
4.85109,-0.238128
4.85255,-0.23764
4.94425,-0.556865
4.94317,-0.557043
4.76334,-0.607107
4.76337,-0.607139
4.7634,-0.607171
4.83852,-0.711195
4.83772,-0.711072
4.83695,-0.710952
4.83622,-0.710835
4.87805,-0.638457
4.87733,-0.638361
4.87663,-0.638269
3.79714,-0.924036
3.79848,-0.923369
3.79978,-0.922715
3.80106,-0.922074
3.80231,-0.921446
4.7164,-0.398144
4.71458,-0.39812
4.71283,-0.3981
4.71114,-0.398084
4.70951,-0.398073
4.35925,-0.829501
4.35975,-0.829193
4.36024,-0.82889
4.59462,-0.509231
4.59504,-0.509421
4.59544,-0.509606
4.59584,-0.509789
4.59623,-0.509969
4.39655,-0.564027
4.39691,-0.564126
4.39726,-0.564224
4.39761,-0.56432
4.39795,-0.564415
4.39828,-0.564508
4.39861,-0.564601
4.39893,-0.564691
4.48834,-0.575742
4.88068,-0.681791
4.88062,-0.68179
4.62548,-0.584479
4.62594,-0.584596
4.62639,-0.584713
4.62683,-0.584827
4.77505,-1.03856
4.77517,-1.03794
4.77529,-1.03733
4.7754,-1.03673
4.86435,-0.803594
4.95499,-1.1977
4.95471,-1.19702
4.9858,-0.716574
4.9857,-0.716547
4.9856,-0.716521
4.94966,-0.989286
4.94968,-0.98911
4.9497,-0.988937
4.94973,-0.988766
4.94975,-0.988598
4.88728,-0.767381
4.88732,-0.767338
5.24157,-0.595058
5.24142,-0.595083
5.24127,-0.595108
5.24112,-0.595132
4.67077,-1.16433
4.67412,-1.16362
4.6774,-1.16292
4.68062,-1.16223
4.59286,-0.915478
4.59654,-0.915778
4.20033,-0.733991
4.2004,-0.733996
4.20046,-0.734001
4.20052,-0.734006
4.20058,-0.734011
4.16571,-0.737798
4.16592,-0.737804
4.5728,-0.780438
4.57287,-0.780402
4.57295,-0.780367
4.37573,-0.906261
4.37603,-0.906192
4.37633,-0.906124
4.37663,-0.906056
4.37692,-0.905989
4.3772,-0.905922
4.47845,-0.91038
4.78471,-0.796666
4.78469,-0.796628
4.78467,-0.796591
4.78465,-0.796554
4.78463,-0.796518
4.78461,-0.796482
4.10938,-0.820326
4.11034,-0.820024
4.11129,-0.819727
4.11222,-0.819435
4.11314,-0.819148
4.11404,-0.818867
Pillar: 5.
5.44739,-2.28194
5.4474,-2.28194
5.44739,-2.28194
5.4474,-2.28194
5.44739,-2.28194
5.44739,-2.28194
5.4474,-2.28194
5.08095,-2.28786
5.08094,-2.28786
5.08095,-2.28786
5.18814,-2.27677
5.18629,-2.27643
5.18481,-2.27616
5.18359,-2.27594
5.26167,-2.2862
5.26167,-2.2862
5.26167,-2.2862
5.26167,-2.2862
5.09836,-2.26827
5.09689,-2.26815
5.09561,-2.26806
5.09447,-2.26797
5.09345,-2.26789
5.09255,-2.26782
5.09173,-2.26775
5.09099,-2.2677
4.87942,-2.38559
4.87816,-2.38692
4.877,-2.38815
4.87594,-2.38929
4.87497,-2.39034
4.87407,-2.39133
4.87323,-2.39225
4.95287,-2.34543
4.80349,-2.45401
4.95789,-2.4162
4.96716,-2.41534
4.48181,-2.32165
4.47954,-2.32266
4.7233,-2.24475
4.72117,-2.24435
4.71915,-2.24398
4.71725,-2.24363
4.71545,-2.24329
4.36314,-2.31881
4.36548,-2.31784
4.36762,-2.31694
4.36959,-2.31609
4.3714,-2.31528
4.54064,-2.22568
4.53948,-2.2257
4.53837,-2.22572
4.20232,-2.23035
4.27766,-2.42006
4.27865,-2.41959
4.27957,-2.41915
4.28042,-2.41873
4.38718,-2.34538
4.38869,-2.34494
4.36174,-2.36502
4.36076,-2.36554
4.35982,-2.36604
4.35891,-2.36652
4.66204,-2.28571
4.65229,-2.28604
4.64378,-2.28634
4.63627,-2.28661
4.91754,-2.47653
4.91422,-2.47645
4.25371,-2.21036
4.253,-2.21043
4.25231,-2.2105
4.25165,-2.21057
4.25101,-2.21064
4.25039,-2.2107
4.2498,-2.21077
4.24923,-2.21083
4.24868,-2.21089
4.6533,-2.31069
4.65308,-2.3107
4.68904,-2.23109
4.38364,-2.55481
4.38474,-2.55428
4.38579,-2.55377
4.3868,-2.55328
4.38776,-2.5528
4.29759,-2.26923
4.29843,-2.26887
4.27853,-2.23122
4.27828,-2.23128
4.27804,-2.23134
4.26342,-2.24313
4.26333,-2.24308
4.26324,-2.24304
4.26315,-2.243
4.35912,-2.4225
4.65949,-2.31208
4.65699,-2.31206
3.59494,-2.15993
3.59185,-2.16004
3.58879,-2.16015
3.58577,-2.16026
3.58279,-2.16037
4.6474,-2.66273
4.6474,-2.66318
4.6474,-2.66362
4.64739,-2.66406
4.64739,-2.66448
4.64739,-2.66489
4.64738,-2.66529
3.54642,-1.78242
3.54603,-1.78115
3.54548,-1.77988
4.35782,-2.17779
4.35754,-2.17764
4.35727,-2.17749
4.357,-2.17735
4.35674,-2.17721
4.28098,-2.18509
4.28096,-2.18508
4.28094,-2.18506
4.28092,-2.18505
4.40263,-2.21401
4.57533,-1.88062
4.51271,-3.17584
4.75987,-2.41753
4.75995,-2.41759
4.76003,-2.41765
4.76011,-2.41771
4.76019,-2.41776
4.76026,-2.41782
4.76033,-2.41787
4.70399,-2.39365
4.70407,-2.39372
4.42963,-2.23479
4.42989,-2.23425
4.43017,-2.23372
4.43045,-2.23322
4.43075,-2.23274
4.43106,-2.23227
4.43137,-2.23183
4.72781,-2.27635
4.72791,-2.27633
4.728,-2.2763
4.86352,-2.24122
4.86224,-2.24138
4.86098,-2.24153
4.85978,-2.24168
4.8586,-2.24183
4.91094,-3.00758
4.85621,-2.24667
4.96383,-2.44433
4.96256,-2.44463
4.96133,-2.44492
4.96014,-2.44521
4.95898,-2.44549
4.95785,-2.44577
4.95676,-2.44603
4.95569,-2.4463
4.86717,-2.453
4.86676,-2.45317
4.86637,-2.45333
4.86599,-2.45349
4.86562,-2.45364
4.79691,-2.47159
4.80059,-2.4711
5.44094,-2.46011
5.4349,-2.45798
5.42932,-2.456
5.42415,-2.45415
5.41934,-2.45241
5.05117,-2.02847
5.05205,-2.02986
5.05286,-2.0312
5.0536,-2.03249
5.05427,-2.03373
5.52982,-2.27233
5.52411,-2.27177
5.51867,-2.27123
4.97909,-2.46691
4.97911,-2.46684
4.97914,-2.46676
5.42204,-1.9581
5.42395,-1.95747
5.42584,-1.95684
5.42772,-1.95621
5.42957,-1.95559
5.67878,-2.2136
5.67765,-2.2138
4.68065,-2.37568
4.68067,-2.37572
4.68069,-2.37575
4.69079,-2.47553
4.68997,-2.47541
4.68918,-2.47528
4.68843,-2.47517
4.70761,-2.40074
4.70681,-2.40064
4.70604,-2.40054
5.02317,-2.2734
5.02238,-2.27339
4.09251,-2.19297
4.09283,-2.19306
4.09314,-2.19315
4.09345,-2.19324
4.09375,-2.19333
4.09405,-2.19341
4.09434,-2.1935
4.09463,-2.19358
4.16166,-2.20029
4.55446,-2.30644
4.5544,-2.30643
4.72284,-2.30645
4.72275,-2.30643
4.72267,-2.3064
4.53905,-2.54758
4.53911,-2.54741
4.53917,-2.54725
4.53923,-2.54709
4.53929,-2.54693
4.40094,-2.30372
4.40099,-2.30368
4.17365,-2.25768
4.17351,-2.25771
4.17337,-2.25774
4.17324,-2.25777
4.56493,-2.16246
4.56497,-2.16247
4.56501,-2.16248
4.56505,-2.16249
4.56509,-2.1625
4.5072,-2.17196
4.50739,-2.17197
4.84289,-2.22975
4.84296,-2.22971
4.84304,-2.22968
4.86677,-2.1798
4.86708,-2.17973
4.86739,-2.17966
4.86769,-2.17959
4.86799,-2.17952
4.86829,-2.17945
4.96461,-2.18579
4.62934,-2.21433
4.62931,-2.21429
4.62929,-2.21425
4.62927,-2.21422
4.62925,-2.21418
4.62923,-2.21414
Pillar: 6.
12.0729,-0.814298
12.0806,-0.814573
12.088,-0.814774
12.0952,-0.814909
12.1022,-0.814985
12.8618,-0.429472
12.8612,-0.432335
12.8608,-0.435006
12.8603,-0.437504
12.8566,-0.077149
12.7843,-0.473683
12.9616,-0.530767
12.971,-0.530414
12.6508,-0.760817
12.6555,-0.771748
12.6601,-0.781792
12.6645,-0.79107
11.971,-0.642998
11.9642,-0.643394
11.9581,-0.643767
11.9526,-0.644118
11.9476,-0.64445
12.3208,-0.761868
12.319,-0.763744
12.3174,-0.76546
12.9828,-0.416544
12.9859,-0.411949
12.9886,-0.407669
12.9912,-0.403673
13.0289,-0.412754
13.2212,-0.448559
13.2235,-0.447591
13.2257,-0.446695
13.2276,-0.445863
13.2295,-0.445089
13.652,-0.537849
13.1366,-0.366928
13.1373,-0.365132
13.1379,-0.363439
13.1385,-0.361841
13.2795,-0.442188
13.2811,-0.441728
12.7306,-0.432361
12.7219,-0.437201
12.7143,-0.441478
12.7076,-0.445285
12.9355,-0.415103
12.9326,-0.416911
12.9928,-0.431767
12.989,-0.433328
12.9856,-0.434733
12.9826,-0.436004
13.2101,-0.199058
13.2108,-0.196821
13.2114,-0.194673
13.212,-0.192609
13.2125,-0.190624
13.2393,-0.397554
13.2401,-0.397177
12.8368,-0.484343
12.8367,-0.484365
12.8367,-0.484387
12.8366,-0.48441
13.2526,-0.160565
13.2535,-0.162535
13.2543,-0.16437
13.2551,-0.166083
13.2559,-0.167684
13.2567,-0.169183
13.2574,-0.170589
12.3638,-0.529687
12.3625,-0.529848
12.3612,-0.530003
12.36,-0.530153
12.3589,-0.530299
12.2185,-0.602906
12.3557,-0.53162
12.2419,-0.561069
12.2406,-0.561324
12.2394,-0.561572
12.2382,-0.561813
12.237,-0.562047
12.2359,-0.562275
12.2348,-0.562497
12.2337,-0.562712
12.5327,-0.536848
12.5324,-0.53706
12.532,-0.537267
12.5316,-0.53747
12.5312,-0.537668
12.445,-0.486772
12.4489,-0.487051
12.4763,-0.480061
12.4822,-0.479061
12.4874,-0.478236
12.3536,-0.0847173
12.3488,-0.0861988
12.3444,-0.0875733
12.3403,-0.0888517
12.3365,-0.0900432
12.5405,-0.464451
12.5424,-0.464006
11.7718,-0.41986
12.8877,-0.440921
12.8882,-0.440872
12.8886,-0.440824
12.889,-0.440777
12.1875,-0.979234
12.188,-0.977955
12.1885,-0.976757
12.1888,-0.975631
12.1892,-0.974572
12.3965,-0.966416
12.3993,-0.961659
12.6179,-0.310902
12.613,-0.313139
12.6083,-0.315272
12.5556,-0.345516
12.5469,-0.348058
12.5384,-0.350505
13.531,-0.368588
13.526,-0.369757
11.5524,-0.710483
11.5514,-0.71084
12.7732,-0.382631
12.7725,-0.382609
12.7717,-0.382585
12.771,-0.382561
12.8164,-0.41212
12.8156,-0.41236
12.815,-0.41259
12.8701,-0.426593
12.869,-0.426892
12.868,-0.427179
12.6597,-0.664929
12.6593,-0.664272
12.6589,-0.663638
12.6586,-0.663028
12.4635,-0.556709
12.4617,-0.556942
12.46,-0.557172
12.4583,-0.557396
12.4566,-0.557618
12.5915,-0.611132
12.5907,-0.610854
11.6465,-0.708597
11.6469,-0.708646
11.6473,-0.708694
11.6477,-0.708743
11.6481,-0.708791
12.294,-0.274613
12.2942,-0.274382
12.2943,-0.274155
12.2945,-0.27393
12.4134,-0.442474
12.4132,0.0243295
12.4129,0.0250159
12.8151,-0.249825
12.8151,-0.249459
12.8151,-0.249099
12.8151,-0.248743
12.8151,-0.248394
12.7794,-0.41352
12.7795,-0.413433
13.6346,-0.513797
13.6378,-0.511151
13.6409,-0.508566
13.644,-0.506042
13.574,-0.581105
13.5776,-0.579253
Pillar: 7.
13.89,-1.70069
13.8923,-1.69973
13.8945,-1.69883
13.8964,-1.698
13.8982,-1.69723
13.8378,-1.54552
13.8386,-1.54362
13.8394,-1.54183
13.8401,-1.54014
13.9607,-1.63246
13.9622,-1.632
13.9729,-1.28783
13.9762,-1.2588
13.1575,-1.73478
13.1481,-1.73986
13.1398,-1.74435
13.1325,-1.74834
13.3959,-1.70605
13.3928,-1.70796
13.4334,-1.72961
13.4296,-1.73117
13.4263,-1.73257
13.4232,-1.73385
13.0567,-1.44898
13.3827,-1.6037
13.3801,-1.60278
14.5141,-1.7269
14.0139,-1.79601
14.0162,-1.8003
14.0158,-1.80439
14.0152,-1.80831
13.6076,-1.90915
13.6079,-1.91122
13.6083,-1.91315
13.6087,-1.91495
13.609,-1.91664
13.6094,-1.91822
13.6098,-1.9197
12.867,-1.93303
12.8615,-1.93537
12.8561,-1.93759
12.4719,-1.94968
12.4623,-1.95218
12.453,-1.95458
13.5039,-1.97471
13.4995,-1.97588
13.2525,-1.74339
13.2516,-1.74337
13.2509,-1.74335
13.2501,-1.74333
13.278,-1.77893
13.2772,-1.77919
13.2765,-1.77944
13.2999,-1.80376
13.2988,-1.80406
13.2978,-1.80435
13.3151,-1.61043
13.3147,-1.60973
13.3144,-1.60905
13.3141,-1.6084
12.8031,-1.71726
12.8013,-1.7175
12.7995,-1.71774
12.7978,-1.71798
12.7961,-1.71821
13.1938,-1.65971
13.193,-1.65941
14.2908,-1.31538
14.2942,-1.3126
14.2975,-1.30987
14.3008,-1.30722
14.2016,-1.40531
14.2054,-1.40331
Pillar: 8.
20.0428,-0.330003
20.0416,-0.330149
19.849,0.314048
20.0383,-0.327859
20.1112,-0.822494
20.1101,-0.822671
20.109,-0.822843
20.1079,-0.823008
20.4917,-0.604208
20.4913,-0.604451
20.4053,-0.48198
20.4092,-0.483066
20.4366,-0.47692
20.4425,-0.477483
20.4477,-0.477984
20.338,-0.476441
20.338,-0.476441
20.338,-0.476441
20.2304,-0.622869
20.2253,-0.628459
20.2206,-0.633655
20.2162,-0.638499
20.2122,-0.643027
20.4355,-0.515233
20.4373,-0.515424
20.378,-0.518958
20.378,-0.518958
20.378,-0.518958
21.0359,-0.175239
20.4234,-0.295615
20.4236,-0.291255
20.4238,-0.287127
20.424,-0.283215
20.4241,-0.279501
20.6039,0.00110245
20.6067,0.00586003
19.955,-0.454394
19.9501,-0.45333
20.3386,-0.510698
20.3386,-0.51054
Pillar: 9.
20.4337,-1.71407
20.4325,-1.71422
20.3675,-1.02745
20.4299,-1.71174
20.3517,-2.29452
20.3505,-2.2947
20.3494,-2.29487
20.3484,-2.29503
20.4412,-2.13305
20.4408,-2.13329
20.3686,-2.01121
20.3723,-2.0123
20.3996,-2.00615
20.4052,-2.0067
20.4101,-2.0072
20.2911,-2.0054
20.2911,-2.0054
20.2911,-2.0054
19.9677,-2.11964
19.9618,-2.12509
19.9564,-2.13016
19.9514,-2.13488
19.9467,-2.1393
20.2657,-2.02537
20.2674,-2.02554
20.1667,-2.02385
20.1667,-2.02385
20.1667,-2.02385
20.4444,-2.40982
19.8256,-1.90779
19.8212,-1.90677
20.2232,-1.96527
20.2231,-1.96511
FEATURES.
Feature: 1.
-3.48792,-2.50775
-3.48792,-2.50775
-3.48792,-2.50775
-3.48792,-2.50775
-3.48792,-2.50775
-3.48792,-2.50775
-3.48792,-2.50775
-3.48792,-2.50775
-3.48792,-2.50775
-3.47883,-2.52035
-3.4784,-2.51838
-3.85672,-2.69325
-3.84127,-2.67731
-3.82555,-2.66111
-3.80876,-2.64381
-3.79427,-2.62889
-3.78124,-2.61549
-3.76937,-2.60326
-3.74829,-2.59239
-3.73057,-2.58327
-3.71483,-2.57513
-3.929,-2.56131
-3.91615,-2.58128
-3.90318,-2.59394
-3.89001,-2.60182
-3.87609,-2.6059
-3.86166,-2.60369
-3.84639,-2.60197
-3.83098,-2.59938
-3.81519,-2.59559
-3.79858,-2.58791
-3.27622,-2.09312
-3.28847,-2.11791
-3.30094,-2.14277
-3.29355,-2.15291
-3.28851,-2.16444
-3.28583,-2.17679
-3.28262,-2.19504
-3.28345,-2.2085
-3.28631,-2.22115
-3.29015,-2.23336
-3.27201,-2.75978
-3.27564,-2.74036
-3.27928,-2.72057
-3.26643,-2.66695
-3.26181,-2.62346
-3.25827,-2.58877
-3.26234,-2.55988
-3.27109,-2.53564
-3.28344,-2.51621
-3.29761,-2.5014
-3.79982,-2.34413
-3.80847,-2.34446
-3.81728,-2.34483
-3.87916,-2.37195
-3.93245,-2.39531
-3.978,-2.41505
-4.02397,-2.43087
-4.05817,-2.44442
-4.08558,-2.4557
-4.10833,-2.46494
-3.55937,-1.53237
-3.56505,-1.58529
-3.58382,-1.66243
-3.59739,-1.7357
-3.60378,-1.80525
-3.60248,-1.87094
-3.59394,-1.93251
-3.57985,-1.98862
-3.56021,-2.04171
-4.55809,-0.34325
-4.57852,-0.532513
-4.57911,-0.705492
-4.54954,-0.864999
-4.50553,-1.00561
-4.4541,-1.1297
-4.3971,-1.23895
-4.33069,-1.33968
-4.26565,-1.42762
-0.747824,-4.28016
-0.968745,-4.25088
-1.17115,-4.22842
-1.32953,-4.16877
-1.47668,-4.09736
-1.61366,-4.02041
-1.75065,-3.92856
-1.8815,-3.8311
-2.0048,-3.73104
-2.73342,-2.77142
-2.75444,-2.77852
-2.77551,-2.79081
-2.79164,-2.79373
-4.00359,-1.68412
-3.96371,-1.74211
-3.9191,-1.79756
-3.87419,-1.84866
-3.83032,-1.89536
-3.7573,-2.0926
-3.71871,-2.12382
-3.67786,-2.15867
-3.63704,-2.19568
-3.57947,-2.2049
-3.51929,-2.21354
-3.46721,-2.22392
-3.41966,-2.23483
-2.74462,-3.0242
-2.77223,-3.01209
-2.80153,-2.99873
-2.83456,-2.96199
-2.86821,-2.92313
-2.90135,-2.88337
-2.92287,-2.83006
-2.94071,-2.78024
-2.95449,-2.73481
-2.96022,-2.70599
-1.42484,-2.94433
-1.5424,-2.93189
-1.65881,-2.91353
-1.76929,-2.89144
-1.8736,-2.86547
-1.95437,-2.83991
-2.03597,-2.80888
-2.11004,-2.77369
-2.32056,-1.92627
-2.35849,-1.94512
-2.39812,-1.96931
-2.43588,-1.98945
-2.47049,-2.00799
-2.50224,-2.02519
Feature: 2.
-3.38528,-0.77665
-3.38528,-0.77665
-3.38528,-0.77665
-3.38528,-0.77665
-3.38528,-0.77665
-3.38528,-0.77665
-3.38528,-0.77665
-3.38528,-0.77665
-3.38528,-0.77665
-3.38245,-0.788888
-3.3812,-0.786964
-3.46524,-1.0514
-3.44979,-1.03546
-3.43406,-1.01926
-3.41728,-1.00196
-3.40278,-0.987036
-3.38976,-0.973634
-3.37788,-0.961413
-3.35741,-0.95039
-3.34023,-0.941152
-3.32496,-0.932895
-3.46988,-0.938546
-3.47575,-0.953335
-3.47916,-0.96165
-3.48031,-0.965886
-3.4789,-0.966876
-3.4754,-0.962062
-3.46967,-0.958124
-3.46259,-0.953644
-3.45407,-0.948246
-3.4438,-0.93919
-3.09737,-0.48255
-3.10963,-0.507338
-3.1221,-0.532206
-3.10555,-0.54339
-3.09255,-0.55586
-3.08298,-0.569069
-3.07482,-0.587955
-3.07032,-0.602107
-3.06855,-0.615381
-3.06838,-0.628142
-3.38343,-1.06561
-3.38706,-1.0462
-3.39069,-1.0264
-3.34794,-0.971083
-3.31732,-0.926536
-3.2912,-0.891265
-3.27564,-0.862105
-3.26735,-0.837817
-3.2649,-0.81848
-3.2662,-0.803865
-2.79875,-0.899642
-2.8074,-0.899974
-2.81621,-0.900345
-2.89083,-0.918712
-2.95527,-0.934547
-3.01057,-0.947815
-3.06506,-0.958057
-3.1067,-0.966785
-3.14061,-0.973899
-3.16903,-0.979533
-3.21854,-0.213705
-3.22422,-0.266621
-3.26981,-0.337127
-3.30674,-0.405072
-3.33347,-0.47035
-3.34984,-0.532574
-3.35666,-0.591343
-3.35546,-0.645236
-3.34746,-0.696429
-4.30198,1.37363
-4.38323,1.19234
-4.43671,1.02453
-4.45749,0.868436
-4.45718,0.729596
-4.44366,0.60615
-4.41953,0.496785
-4.3816,0.395447
-4.34123,0.30661
-0.909604,-2.93296
-1.25992,-2.87445
-1.36683,-2.8124
-1.46923,-2.7405
-1.56734,-2.66432
-1.68158,-2.57344
-1.79255,-2.47714
-1.89849,-2.37833
-3.23273,-0.797031
-3.20452,-0.792328
-3.18257,-0.795361
-3.19162,-0.79685
-4.95545,2.43017
-2.635,-1.42416
-2.64241,-1.40995
-2.65132,-1.39652
-2.66181,-1.38283
-2.6739,-1.36816
-2.67494,-1.36468
-2.68125,-1.35907
-2.69276,-1.34972
-2.57142,-0.552598
-2.62392,-0.573309
-2.68175,-0.596391
-2.76598,-0.556792
-2.85864,-0.521394
-2.92933,-0.516689
-2.99755,-0.516459
-3.0712,-0.506222
-3.13169,-0.508459
-3.17812,-0.521741
-3.21102,-0.544072
-3.29511,0.695993
-3.32474,0.580119
-3.34182,0.463699
-3.34694,0.34833
-2.73511,-1.73453
-2.73062,-1.72306
-2.73205,-1.7109
-2.7612,-1.67438
-2.79148,-1.63571
-2.82171,-1.59612
-2.84967,-1.54244
-2.87311,-1.49231
-2.89174,-1.44663
-2.9017,-1.41761
-3.48236,-0.410915
-3.4558,-0.435943
-3.42756,-0.46178
-3.39571,-0.485755
-3.36171,-0.509907
-3.32689,-0.53414
-3.29234,-0.558272
-3.25892,-0.582088
-3.1316,-0.977037
-3.15092,-0.992912
-3.17194,-1.00205
-3.1945,-1.00737
-3.21971,-1.00516
-2.91879,-1.06129
-2.92232,-1.06347
-2.92577,-1.06249
-2.92989,-1.05743
-2.934,-1.04973
-2.93763,-1.04054
-2.56379,-0.71834
-2.59712,-0.736269
-2.63359,-0.759836
-2.66777,-0.779284
-2.69928,-0.797236
-2.72833,-0.813935
Feature: 3.
-1.38618,-0.183714
-1.38618,-0.183714
-1.38618,-0.183714
-1.38618,-0.183714
-1.38618,-0.183714
-1.38618,-0.183714
-1.38618,-0.183714
-1.38618,-0.183714
-1.38618,-0.183714
-1.3855,-0.188726
-1.38397,-0.187754
-1.87239,-0.616538
-1.88208,-0.612945
-1.88899,-0.605264
-1.89332,-0.595581
-1.89479,-0.584456
-1.89387,-0.569098
-1.89045,-0.555982
-1.88542,-0.54351
-1.87873,-0.531153
-1.87008,-0.516037
-1.94872,-1.21595
-1.92871,-1.20548
-1.90845,-1.19534
-1.88917,-1.18613
-1.86895,-1.1769
-1.84873,-1.16811
-1.82923,-1.16007
-1.81092,-1.15294
-1.79408,-1.14678
-0.831741,0.626516
-0.89594,0.604364
-0.949804,0.578032
-0.991794,0.548588
-1.02185,0.517241
-1.04086,0.485093
-1.0501,0.453389
-1.0517,0.422122
-1.42385,1.14074
-1.49867,1.06131
-1.54949,0.981861
-1.57025,0.909691
-1.5719,0.843587
-1.56156,0.783138
-1.54129,0.728307
-1.50755,0.674166
-1.47143,0.626168
-1.43141,0.581778
-1.40502,0.529364
1.10601,-1.31126
1.0092,-1.36318
0.840352,-1.364
0.789272,-1.38279
0.732856,-1.38277
0.672736,-1.37023
0.579892,-1.31712
0.487105,-1.25414
0.396675,-1.18468
-0.740207,-0.0542199
-0.694302,-0.1117
-0.658228,-0.169132
-0.665076,-0.17958
-2.34217,2.24874
-1.32694,0.469848
-1.31261,0.443219
-1.29048,0.414751
-1.26529,0.386881
-1.2387,0.360194
-0.288538,-0.335558
-0.286402,-0.342163
-0.287157,-0.346902
-0.290673,-0.349065
-0.296787,-0.348222
-0.281038,-0.384782
-0.273366,-0.41405
-0.273186,-0.435044
-0.279374,-0.447828
0.204565,-0.668817
0.149557,-0.650723
0.0898054,-0.631824
0.0286318,-0.61307
-0.0524832,-0.599003
-0.0761299,-0.618811
-0.1007,-0.629437
-0.128784,-0.634255
0.0111078,-0.958563
0.0262693,-0.979064
0.0414867,-0.994158
0.0550101,-1.00228
0.0658848,-1.00305
0.0790171,-0.972377
0.0900668,-0.942662
0.0968739,-0.920906
-0.314577,-0.0372643
-0.282516,-0.0968214
-0.256086,-0.146572
-0.233213,-0.189708
-0.213164,-0.227911
-0.195437,-0.261812
-0.177473,-0.296209
-0.163108,-0.324034
-0.148731,-0.351785
-0.973802,1.86221
-1.13224,1.8555
-1.18679,1.78712
-1.22522,1.70628
-1.24834,1.61609
-1.25804,1.51981
0.956305,-2.02135
0.901266,-2.03364
0.845638,-2.02307
0.79299,-1.99818
0.744109,-1.9665
0.695346,-1.91791
0.647239,-1.85551
0.600299,-1.78287
-0.537335,1.02533
-0.563835,0.963403
-0.584358,0.894875
-0.600146,0.815779
-0.610817,0.741717
-1.02063,1.82071
-1.10951,1.81704
-1.17346,1.79253
-1.21156,1.74745
-1.22536,1.68428
-1.22607,1.61726
-1.20876,1.53788
-0.388629,0.94018
-0.487587,0.980165
-0.566916,0.996666
-0.631473,0.995939
-0.0572966,-0.506452
-0.103931,-0.532228
-0.16155,-0.515301
-0.298715,-0.39831
-0.424073,-0.299864
-0.514002,-0.238843
-0.584387,-0.19642
-0.649912,-0.159413
-0.69724,-0.132735
0.0491673,-0.00647348
-0.00333107,-0.0271842
-0.0611631,-0.0502669
-0.156246,0.0390143
-0.2595,0.119048
-0.340005,0.162366
-0.417215,0.196008
-0.509235,0.269692
-0.58696,0.32224
-0.649337,0.356296
-0.696821,0.374895
-1.58071,0.559022
-1.58282,0.535892
-1.57129,0.51154
-1.55039,0.485746
-1.49943,0.461042
-1.44732,0.435984
-1.38745,0.409346
-0.77956,1.39939
-0.824553,1.3363
-0.855873,1.26545
-0.874039,1.18945
-1.18262,0.39554
-1.14403,0.364319
-1.10317,0.329471
-1.06236,0.292459
-1.01967,0.298562
-0.972555,0.303202
-0.931935,0.304372
-0.89443,0.303493
1.63294,-2.65316
1.52654,-2.6547
1.42484,-2.62341
1.32774,-2.5724
1.23972,-2.5105
-0.462312,-0.53757
-0.428721,-0.583056
-0.406045,-0.620933
-0.431907,-0.591446
-0.45937,-0.558869
-0.487171,-0.524562
-0.520519,-0.459214
-0.54868,-0.39898
-0.571459,-0.344533
-0.585044,-0.30791
-0.46322,-0.224906
-0.437753,-0.23299
-0.410649,-0.242478
-0.379744,-0.253923
-0.346599,-0.267209
-0.312542,-0.282019
-0.278689,-0.297981
-0.245897,-0.314713
-0.214771,-0.331859
0.759448,-1.44547
0.659859,-1.45956
0.55882,-1.46445
0.461503,-1.46272
0.368494,-1.45455
0.313061,-1.47008
0.252864,-1.47511
0.196912,-1.47152
0.13775,-1.45927
-0.508011,-0.693396
-0.517318,-0.697268
-0.530006,-0.697033
-0.544971,-0.693221
-0.533454,-0.702388
-0.530891,-0.700896
-0.53189,-0.692582
-0.536686,-0.677315
-1.04584,-0.149442
-1.01776,-0.175195
-0.987095,-0.203274
-0.955515,-0.232111
-0.924333,-0.26047
-0.880937,-0.344871
-0.86006,-0.388631
-0.844399,-0.423209
0.346471,-1.17145
0.330572,-1.11129
0.311168,-1.05437
0.289005,-1.00233
0.263364,-0.950328
0.243677,-0.908102
0.226188,-0.867144
-0.765905,-0.530939
-0.773731,-0.515951
-0.78103,-0.500094
-0.788581,-0.482131
-0.795721,-0.463249
-0.802032,-0.444362
-0.807295,-0.426119
Feature: 4.
4.79643,-0.943388
4.79643,-0.943388
4.79643,-0.943388
4.79643,-0.943388
4.79643,-0.943388
4.79981,-0.926035
4.80099,-0.92801
4.38443,-1.11117
4.39892,-1.09625
4.41194,-1.08284
4.42382,-1.07062
4.44433,-1.05672
4.46155,-1.04495
4.47685,-1.03448
4.49076,-1.02498
4.51342,-1.01619
4.53236,-1.00885
4.54917,-1.00234
5.69673,0.123831
5.75836,0.0186618
5.80308,-0.0764343
5.83971,-0.162613
5.86308,-0.239044
5.87716,-0.306538
5.8839,-0.366965
5.88575,-0.421663
6.16046,-1.3472
6.08943,-1.28661
6.02754,-1.23371
5.97404,-1.18715
5.92078,-1.14532
5.87997,-1.1087
5.84659,-1.07634
5.8185,-1.04759
5.00383,-0.215069
5.02384,-0.204598
5.04411,-0.194457
5.06338,-0.185241
5.0836,-0.176012
5.10382,-0.167228
5.12332,-0.159188
5.14163,-0.152057
5.15847,-0.145896
3.61803,-0.517397
3.63867,-0.43875
3.66933,-0.373176
3.70501,-0.318851
3.74519,-0.273771
3.79467,-0.241033
3.84326,-0.213549
3.89322,-0.192402
3.93124,-0.160085
3.98417,-0.161889
4.04788,-0.159979
5.1913,-0.829141
5.15075,-0.974618
4.03416,-0.597961
4.06069,-0.561396
4.09281,-0.5349
4.12621,-0.514985
4.15958,-0.500144
4.19318,-0.490145
4.27833,-0.48495
4.34974,-0.481794
4.43927,-0.634845
4.43857,-0.683296
4.43505,-0.7244
4.4289,-0.75817
4.42032,-0.784805
4.42808,-0.900478
4.42776,-0.998105
4.42023,-1.07815
4.40677,-1.14194
5.10498,-0.687401
5.11601,-0.69474
5.12798,-0.702859
5.14017,-0.711318
5.15007,-0.718353
5.15865,-0.724598
5.13782,-0.744809
5.12038,-0.761016
5.10489,-0.77472
5.09082,-0.786563
5.55502,-0.938063
5.50036,-0.912965
5.4409,-0.88807
5.37997,-0.864191
5.29925,-0.841483
5.27294,-0.914429
5.24562,-0.971061
5.21485,-1.0157
5.18605,-1.04827
5.17432,-1.08124
3.3119,1.78897
3.37225,1.73469
4.54719,-0.469992
4.56834,-0.549671
4.58814,-0.61634
4.60517,-0.669412
4.61874,-0.709358
4.63228,-0.684986
4.64369,-0.661079
4.65083,-0.644663
4.65707,-0.627096
4.67403,-0.604044
4.28688,0.0159531
4.31908,-0.0564178
4.34559,-0.117365
4.36852,-0.17029
4.38859,-0.217059
4.40633,-0.258461
4.42429,-0.299432
4.43865,-0.333025
4.45302,-0.365843
4.4668,-0.396821
4.51959,-0.430669
4.50738,-0.293804
4.43226,-0.0753309
4.41288,-0.039205
4.40343,-0.0286444
4.40431,-0.0389732
4.41457,-0.0654981
4.43255,-0.103956
4.48182,-0.174731
5.48403,-1.36054
5.44253,-1.47339
5.39685,-1.5504
5.35147,-1.60172
5.30812,-1.63973
5.26329,-1.65171
5.21794,-1.64194
5.17291,-1.61502
5.19015,-1.70506
5.23133,-1.79429
4.15843,0.287639
4.13908,0.272793
4.12438,0.24515
4.11335,0.201546
4.10659,0.15828
4.10357,0.113853
3.7123,0.502542
3.66781,0.670108
3.63737,0.795427
3.62454,0.88118
3.62979,0.932067
3.64343,0.964368
3.67154,0.971391
4.4666,-1.11606
4.48702,-1.26281
4.50699,-1.37687
4.52484,-1.45823
4.87548,-1.15716
4.88657,-1.13411
4.89872,-1.10885
4.9113,-1.08278
4.92375,-1.05699
4.39353,-0.418099
4.33393,-0.231006
4.28511,-0.0858606
4.24425,0.0257223
4.21558,0.105753
5.19633,-1.63419
5.14063,-1.60796
5.02265,-1.39335
4.91249,-1.20988
4.83465,-1.07486
4.77393,-0.968059
4.71617,-0.875074
4.67511,-0.799739
4.64482,-0.740036
4.64542,-0.73021
5.509,-1.37072
5.42728,-1.29447
5.33862,-1.22396
5.24899,-1.16067
5.16276,-1.10519
5.09822,-1.06381
5.04442,-1.03078
5.60902,-1.28409
5.53402,-1.26299
5.4587,-1.24036
5.37873,-1.21465
5.39604,-1.35949
5.40436,-1.47213
5.39898,-1.5702
5.38956,-1.61583
5.37459,-1.63734
5.30045,-1.59232
4.78421,-0.770936
4.84091,-0.91298
4.89598,-1.03182
4.94596,-1.12505
4.98902,-1.19275
5.01556,-1.23885
5.03911,-1.2654
5.05874,-1.27449
4.58022,0.201674
4.59468,0.156512
4.60844,0.113282
4.62318,0.0660394
4.63573,0.0256029
4.64702,-0.0112583
4.64689,-0.0362755
4.71161,-0.548666
4.70378,-0.560393
4.69518,-0.573312
4.68745,-0.584969
5.167,-1.45927
5.09774,-1.27042
5.01616,-1.10016
4.95321,-0.978187
4.8903,-0.876029
4.82312,-0.671069
4.76435,-0.503904
4.71645,-0.369855
4.68005,-0.264066
4.66043,-0.19218
4.63203,-0.111294
3.71964,-0.693782
3.74668,-0.586478
3.78091,-0.497036
3.81955,-0.423661
3.88036,-0.388113
3.94048,-0.360781
4.00689,-0.341879
4.06562,-0.327878
4.12551,-0.318003
4.18161,-0.311857
3.07843,-0.820644
3.12768,-0.789818
3.18041,-0.763581
3.22583,-0.743538
3.26746,-0.727918
5.91271,-1.23888
5.8558,-1.40005
5.79225,-1.50878
5.7246,-1.58031
5.65937,-1.62544
4.70508,-1.24775
4.6773,-1.23369
4.64814,-1.21447
4.61884,-1.19172
4.58877,-1.10083
4.56334,-1.01839
4.54287,-0.944638
4.53122,-0.891237
3.89488,-0.383688
3.92117,-0.367306
3.94893,-0.353173
3.98026,-0.34651
4.01371,-0.344085
4.04799,-0.345267
4.08199,-0.349407
4.1149,-0.355889
4.1461,-0.364146
4.19311,-0.379971
4.28535,-0.396971
6.16948,-0.712318
6.07836,-0.791919
5.98405,-0.853852
5.89209,-0.901781
5.80338,-0.936856
5.75647,-1.05151
5.70222,-1.14276
5.65032,-1.21412
5.59385,-1.26703
5.55954,-1.31439
5.49269,-1.30929
5.42324,-0.575252
5.41489,-0.646716
5.40241,-0.705167
5.38716,-0.7523
5.39634,-0.87896
5.39499,-0.979405
5.38917,-1.05951
5.37913,-1.12093
5.36545,-1.16589
5.36221,-1.20739
4.84395,-0.235575
4.87201,-0.262991
4.90265,-0.292509
4.93421,-0.32259
4.96538,-0.352025
5.00469,-0.582615
5.01908,-0.753018
5.02692,-0.897252
5.02922,-1.01588
5.0326,-1.11176
4.33414,-2.0718
4.33696,-1.9243
4.33226,-1.79125
4.32168,-1.6729
4.30521,-1.56318
4.29282,-1.47076
4.28005,-1.39473
4.26851,-1.32793
4.29446,-1.28522
4.32148,-1.24043
4.35311,-1.47872
4.35269,-1.42284
4.35155,-1.37142
4.34915,-1.32256
4.34633,-1.27681
4.34366,-1.23458
4.34147,-1.19605
3.92124,-1.94232
3.98086,-1.86342
4.04157,-1.78305
4.09963,-1.70619
4.15383,-1.6344
4.20398,-1.56795
4.63689,-0.290557
4.60514,-0.335903
4.56969,-0.37826
4.53661,-0.419014
4.506,-0.45545
4.47769,-0.488186
Feature: 5.
5.44739,-2.28194
5.44739,-2.28194
5.44739,-2.28194
5.44739,-2.28194
5.44739,-2.28194
5.45561,-2.26222
5.45615,-2.26451
4.90453,-2.46854
4.91902,-2.45362
4.93204,-2.44022
4.94392,-2.428
4.96493,-2.4139
4.98259,-2.40196
4.99827,-2.39134
5.01253,-2.38171
5.03518,-2.37292
5.05412,-2.36559
5.07093,-2.35908
5.19814,-1.60815
5.20843,-1.66666
5.21578,-1.72019
5.22028,-1.76902
5.22471,-1.81349
5.2251,-1.85517
5.22322,-1.89234
5.22017,-1.92583
3.40393,-2.28907
3.47614,-2.21589
3.55164,-2.15385
3.62624,-2.10167
3.70019,-2.05776
3.77894,-2.02552
3.85291,-1.99808
3.92486,-1.97668
3.99123,-1.94364
4.06025,-1.94483
4.13514,-1.9424
4.74295,-2.14693
4.72906,-2.17653
4.56888,-2.13022
4.57991,-2.13756
4.59188,-2.14568
4.60407,-2.15414
4.61397,-2.16117
4.62255,-2.16742
4.60077,-2.18728
4.58251,-2.20318
4.5663,-2.21661
4.55161,-2.22822
5.24873,-2.48727
5.1961,-2.46257
5.13838,-2.43802
5.07893,-2.41443
5.00072,-2.3922
4.95901,-2.46211
4.9184,-2.51598
4.87612,-2.55814
4.83737,-2.58849
4.81351,-2.61867
4.61263,-2.36198
4.60911,-2.44236
4.60742,-2.50937
4.60575,-2.56254
4.60303,-2.60242
4.61394,-2.57802
4.62294,-2.55409
4.62785,-2.53765
4.63206,-2.52005
4.65408,-2.49706
4.00606,-1.60465
4.03374,-1.67623
4.05632,-1.73648
4.0758,-1.78879
4.09286,-1.83501
4.10796,-1.87593
4.12362,-1.91647
4.13595,-1.94968
4.14853,-1.98217
4.16076,-2.01285
4.21354,-2.0467
3.77929,-1.61055
3.75844,-1.42066
3.76436,-1.39691
3.7771,-1.39673
3.79742,-1.41579
3.82468,-1.44968
3.85753,-1.49438
3.90962,-1.56632
5.51743,-2.98446
5.43992,-3.09766
5.36295,-3.17432
5.29041,-3.22484
5.22226,-3.26173
5.15592,-3.27243
5.09192,-3.26131
5.0307,-3.23305
5.01455,-3.31981
5.02034,-3.40479
3.35392,-0.934878
3.34686,-0.957723
3.34288,-0.992202
3.3412,-1.04166
3.34258,-1.08994
3.25499,-1.76816
3.29254,-1.61559
3.3337,-1.50088
3.38326,-1.42251
3.44279,-1.37667
3.50362,-1.3477
3.57274,-1.3428
3.98146,-2.67422
3.96835,-2.77598
3.95763,-2.84601
4.19427,-2.50316
4.20536,-2.48011
4.21752,-2.45485
4.23009,-2.42878
4.24255,-2.40299
3.67857,-1.77727
3.66094,-1.61143
3.64906,-1.4837
3.64064,-1.38643
3.6404,-1.31821
5.24296,-1.60842
5.06485,-3.40138
5.01226,-3.37538
4.92678,-3.16283
4.84486,-2.98066
4.79156,-2.8464
4.75214,-2.74
4.71288,-2.64714
4.68787,-2.57176
4.67153,-2.51191
4.67212,-2.50208
5.28781,-2.73265
5.21425,-2.65771
5.13262,-2.58827
5.04906,-2.52588
4.96805,-2.47115
4.90801,-2.43041
4.85807,-2.39791
5.69894,-2.81877
5.62394,-2.79766
5.54862,-2.77503
5.46865,-2.74933
5.45651,-2.89561
5.43926,-3.00904
5.40682,-3.10749
5.37874,-3.1531
5.34758,-3.17442
5.27833,-3.12947
5.03956,-2.71032
5.05908,-2.8569
5.08181,-2.9791
5.10367,-3.07481
5.12229,-3.14433
5.12759,-3.19177
5.13269,-3.21928
5.13631,-3.22907
4.66088,-1.74183
4.67751,-1.7869
4.69315,-1.83005
4.70951,-1.87722
4.72347,-1.91759
4.73599,-1.9544
4.73923,-1.97926
5.76944,-3.15057
5.74996,-3.16841
5.73084,-3.17408
5.71206,-3.17069
5.6933,-3.15584
5.79204,-1.61065
5.75768,-1.72816
5.72075,-1.8305
5.68008,-1.92059
5.64219,-1.99059
5.64214,-2.03297
5.61342,-1.98739
5.58552,-1.95535
5.26223,-3.07521
5.21155,-2.90186
5.1754,-2.77678
5.13572,-2.6716
5.11276,-2.46004
5.0923,-2.28625
5.07761,-2.14577
5.06998,-2.03388
5.07532,-1.95631
5.0901,-1.86471
3.31093,-2.41647
3.38036,-2.31868
3.45157,-2.23665
3.52245,-2.16906
3.60284,-2.13674
3.67999,-2.11202
3.7612,-2.09526
3.83279,-2.08301
3.90089,-2.07421
3.96411,-2.06896
5.59703,-1.64893
5.53341,-1.66091
3.52174,-1.9982
3.5571,-1.98389
3.59363,-1.9717
3.63168,-1.9665
3.67097,-1.96532
3.71032,-1.96757
3.74872,-1.97262
3.78544,-1.97988
3.81995,-1.9888
3.86689,-2.00462
3.95913,-2.02162
5.29857,-2.1819
5.27192,-2.25184
5.24357,-2.3088
5.21455,-2.35451
5.19203,-2.47744
5.16323,-2.57413
5.13364,-2.6506
5.10299,-2.70857
5.07148,-2.75033
5.04257,-2.78685
3.7796,-1.90048
3.80719,-1.9276
3.83742,-1.95685
3.86863,-1.98671
4.45796,-3.54085
4.49285,-3.3903
4.51592,-3.25402
4.52941,-3.13246
4.53378,-3.01962
4.53944,-2.92425
4.53924,-2.84603
4.5386,-2.77724
4.56456,-2.73453
4.59157,-2.68974
4.76615,-2.77965
4.7761,-2.72043
4.78395,-2.66605
4.78933,-2.61456
4.79326,-2.56649
4.79644,-2.52222
4.79932,-2.48189
3.76587,-3.35998
3.82548,-3.28109
3.8862,-3.20072
3.94425,-3.12385
3.99846,-3.05206
4.04861,-2.98562
Feature: 6.
11.7385,-1.55836
11.7352,-1.42118
11.7376,-1.30694
11.745,-1.21586
11.7574,-1.13624
11.8104,-1.30557
11.8678,-1.10685
11.9299,-0.940717
11.9876,-0.797489
12.0441,-0.675967
12.0888,-0.514032
12.1446,-0.442212
12.2099,-0.389131
13.9244,-0.284625
13.8479,-0.454017
13.7663,-0.585774
13.6834,-0.686753
11.2082,-1.11575
11.2403,-0.994685
11.2765,-0.894796
11.3128,-0.81115
11.3482,-0.74098
11.3833,-0.682954
11.4684,-0.677759
11.5398,-0.674602
13.3022,1.10399
13.3404,0.838974
13.3644,0.611686
13.3764,0.419165
13.3787,0.257884
13.4712,-0.252959
13.4506,-0.27864
13.4335,-0.299596
13.4182,-0.317425
13.4043,-0.332851
14.5486,-0.837833
13.6799,0.322133
13.6647,0.1659
13.6464,0.0370356
13.6229,-0.070224
13.6,-0.157054
13.5951,-0.256384
12.6517,-0.664397
12.6652,-0.651147
12.6767,-0.637489
12.6839,-0.630492
12.6901,-0.621566
12.707,-0.577057
12.7239,-0.540269
12.7555,-0.527897
12.7838,-0.516794
12.8027,-0.509363
12.8296,-0.338415
12.8136,-0.145044
12.8048,0.00228775
12.8044,0.110907
12.8122,0.187829
12.827,0.239346
12.8755,0.185608
13.6028,-0.486097
13.5755,-0.650292
13.5431,-0.772032
13.5073,-0.857687
14.1959,-1.06116
14.1122,-0.932936
14.0215,-0.817617
13.93,-0.71575
13.842,-0.627062
13.7759,-0.557133
13.7206,-0.499569
12.6415,0.0316261
12.6813,-0.252693
12.7071,-0.486766
12.7179,-0.713523
12.7183,-0.848029
12.7111,-0.946797
12.6347,-0.878439
11.9683,0.206868
12.0424,-0.0728972
12.1104,-0.31156
12.17,-0.508977
12.2203,-0.667226
12.2521,-0.792017
12.2795,-0.886913
12.302,-0.95537
12.3424,0.109474
12.3569,0.0729575
12.3708,0.037226
12.3856,-0.00351161
12.3982,-0.0383064
12.4095,-0.070275
12.4095,-0.0818468
12.4106,-0.0998665
12.4145,-0.11541
12.4196,-0.135639
12.5481,-0.416172
12.5474,-0.480906
12.5445,-0.527868
12.5397,-0.56085
12.5331,-0.578035
12.5256,-0.589346
12.5148,-0.519925
12.9164,-0.644632
13.0015,-0.271458
12.9936,-0.283185
12.985,-0.296104
12.9773,-0.307761
12.8389,-0.0708137
12.8182,-0.2526
12.7927,-0.410497
12.7615,-0.548568
12.7315,-0.65995
12.6979,-0.754461
12.6665,-0.774663
12.8143,-0.405634
12.7754,-0.315817
12.7385,-0.245781
13.1498,-0.507348
13.1335,-0.624784
13.1138,-0.715512
13.0898,-0.780917
13.1263,-0.776366
11.1258,-1.56734
11.1292,-1.32731
11.7535,-0.770467
11.8177,-0.64596
11.88,-0.541379
11.9476,-0.455406
12.007,-0.383177
12.067,-0.336186
12.1231,-0.297859
12.1832,-0.268716
12.2535,-0.266036
12.3217,-0.265469
12.3271,-1.3267
12.3365,-1.11339
12.3478,-0.943261
12.363,-0.80932
13.3992,0.760156
13.4112,0.32007
13.3991,-0.0327862
13.3698,-0.317555
13.333,-0.548664
13.2916,-0.73417
13.2155,-0.646999
11.6581,-1.65851
11.6303,-1.53241
11.6067,-1.41938
11.5876,-1.31904
11.5772,-1.24253
13.1452,0.856312
13.1298,0.607572
13.1009,0.399409
13.0695,0.226173
13.0297,0.0845448
13.0178,-0.0923584
12.9509,-0.0872579
13.0531,1.15677
13.0986,0.877884
13.1263,0.644739
13.1439,0.449053
13.1527,0.287035
13.1544,0.15456
13.1716,-0.0134756
13.6487,1.96595
13.7429,1.51908
13.8005,1.16008
13.8425,0.85163
13.872,0.590166
13.9039,0.328019
Feature: 7.
14.1462,-1.50174
14.1248,-1.52786
14.1069,-1.5492
14.0911,-1.56737
14.0767,-1.58308
14.4678,-0.800322
14.4415,-0.964324
14.4134,-1.09983
14.3814,-1.21277
14.3511,-1.30447
14.3371,-1.40969
12.3264,-0.42053
12.4158,-0.352859
13.0922,-1.96226
13.104,-1.94962
13.1138,-1.93652
13.1194,-1.93003
13.1243,-1.92158
13.1447,-1.8759
13.1645,-1.83811
13.1961,-1.82574
13.2244,-1.81464
13.2433,-1.8072
13.4697,-0.913714
13.4997,-1.17526
13.5505,-1.44695
13.9045,0.294599
14.2522,-0.419998
14.2879,-0.831683
14.3152,-1.17651
14.3351,-1.45901
14.4711,-2.82406
14.3979,-2.69416
14.3163,-2.57734
14.2326,-2.47414
14.1514,-2.38429
14.091,-2.31333
14.0407,-2.25487
12.9872,-2.03765
12.9584,-1.94673
12.9301,-1.8757
13.1842,-2.11332
13.1524,-2.23102
13.119,-2.32185
13.0831,-2.38725
13.1169,-2.38268
12.1154,-2.16702
12.1952,-2.03837
12.271,-1.93005
12.3503,-1.84072
12.4198,-1.7655
12.4864,-1.71656
12.5481,-1.67653
12.6129,-1.64588
12.6833,-1.6432
12.7514,-1.64264
12.8237,-2.36438
12.8549,-2.1404
12.8849,-1.96062
12.9162,-1.81802
14.0477,-0.26044
14.0215,-0.723867
13.9755,-1.09583
13.9162,-1.39629
13.853,-1.64035
13.7885,-1.83658
13.7266,-1.74291
14.4435,1.30147
14.5209,0.835063
14.5636,0.45948
14.5924,0.136908
14.6102,-0.136593
14.6284,-0.41247
Feature: 8.
20.3497,0.192248
20.3606,-0.0349309
20.3614,-0.214257
20.2827,-0.121571
20.0891,-0.27756
20.1247,-0.487963
20.1547,-0.657212
20.1788,-0.790235
20.3451,-0.114152
20.3578,-0.143162
20.3692,-0.170114
20.3693,-0.167898
20.3706,-0.174054
20.3745,-0.179408
20.3797,-0.190996
20.3858,-0.206773
20.3825,-0.236442
20.3792,-0.264137
20.4423,-0.540789
20.4405,-0.660061
20.4363,-0.754909
20.4302,-0.829965
20.4223,-0.884145
20.4134,-0.92801
20.4042,-0.82067
20.3959,-0.731433
20.3931,-0.710195
20.3905,-0.689733
21.5726,2.66505
21.0078,1.18025
20.9982,0.923974
20.9817,0.701727
20.9578,0.508113
20.9339,0.348833
20.9053,0.213058
20.8739,0.192856
19.5145,-0.785501
19.5509,-0.791654
19.5868,-0.790415
19.6537,-0.769601
Feature: 9.
20.8662,-1.15001
20.8608,-1.38336
20.8474,-1.56788
20.773,-1.47364
20.4501,-1.72475
20.47,-1.939
20.4862,-2.11144
20.4984,-2.24713
20.2862,-1.64269
20.3,-1.67174
20.3124,-1.69873
20.3151,-1.69661
20.3186,-1.70285
20.3246,-1.70827
20.3314,-1.71991
20.3389,-1.73573
20.3356,-1.7654
20.3324,-1.79309
20.2584,-2.04927
20.2461,-2.16723
20.2328,-2.26087
20.2187,-2.33482
20.2037,-2.388
20.1887,-2.43095
20.1867,-2.32467
20.1846,-2.23633
20.1818,-2.21509
20.1793,-2.19462
21.7574,0.360934
19.4034,-2.24042
19.4375,-2.24638
19.4714,-2.24498
19.5382,-2.22417
