PILLAR: 1.
-3.16024,-0.759465
-3.16024,-0.759465
-3.16024,-0.759465
-3.16024,-0.759465
-3.16024,-0.759465
-3.16024,-0.759465
-3.16024,-0.759464
-3.16024,-0.759464
-3.16024,-0.759464
-3.09702,-0.754982
-3.09702,-0.754982
-3.09702,-0.754982
-3.09702,-0.754982
-3.09702,-0.754982
-2.96504,-0.772012
-2.96707,-0.771826
-2.96867,-0.771679
-2.96996,-0.771561
-2.7509,-0.817754
-3.03986,-0.772142
-3.03986,-0.772142
-3.03986,-0.772142
-3.03986,-0.772142
-3.03986,-0.772143
-3.03986,-0.772143
-3.03986,-0.772143
-3.03986,-0.772143
-3.03986,-0.772143
-3.03986,-0.772143
-3.11877,-0.789083
-3.11877,-0.789083
-3.11877,-0.789083
-2.85137,-0.783453
-2.85478,-0.783484
-2.85778,-0.783511
-2.86043,-0.783534
-2.86279,-0.783555
-2.8649,-0.783573
-2.86679,-0.783589
-2.82938,-0.828099
-2.82938,-0.828099
-3.3452,-0.763822
-3.3452,-0.763822
-3.54774,-0.749344
-3.54555,-0.749174
-3.54354,-0.749018
-3.5417,-0.748877
-3.54001,-0.748747
-3.53845,-0.748628
-3.53701,-0.748518
-3.53568,-0.748417
-3.27466,-0.732291
-3.27466,-0.732291
-3.27466,-0.732291
-3.53892,-0.733413
-3.53694,-0.733359
-3.5351,-0.733308
-3.53339,-0.733259
-3.53179,-0.733214
-3.5303,-0.733171
-3.52891,-0.73313
-2.78453,-0.860285
-2.78448,-0.860297
-3.14686,-0.952886
-3.1447,-0.953011
-3.14268,-0.953127
-3.14078,-0.953234
-3.13898,-0.953333
-3.13729,-0.953425
-3.13569,-0.95351
-3.13418,-0.95359
-2.76916,-1.17594
-2.77006,-1.17504
-2.77092,-1.17419
-2.77174,-1.17337
-2.77252,-1.17259
-2.77326,-1.17185
-2.77398,-1.17114
-3.44494,-1.53163
-3.44434,-1.5303
-3.44376,-1.52903
-3.44321,-1.52782
-3.44268,-1.52665
-3.44218,-1.52554
-3.44169,-1.52447
-3.034,-0.387256
-3.03592,-0.382007
-3.03783,-0.376838
-3.03395,-0.373034
-3.03579,-0.367995
-3.03762,-0.363029
-3.03393,-0.359332
-3.03028,-0.355696
-3.03199,-0.350901
-3.03369,-0.346173
-3.51448,-0.764877
-3.51417,-0.764927
-3.51387,-0.764975
-3.51359,-0.765022
-3.51331,-0.765068
-3.51304,-0.765112
-3.51278,-0.765154
-3.51253,-0.765195
-3.51228,-0.765236
-3.13429,-0.807488
-3.33107,-1.04195
-2.75537,-1.24246
-2.75135,-1.2355
-2.74786,-1.22905
-2.74481,-1.22306
-2.74214,-1.21747
-2.7398,-1.21225
-2.73775,-1.20737
-2.94536,-0.807187
-3.57485,-0.780585
-3.572,-0.779494
-3.24639,-0.98643
-2.86732,-1.16139
-2.86512,-1.15772
-2.8631,-1.15423
-2.86125,-1.15093
-2.85955,-1.1478
-2.85798,-1.14483
-2.85654,-1.142
-3.43222,-0.539874
-3.43132,-0.540233
-3.29404,-0.548216
-3.29378,-0.548851
-3.29354,-0.549459
-3.29332,-0.550041
-3.29311,-0.5506
-3.29292,-0.551135
-3.29274,-0.55165
-3.29257,-0.552145
-3.30882,-0.265025
-3.30785,-0.268539
-2.67653,-1.32952
-2.67072,-1.33176
-3.71788,-0.372752
-3.71928,-0.369253
-3.72069,-0.36578
-3.72214,-0.362331
-3.7236,-0.358906
-3.72508,-0.355505
-3.72658,-0.352127
-3.7281,-0.348772
-2.70717,-1.42632
-2.70297,-1.42963
-3.29904,-0.721494
-3.29913,-0.721841
-3.29921,-0.722175
-3.29929,-0.722499
-3.29936,-0.722811
-3.29943,-0.723113
-3.2995,-0.723405
-3.17861,-0.676516
-3.21452,-0.861379
-3.21438,-0.861215
-2.964,-0.776222
-2.9642,-0.776392
-2.9644,-0.776556
-2.96459,-0.776716
-2.96478,-0.776871
-2.96497,-0.777022
-2.96516,-0.777168
-2.96534,-0.77731
-3.27441,-0.712556
-3.27408,-0.712867
-3.28501,-0.626419
-3.28561,-0.625818
-3.2862,-0.625214
-3.28679,-0.624607
-3.28737,-0.623997
-3.28795,-0.623385
-3.28852,-0.622771
-3.28909,-0.622154
-3.17813,-0.770433
-3.51221,-0.879869
-3.77357,-0.79792
-3.96375,-0.741632
-3.96335,-0.741174
-3.17382,-0.441947
-2.9957,-1.41266
-2.99522,-1.41284
-2.99474,-1.41302
-2.99427,-1.4132
-3.32327,-1.38977
-3.38968,-1.37186
-3.38866,-1.37164
-3.38766,-1.37142
-2.73936,-1.22966
-2.96819,-0.268908
-2.88847,-0.293522
-2.88757,-0.291106
-2.88667,-0.288703
-2.70081,-0.359012
-2.70736,-0.3553
-2.71322,-0.35174
-2.71848,-0.348312
-2.72323,-0.345002
-2.95465,-0.772411
-2.95462,-0.772361
-2.95459,-0.772312
-2.84417,-0.646714
-2.84706,-0.647461
-2.84974,-0.648178
-2.85224,-0.648866
-2.85457,-0.649528
-3.60997,-0.542889
-3.61031,-0.542794
-3.61064,-0.542701
-3.00584,-0.900695
-3.14432,-0.8559
-3.37994,-0.825966
-3.37986,-0.825937
-3.37978,-0.825907
-3.73745,-0.815936
-3.73768,-0.815831
-3.7379,-0.815727
-3.73812,-0.815626
-3.73834,-0.815526
-3.73855,-0.815429
-2.94689,-1.05132
-3.20847,-1.00553
-3.20902,-1.00883
-3.20957,-1.0121
-3.31108,-1.01108
-3.36382,-1.06924
-3.36558,-1.07232
-3.36732,-1.07539
-3.36904,-1.07843
-3.37074,-1.08145
-3.33013,-0.732304
-3.32996,-0.732394
-3.3298,-0.732483
-3.32964,-0.73257
-3.54951,-0.728352
-3.5366,-0.727793
-3.53655,-0.727877
-3.5365,-0.72796
-3.53644,-0.728042
-3.53639,-0.728123
-3.49316,-0.985437
-3.60894,-0.971233
-3.60892,-0.971071
-3.6089,-0.97091
-3.60888,-0.970753
-3.60887,-0.970597
-3.60885,-0.970444
PILLAR: 2.
-3.47249,-2.40729
-3.47249,-2.40729
-3.47249,-2.40729
-3.47249,-2.40729
-3.47249,-2.40729
-3.47249,-2.40729
-3.47249,-2.40729
-3.47249,-2.40729
-3.47249,-2.40729
-3.47977,-2.39922
-3.47977,-2.39922
-3.47977,-2.39922
-3.47977,-2.39922
-3.47977,-2.39922
-3.30415,-2.4258
-3.30623,-2.4256
-3.30788,-2.42544
-3.3092,-2.42532
-3.36619,-2.40962
-3.47561,-2.40093
-3.47561,-2.40093
-3.47561,-2.40093
-3.47561,-2.40093
-3.47561,-2.40093
-3.47561,-2.40093
-3.47561,-2.40093
-3.47561,-2.40093
-3.47561,-2.40093
-3.47561,-2.40093
-3.3967,-2.38399
-3.3967,-2.38399
-3.3967,-2.38399
-3.12314,-2.37942
-3.12657,-2.37945
-3.12958,-2.37947
-3.13224,-2.3795
-3.13462,-2.37951
-3.13673,-2.37953
-3.13864,-2.37955
-3.59204,-2.34317
-3.59204,-2.34317
-3.07622,-2.40745
-3.07622,-2.40745
-3.36788,-2.40509
-3.36583,-2.40494
-3.36395,-2.4048
-3.36223,-2.40467
-3.36065,-2.40455
-3.35919,-2.40444
-3.35785,-2.40434
-3.3566,-2.40425
-3.2223,-2.43619
-3.2223,-2.43619
-3.2223,-2.43619
-3.58894,-2.43738
-3.58709,-2.43732
-3.58537,-2.43727
-3.58377,-2.43721
-3.58227,-2.43717
-3.58088,-2.43712
-3.57957,-2.43708
-3.4252,-2.24891
-3.78413,-2.30591
-3.78408,-2.30592
-4.28667,-2.29074
-4.2844,-2.29096
-4.28227,-2.29117
-4.28026,-2.29137
-4.27837,-2.29155
-4.27659,-2.29172
-4.27491,-2.29187
-4.27332,-2.29202
-2.76735,-2.25316
-2.75794,-2.24626
-4.08966,-1.94092
-2.75581,-2.23726
-2.74682,-2.23057
-4.0806,-1.93303
-4.08577,-1.92341
-2.75154,-2.21983
-2.74301,-2.21348
-2.73461,-2.20715
-3.0849,-2.41882
-3.0846,-2.41887
-3.0843,-2.41892
-3.08401,-2.41897
-3.08373,-2.41901
-3.08346,-2.41906
-3.0832,-2.4191
-3.08295,-2.41914
-3.08271,-2.41918
-3.46022,-2.37701
-3.55215,-2.36759
-3.29384,-2.44284
-3.2927,-2.44204
-3.47673,-2.33017
-2.71447,-2.48261
-3.19724,-2.54913
-3.19751,-2.54963
-3.1027,-2.5621
-3.10249,-2.56274
-3.1023,-2.56335
-3.10212,-2.56394
-3.10196,-2.5645
-3.10181,-2.56504
-3.10166,-2.56556
-3.10153,-2.56605
-3.12868,-2.28094
-3.12905,-2.28131
-3.12941,-2.28168
-3.12976,-2.28203
-3.13009,-2.28237
-3.13041,-2.2827
-3.13072,-2.28302
-3.13241,-1.96877
-3.13225,-1.9677
-3.1321,-1.96664
-3.22361,-2.00162
-3.22338,-2.00091
-3.22317,-2.00021
-3.22295,-1.99952
-3.20729,-1.91399
-3.72801,-1.90029
-3.72929,-1.89937
-3.72223,-1.78798
-3.92533,-1.56849
-3.92622,-1.56694
-3.9271,-1.56542
-3.92797,-1.56392
-3.54352,-2.21429
-3.40551,-2.25879
-3.2714,-2.24882
-3.27126,-2.24879
-3.27112,-2.24876
-3.5668,-2.23269
-3.56702,-2.23258
-3.56724,-2.23248
-3.56745,-2.23238
-3.56767,-2.23228
-3.56787,-2.23218
-3.62669,-2.05904
-3.5555,-2.87999
-3.55673,-2.88316
-3.55794,-2.88631
-3.66325,-2.88457
-3.85677,-2.91071
-3.85791,-2.91396
-3.85904,-2.91719
-3.86016,-2.92039
-3.86126,-2.92357
-3.88845,-1.8718
-3.2727,-2.41941
-3.27253,-2.4195
-3.27236,-2.41958
-3.2722,-2.41967
-3.20747,-2.38142
-3.21482,-2.38492
-3.21472,-2.38499
-3.21462,-2.38507
-3.21453,-2.38514
-3.21444,-2.38522
-3.10958,-2.16651
-3.21915,-2.15027
-3.21914,-2.15011
-3.21913,-2.14995
-3.21911,-2.14979
-3.2191,-2.14964
-3.21909,-2.14949
PILLAR: 3.
-1.33456,-0.0898762
-1.33456,-0.0898757
-1.33456,-0.0898754
-1.33456,-0.089875
-1.33456,-0.0898749
-1.33456,-0.0898747
-1.33456,-0.0898746
-1.33456,-0.0898744
-1.33456,-0.0898743
-1.39049,-0.102433
-1.39049,-0.102433
-1.39049,-0.102433
-1.39049,-0.102433
-1.39049,-0.102433
-1.27638,-0.074537
-1.27838,-0.0744071
-1.27996,-0.074305
-1.28123,-0.0742234
-1.33607,-0.0603867
-1.923,-0.197623
-1.07827,0.1312
-0.600173,0.101605
-0.594449,0.105817
-0.589377,0.109729
-0.584869,0.113372
-0.58085,0.116773
-0.577257,0.119954
-0.574038,0.122938
-0.25279,0.338591
-0.830642,-0.00894976
-0.826995,-0.0106929
-0.961397,0.084474
-0.214264,0.0870771
-0.211225,0.088976
-0.208419,0.0907751
-0.205822,0.0924816
-0.203414,0.094102
-0.201179,0.0956428
-0.199101,0.0971093
-0.335421,0.0597879
-0.851374,-0.137936
-0.850238,-0.139808
-0.70508,-0.202364
-0.704812,-0.203066
-0.704565,-0.203735
-0.704335,-0.204375
-0.704122,-0.204987
-0.703923,-0.205572
-0.703738,-0.206133
-0.703565,-0.206671
-0.730392,-0.611288
-0.729418,-0.614802
-0.555906,0.0547091
-0.552728,0.0564844
-0.29388,-0.091867
-0.295111,-0.0903436
-0.29637,-0.0888255
-0.297656,-0.0873127
-0.298966,-0.0858055
-0.300298,-0.084304
-0.30165,-0.0828085
-0.30302,-0.081319
-0.730194,-0.0360771
-0.728752,-0.0354706
-0.926518,-0.260666
-0.926525,-0.261446
-0.926528,-0.2622
-0.926528,-0.26293
-0.926526,-0.263636
-0.926521,-0.264319
-0.926515,-0.264981
-0.805623,-0.218092
-0.769687,-0.0342825
-0.769545,-0.0341181
-0.45189,-0.184108
-0.452097,-0.184246
-0.4523,-0.18438
-0.452501,-0.184509
-0.4527,-0.184635
-0.452895,-0.184757
-0.453088,-0.184875
-0.453278,-0.18499
-0.664423,-0.19092
-0.664095,-0.19123
-0.634631,-0.382247
-0.634947,-0.384739
-0.635263,-0.387198
-0.63558,-0.389626
-0.635897,-0.392023
-0.636215,-0.39439
-0.636533,-0.396727
-0.636852,-0.399036
-0.58775,-0.398265
-0.587669,-0.398399
-0.587591,-0.398528
-0.587515,-0.398654
-0.587441,-0.398776
-0.587369,-0.398894
-0.587299,-0.399009
-0.587232,-0.39912
-0.587166,-0.399229
-0.564548,-0.37579
-0.738381,-0.260651
-0.739027,-0.260315
-0.739651,-0.25999
-0.740255,-0.259677
-0.900759,-0.228587
-0.889733,-0.228124
-0.891398,-0.227989
-0.910713,-0.213607
-0.145933,-0.377932
-0.146316,-0.377643
-0.146686,-0.377363
0.126389,-0.485569
0.224575,-0.49187
0.215539,-0.491253
0.207249,-0.490705
0.19962,-0.490215
0.192574,-0.489776
-0.199535,-0.232753
-0.199329,-0.233323
-0.199127,-0.233887
0.0245592,-0.357933
0.0205056,-0.361131
0.0166809,-0.364309
0.0130664,-0.367468
0.00964359,-0.370609
-0.968758,-0.142521
-0.969503,-0.142711
-0.970172,-0.142348
-0.970904,-0.142532
-0.835755,-0.498229
-0.836269,-0.497155
-0.836756,-0.496125
-0.837218,-0.495134
-0.837656,-0.494181
-0.121147,-0.401125
-0.121501,-0.400881
-0.121845,-0.400642
-0.075691,-0.4077
-0.173006,-0.360953
-0.172695,-0.36093
-0.172406,-0.360907
-0.172134,-0.360885
-0.17188,-0.360863
-0.431254,-0.278924
-0.431158,-0.27896
-0.431064,-0.278995
-0.430972,-0.279029
-0.957751,-0.0887045
-0.952054,-0.0893046
-0.413893,-0.285396
-0.484025,-0.476148
-0.483961,-0.476268
-0.483899,-0.476386
-0.483837,-0.476501
-0.483777,-0.476615
-0.483718,-0.476726
-0.48366,-0.476835
-0.483603,-0.476943
0.470742,-0.341078
0.47211,-0.342012
0.47364,-0.341409
0.352619,-0.302679
0.354563,-0.30525
0.356461,-0.307805
0.358313,-0.310345
0.360125,-0.31287
-0.427388,-0.240933
-0.314183,-0.349765
-0.31442,-0.349625
-0.314652,-0.349486
-0.314879,-0.349352
-0.315101,-0.349219
-0.315319,-0.349089
-0.315532,-0.348962
-0.315741,-0.348838
-0.390996,0.245696
0.0289675,-0.422611
-0.549757,-0.263265
-0.865455,-0.479561
-0.164754,0.172001
-0.357334,0.23715
-0.357347,0.239121
-0.651438,-0.242764
-0.651536,-0.242802
-0.651633,-0.24284
-0.567002,-0.585853
-0.0729053,0.652725
-0.0726145,0.652817
-0.0723276,0.652907
-0.0720439,0.652996
-0.38433,0.65258
-0.431454,0.642448
-0.430308,0.642492
-0.429187,0.642537
-0.0224686,-0.315772
-0.232161,-0.300655
-0.233282,-0.299905
-0.23423,-0.299244
-0.235039,-0.298654
-0.235735,-0.298127
-0.400182,-0.161244
-0.398838,-0.160791
-0.33009,-0.0327877
-0.329091,-0.0313485
-0.328098,-0.0299172
-0.149266,-0.0382282
-0.155684,-0.0355658
-0.161417,-0.0330203
-0.166557,-0.0305768
-0.171181,-0.0282227
0.041013,-0.495263
0.0410502,-0.495289
0.0410873,-0.495315
0.160671,-0.499314
0.157726,-0.498918
0.154992,-0.498553
0.152444,-0.498216
0.150067,-0.497905
-0.797257,-0.730964
-0.796887,-0.730283
-0.796526,-0.729616
-0.90299,-0.736765
-0.902686,-0.736197
-0.90239,-0.73564
-0.902098,-0.735095
-0.85776,-0.400686
-0.725785,-0.8353
-1.27263,-0.763387
-1.27383,-0.762629
-1.22594,-0.743962
-1.39038,-0.622197
-1.3912,-0.620845
-1.392,-0.619515
-1.39281,-0.618205
-0.525707,-0.738842
-0.526046,-0.73882
-0.52638,-0.7388
0.154475,-0.383753
0.154643,-0.383705
0.154811,-0.383658
0.154976,-0.383612
0.15514,-0.383566
0.155302,-0.38352
0.155463,-0.383475
0.155622,-0.383431
-0.409856,-0.28215
-0.409799,-0.281998
-0.409744,-0.281848
-0.793981,-0.142784
-0.79421,-0.142667
-0.794436,-0.142552
-0.794658,-0.142439
-0.794878,-0.142328
-0.795095,-0.142218
-1.01936,-0.0426481
PILLAR: 4.
4.68487,-0.883357
4.68487,-0.883356
4.68488,-0.883356
4.68488,-0.883356
4.68488,-0.883357
4.68488,-0.883357
4.68488,-0.883357
4.21859,-1.12774
4.21859,-1.12774
4.21859,-1.12774
4.35787,-0.951073
4.35583,-0.95113
4.35423,-0.951177
4.35294,-0.951218
4.29729,-0.942537
4.49431,-0.955506
4.49431,-0.955506
4.20884,-1.0072
4.20543,-1.0073
4.20243,-1.00739
4.19978,-1.00746
4.19742,-1.00753
4.19531,-1.00759
4.19341,-1.00765
4.39798,-1.00365
4.39798,-1.00365
4.39798,-1.00365
4.89248,-0.990459
4.89465,-0.991004
4.89664,-0.991506
4.89846,-0.99197
4.90013,-0.9924
4.90167,-0.992799
4.9031,-0.99317
4.90442,-0.993516
4.94089,-0.834969
4.94286,-0.835562
4.94469,-0.836104
4.9464,-0.8366
4.94799,-0.837056
4.94947,-0.837475
4.95086,-0.837862
5.05336,-0.855043
4.96748,-0.942109
4.96963,-0.941526
4.97166,-0.940978
4.97356,-0.940463
4.97535,-0.939977
4.97705,-0.939519
4.97864,-0.939086
4.98015,-0.938677
4.61085,-0.973563
4.61093,-0.973522
4.26422,-0.562973
4.26332,-0.562075
4.26246,-0.561219
4.26164,-0.560403
4.26086,-0.559624
4.26011,-0.558881
4.2594,-0.558171
4.929,-0.196323
4.92959,-0.194998
4.93017,-0.19373
4.93072,-0.192515
4.93125,-0.191351
4.93175,-0.190234
4.93224,-0.189161
5.06101,-0.693764
4.2485,-0.592519
4.25108,-0.593614
4.25346,-0.594645
4.25564,-0.595615
4.25766,-0.596531
4.25952,-0.597396
4.26124,-0.598214
4.12133,-0.658213
3.95551,-0.738143
3.95391,-0.739071
3.95227,-0.739979
3.95062,-0.740869
3.94894,-0.74174
3.94725,-0.742595
3.94553,-0.743434
3.9438,-0.744257
3.97451,-0.733817
3.97432,-0.733899
3.97412,-0.733979
3.97392,-0.734055
3.97373,-0.734129
3.97354,-0.734201
3.97336,-0.73427
3.97317,-0.734337
4.33986,-1.56074
4.33816,-1.56903
4.33647,-1.57724
4.33479,-1.58536
4.33311,-1.59339
4.33144,-1.60134
4.32978,-1.6092
4.32812,-1.61699
4.799,-0.744061
4.31252,-0.574602
4.3126,-0.574736
4.31267,-0.574865
4.31275,-0.574991
4.31282,-0.575112
4.3129,-0.575231
4.31297,-0.575345
4.31303,-0.575457
4.3131,-0.575565
5.03527,-0.943407
4.29571,-0.600208
4.89811,-0.746264
4.89742,-0.746428
4.89675,-0.746587
4.89611,-0.746741
4.72725,-0.804227
4.73839,-0.802652
4.73669,-0.80281
4.71536,-0.807897
4.68195,-0.863166
4.68932,-0.862
4.16746,-0.800955
4.17419,-0.802664
4.18023,-0.804133
4.18569,-0.805409
4.19065,-0.806526
4.19517,-0.80751
4.19611,-0.807422
4.40014,-0.487102
4.39973,-0.48767
4.39934,-0.488221
4.67319,-0.41298
4.7708,-0.38972
4.76179,-0.390082
4.75352,-0.39043
4.74591,-0.390765
4.73888,-0.391088
4.92941,-0.587509
4.17024,-1.58218
4.16894,-1.58764
4.36687,0.0261438
4.42592,-1.47559
4.42181,-1.47901
4.41793,-1.4824
4.41427,-1.48575
4.4108,-1.48908
4.58639,-0.727298
4.5843,-0.727803
4.60065,-0.163621
4.43391,-1.4925
4.59924,-0.163413
4.59852,-0.158846
4.73307,-0.581906
4.73253,-0.582584
4.73202,-0.583231
4.73153,-0.58385
4.73107,-0.584441
4.64925,-0.840876
4.47137,-0.628983
4.471,-0.629181
4.47063,-0.629374
4.51777,-0.615799
4.41439,-0.6755
4.41471,-0.675399
4.41501,-0.675304
4.41528,-0.675213
4.41554,-0.675126
4.56201,-0.772254
4.29705,-0.728092
4.29715,-0.728128
4.29724,-0.728163
4.29733,-0.728198
3.71414,-0.944297
3.71992,-0.944447
4.40847,-0.338369
4.33834,-0.529122
4.3384,-0.529242
4.33847,-0.529359
4.33853,-0.529475
4.33859,-0.529588
4.33865,-0.5297
4.33871,-0.529809
4.33876,-0.529917
4.17779,-1.43167
4.32851,-0.0975327
4.18068,-1.43202
4.03349,-1.4786
4.03562,-1.48059
4.0377,-1.48258
4.03973,-1.48455
4.04172,-1.48652
4.28298,-0.0969038
4.39204,-0.151182
4.9034,-0.856737
4.90257,-0.856635
4.90176,-0.856535
4.90097,-0.856437
4.40541,-0.95629
4.40976,-0.956017
4.41387,-0.955745
4.41774,-0.955472
4.42142,-0.955199
4.4249,-0.954928
4.44165,-0.0327997
4.54591,-0.710801
4.54565,-0.71089
4.54541,-0.710977
4.54516,-0.711064
4.54492,-0.711148
4.54469,-0.711231
4.54446,-0.711313
4.54424,-0.711394
4.66569,-0.770841
4.3019,-1.27568
4.32174,-0.550561
4.77543,-0.884001
4.77499,-0.883882
4.78082,-0.906129
4.77926,-0.90573
4.77778,-0.905346
4.77637,-0.904975
4.77502,-0.904616
4.77374,-0.90427
4.77251,-0.903934
4.65315,-0.800432
4.65293,-0.800437
4.81543,-0.790477
4.81457,-0.790588
4.81374,-0.790696
4.81292,-0.790801
4.81212,-0.790904
4.81135,-0.791004
4.81059,-0.791101
4.8952,-0.499263
4.89382,-0.499766
4.89248,-0.50026
5.02442,-0.504926
5.01662,-0.504809
5.00973,-0.504771
5.00359,-0.504793
4.99806,-0.504864
4.68914,-0.539576
4.68854,-0.539911
4.8072,-0.538683
4.803,-0.538732
4.79915,-0.538805
4.79559,-0.538898
4.7923,-0.539009
4.73197,-0.609119
4.73151,-0.609499
4.73106,-0.609873
4.35118,-0.286729
4.51098,-0.439338
4.51099,-0.440037
4.51101,-0.440724
4.10321,-0.54781
4.10879,-0.549911
4.11408,-0.551923
4.11911,-0.553851
4.1239,-0.555702
4.59984,-0.852265
4.56775,-0.864822
4.56776,-0.864736
4.93828,-0.881739
4.93623,-0.881607
4.93426,-0.881479
4.93235,-0.881355
4.93051,-0.881233
4.92873,-0.881114
4.81123,-0.024675
4.79237,-0.0251179
4.79184,-0.0257607
4.79133,-0.0263942
4.79083,-0.0270199
4.79033,-0.0276368
4.78984,-0.0282453
4.78936,-0.028846
4.93327,-0.357682
4.71878,-0.629813
4.71868,-0.629888
4.71858,-0.629962
4.66352,-0.0190574
3.85935,-1.01909
3.8598,-1.01863
3.86024,-1.01817
3.86068,-1.01773
3.53468,-1.05007
3.47118,-1.0974
3.47222,-1.0976
3.47324,-1.09778
3.44518,-0.80347
3.44671,-0.803358
4.45601,-0.72042
4.25355,-0.615192
4.25233,-0.61582
4.25129,-0.616409
4.2504,-0.616964
4.24963,-0.617489
4.39623,-0.671336
4.39901,-0.673722
4.20086,-0.798034
4.20156,-0.798324
4.20227,-0.798615
4.39841,-0.696787
4.39172,-0.695994
4.38573,-0.695258
4.38033,-0.694568
4.37546,-0.693918
4.74728,-0.746891
4.74236,-0.747069
4.36682,-0.574531
4.36686,-0.574667
4.3669,-0.574801
4.47901,-0.765492
4.47617,-0.763452
4.47353,-0.761534
4.47107,-0.759724
4.46878,-0.758014
4.80645,-0.758601
4.80569,-0.758494
4.55446,-0.630396
4.55485,-0.630621
4.55523,-0.630843
4.4472,-0.574021
4.44751,-0.573793
4.44782,-0.57357
4.44812,-0.573352
4.49472,-0.445252
4.32027,-0.538428
4.32053,-0.538741
4.55505,-0.569985
4.00048,-0.373635
3.99931,-0.373219
4.05809,-0.552244
3.8971,-0.635814
3.89629,-0.634872
3.89548,-0.633941
3.89467,-0.633022
4.66062,-0.794038
4.66062,-0.793988
4.66062,-0.793939
5.27427,-0.549017
5.27394,-0.549134
5.27361,-0.549249
4.06316,-0.739013
4.06332,-0.739018
4.06348,-0.739024
4.06364,-0.73903
4.0638,-0.739036
4.06396,-0.739041
4.06412,-0.739047
4.06427,-0.739052
4.39796,-0.809543
4.39802,-0.809495
4.76572,-1.01033
4.7655,-1.01019
4.76528,-1.01006
4.76506,-1.00992
4.76484,-1.00979
4.76463,-1.00965
4.52182,-1.02157
5.37799,-0.597931
5.37607,-0.598114
5.37418,-0.598297
5.3723,-0.598479
5.37045,-0.598661
5.53738,-0.536311
4.63657,-0.685685
4.64938,-0.785322
4.64944,-0.785194
4.64949,-0.785067
4.64954,-0.784941
4.6496,-0.784818
4.72765,-0.776318
4.72768,-0.776206
4.7277,-0.776095
4.72772,-0.775985
4.72774,-0.775877
4.72775,-0.775771
PILLAR: 5.
5.32803,-2.22278
5.32804,-2.22278
5.32804,-2.22278
5.32804,-2.22278
5.32804,-2.22278
5.32804,-2.22278
5.32804,-2.22278
4.74304,-2.48122
4.74304,-2.48122
4.74304,-2.48122
4.91795,-2.2902
4.91587,-2.29027
4.91423,-2.29034
4.91291,-2.29039
4.85604,-2.28222
5.05306,-2.29519
5.05306,-2.29519
4.79757,-2.25369
4.79415,-2.25379
4.79114,-2.25388
4.78848,-2.25396
4.7861,-2.25404
4.78399,-2.2541
4.78208,-2.25416
4.98666,-2.25016
4.98666,-2.25016
4.98666,-2.25016
5.1891,-2.42076
5.19095,-2.42137
5.19267,-2.42193
5.19427,-2.42244
5.19577,-2.42291
5.19717,-2.42334
5.19848,-2.42374
5.17621,-2.45543
5.52676,-2.24612
5.52902,-2.24549
5.53115,-2.2449
5.53316,-2.24434
5.53505,-2.24381
5.53683,-2.24332
5.53851,-2.24285
5.54009,-2.24241
5.17079,-2.27729
5.17087,-2.27725
3.95922,-2.06499
3.96218,-2.06659
3.96469,-2.06803
3.96683,-2.06934
3.96863,-2.07055
3.97017,-2.07165
3.97146,-2.07266
4.5525,-2.40586
4.18726,-2.29818
4.1887,-2.29923
4.18999,-2.30022
4.19115,-2.30115
4.1922,-2.30203
4.19314,-2.30286
4.19399,-2.30365
4.0454,-2.36328
4.48471,-2.19576
4.48492,-2.19659
4.48512,-2.19739
4.48531,-2.19814
4.48548,-2.19886
4.48564,-2.19954
4.48579,-2.2002
4.48593,-2.20082
4.49793,-2.38021
4.24631,-2.15837
4.37587,-2.23648
4.37504,-2.2366
4.37425,-2.23672
4.37348,-2.23683
4.18125,-2.28591
4.19269,-2.28444
4.19092,-2.28457
4.16445,-2.28776
4.14552,-2.34834
4.15342,-2.34736
4.21642,-2.3824
4.21566,-2.38294
4.21493,-2.38345
4.56536,-2.31411
4.67534,-2.29151
4.66592,-2.29185
4.65728,-2.29218
4.64932,-2.2925
4.64197,-2.2928
4.88882,-2.49126
5.16071,-2.2214
5.01379,-2.30207
5.0117,-2.30258
4.81509,-1.94945
4.81412,-1.95015
4.81319,-1.95082
4.81231,-1.95146
4.81147,-1.95208
4.80988,-2.20142
4.32609,-2.11345
4.21274,-2.23205
4.21221,-2.23222
4.21169,-2.23239
4.26603,-2.21996
4.12553,-2.27339
4.12587,-2.2733
4.1262,-2.27321
4.1265,-2.27312
4.12678,-2.27304
4.29984,-2.37475
4.53661,-2.64238
4.2323,-2.20727
4.23148,-2.20717
4.23067,-2.20707
4.22987,-2.20697
3.64123,-2.25642
3.64573,-2.25624
3.64998,-2.25604
3.65398,-2.25585
3.65777,-2.25564
3.66136,-2.25544
4.34697,-1.56531
4.27318,-2.22182
4.27286,-2.22189
4.27254,-2.22197
4.27223,-2.22204
4.27192,-2.22211
4.27162,-2.22218
4.27133,-2.22225
4.27104,-2.22232
4.39249,-2.28177
4.14771,-2.30903
4.2774,-2.17017
4.27696,-2.17005
4.45277,-2.24577
4.45091,-2.2453
4.44914,-2.24484
4.44745,-2.24441
4.44585,-2.24398
4.44432,-2.24358
4.44285,-2.24318
4.54562,-2.32147
4.40075,-2.2566
4.40053,-2.25661
4.56895,-2.24766
4.56813,-2.24778
4.56733,-2.24789
4.56655,-2.248
4.56579,-2.24811
4.56505,-2.24822
4.56433,-2.24832
4.75828,-2.23096
4.89874,-2.46004
4.89748,-2.46054
4.89625,-2.46104
5.01358,-2.46568
5.00604,-2.46556
4.99939,-2.46552
4.99347,-2.46555
4.98815,-2.46562
4.79631,-2.46126
4.79578,-2.46159
4.89551,-2.46133
4.89151,-2.46137
4.88784,-2.46143
4.88446,-2.46152
4.88134,-2.46162
4.95959,-2.23933
5.48444,-2.29267
5.47817,-2.29142
5.47227,-2.29023
5.46673,-2.28911
5.4615,-2.28805
5.56591,-2.31753
4.54431,-2.1939
4.50936,-2.20634
4.50936,-2.20625
4.69803,-2.20286
4.696,-2.20273
4.69403,-2.2026
4.69214,-2.20248
4.69031,-2.20236
4.68854,-2.20224
5.53184,-2.18783
5.52848,-2.18761
5.76994,-2.16644
5.76579,-2.16618
4.94687,-2.94777
4.95907,-2.9466
4.95879,-2.94723
4.95852,-2.94785
4.95826,-2.94846
4.95799,-2.94907
4.95774,-2.94966
4.95748,-2.95025
4.75134,-3.16846
5.17357,-1.57708
5.17432,-1.57279
4.58322,-2.39627
4.58311,-2.39635
4.58299,-2.39642
4.02681,-2.19967
4.0268,-2.1998
4.0268,-2.19992
4.06907,-2.37442
4.06684,-2.37253
4.06478,-2.37076
4.06287,-2.36909
4.06109,-2.36751
4.36479,-2.35911
4.36443,-2.35911
5.31024,-2.46516
5.30893,-2.46483
5.28848,-2.69142
5.0435,-2.82115
5.04252,-2.8203
5.04154,-2.81945
5.04057,-2.81862
4.23536,-2.35086
4.23537,-2.35081
4.23538,-2.35076
4.31098,-2.25522
4.31061,-2.25532
4.31024,-2.25541
4.39048,-2.16452
4.39062,-2.16453
4.39077,-2.16454
4.39091,-2.16455
4.39105,-2.16456
4.39119,-2.16457
4.39132,-2.16458
4.39146,-2.16459
4.72515,-2.23508
4.72521,-2.23503
5.39546,-2.199
5.39524,-2.19886
5.39502,-2.19872
5.39481,-2.19858
5.3946,-2.19844
5.39439,-2.19831
5.12758,-2.22264
5.07452,-2.31625
4.68434,-2.40118
PILLAR: 6.
-2.54774e+17,4.59121e-41
-2.54774e+17,4.59121e-41
-2.54774e+17,4.59121e-41
-2.54774e+17,4.59121e-41
-2.54774e+17,4.59121e-41
-2.54774e+17,4.59121e-41
-2.54774e+17,-0.318755
-2.54774e+17,4.59121e-41
-2.54774e+17,4.59121e-41
-2.54774e+17,4.59121e-41
-2.54774e+17,4.59121e-41
-2.54774e+17,4.59121e-41
-2.54774e+17,4.59121e-41
-2.54774e+17,4.59121e-41
-2.54774e+17,4.59121e-41
-2.54774e+17,1.10264
-2.54774e+17,1.13776
-2.54774e+17,1.16979
-2.54774e+17,1.19914
PILLAR: 7.
12.3366,-0.233826
12.3364,-0.233803
12.3362,-0.233779
12.336,-0.233755
12.3358,-0.233731
12.9073,-0.337761
12.9074,-0.337876
12.9882,-0.827729
13.3237,-0.0351983
13.1649,-0.225303
13.1743,-0.222656
13.1549,-0.256941
13.1157,-0.229832
13.1229,-0.225683
12.9397,-0.277119
12.9378,-0.277105
12.9363,-0.277094
12.9613,-0.488723
12.9679,-0.486746
12.9738,-0.485124
12.9792,-0.483777
12.9841,-0.482646
12.9885,-0.481688
12.9896,-0.484912
12.4648,-0.291574
12.4558,-0.293592
12.4475,-0.295458
12.4399,-0.297188
12.4329,-0.2988
12.6174,-0.267599
12.6739,-0.30324
12.8888,-0.276776
12.8886,-0.276921
12.0881,-0.425827
12.084,-0.429635
12.0802,-0.433387
12.0766,-0.437084
12.0731,-0.440729
12.3137,-0.413038
12.3116,-0.413541
12.5358,-0.588921
12.5352,-0.592052
12.5347,-0.59505
12.5342,-0.597923
12.5338,-0.600678
12.4394,-0.398583
13.071,-0.516953
12.5261,-0.393053
12.8641,-0.32703
12.8644,-0.326787
12.8647,-0.326557
12.865,-0.326339
12.8653,-0.326132
13.0048,-0.282857
13.2212,-0.369049
13.2269,-0.368285
13.1009,-0.33253
13.1028,-0.333089
13.1047,-0.333664
13.1066,-0.334252
13.1084,-0.334854
13.4196,-0.329429
13.3738,-0.332154
13.2695,-0.305659
13.2738,-0.304381
13.2778,-0.303172
13.2816,-0.302028
13.2852,-0.300944
13.2886,-0.299914
12.7994,-0.370099
12.7994,-0.370028
12.7995,-0.369962
12.7996,-0.369899
12.6621,-0.369054
13.0617,0.0245358
13.0603,0.0230551
13.0591,0.0216579
13.0578,0.0203377
13.0567,0.0190896
13.0556,0.0179078
13.0545,0.0167883
13.1395,0.00524664
12.5031,-0.341723
12.5022,-0.341629
12.5013,-0.341537
12.5005,-0.341446
12.4997,-0.341356
12.4989,-0.341268
12.4982,-0.341181
12.6965,-0.342327
12.9639,-0.36845
12.9745,-0.372476
12.0805,-0.422473
12.0791,-0.422563
12.0777,-0.422649
12.2101,-0.48085
12.2023,-0.479782
12.1954,-0.478862
12.1892,-0.478062
12.1837,-0.477363
12.7647,-0.338088
12.772,-0.340275
12.3716,-0.392148
12.371,-0.392206
12.4907,-0.46663
12.4865,-0.46588
12.4826,-0.465198
12.4791,-0.464578
12.4758,-0.464012
12.5891,-0.38028
12.8772,-0.385381
12.8785,-0.386377
12.4473,-0.254737
12.4416,-0.255277
12.4362,-0.255794
12.4311,-0.256292
12.4263,-0.25677
12.3853,-0.188956
12.8431,-0.213191
12.8419,-0.214514
12.5091,-0.515319
12.5086,-0.515699
12.5081,-0.516073
12.0819,-1.13968
12.7215,-0.691807
12.7215,-0.692506
12.7216,-0.693192
12.3174,-0.613085
12.323,-0.613273
12.3283,-0.61345
12.3333,-0.613617
12.3381,-0.613776
12.7675,-0.340575
12.7675,-0.340535
12.5349,-0.168798
12.5321,-0.170401
12.5392,-0.190487
12.5356,-0.19207
12.8402,-0.165206
12.787,-0.232499
12.7805,-0.232987
12.7741,-0.233465
12.768,-0.233933
12.7619,-0.234391
12.7561,-0.23484
13.1827,-0.225261
12.122,-0.424272
12.1274,-0.426309
12.1269,-0.426338
12.1264,-0.426366
12.1259,-0.426394
12.1255,-0.426421
12.125,-0.426448
12.1245,-0.426474
12.2685,-0.75531
13.2971,-0.233035
13.5499,-0.0498852
13.551,-0.0506971
13.552,-0.0514805
13.5504,-0.0542576
13.552,-0.05522
13.0096,-0.361844
13.0099,-0.362161
13.0102,-0.362472
13.0105,-0.362779
13.0597,-0.468311
12.8852,-0.561486
12.8855,-0.5618
13.5753,-0.184889
13.5313,0.172374
13.5306,0.17257
13.5298,0.172773
13.5291,0.17298
12.9858,-0.245151
12.9858,-0.245056
12.9858,-0.244962
PILLAR: 8.
13.4489,-1.66814
13.449,-1.66825
13.449,-1.66837
13.9643,-1.26553
13.7862,-1.46556
13.7957,-1.46282
13.7721,-1.49925
13.745,-1.46605
13.7525,-1.46168
13.5694,-1.51312
13.5674,-1.5131
13.5659,-1.51309
13.8697,-1.32923
13.8766,-1.32687
13.8829,-1.32493
13.8885,-1.32331
13.8936,-1.32194
13.8989,-1.32435
12.8332,-1.48802
12.9058,-1.57546
12.8965,-1.57757
12.888,-1.57953
12.8802,-1.58134
12.8729,-1.58302
13.0952,-1.53824
13.1837,-1.56142
13.3986,-1.53495
13.3983,-1.5351
14.0679,-1.46173
14.0737,-1.46088
14.1028,-1.39561
14.1072,-1.39424
14.1113,-1.39294
14.1153,-1.39172
14.119,-1.39055
14.1225,-1.38945
13.6332,-1.45964
13.6333,-1.45957
13.6334,-1.4595
13.6334,-1.45944
13.771,-1.46016
13.1906,-1.75545
13.1889,-1.75696
13.1872,-1.75838
13.1856,-1.75973
13.1841,-1.761
13.1826,-1.76221
13.1813,-1.76335
13.28,-1.77386
13.1331,-1.47722
13.1311,-1.47701
13.1291,-1.47681
13.1272,-1.47661
13.1254,-1.47642
13.1236,-1.47623
12.7786,-1.78923
12.7754,-1.79089
12.5177,-1.79493
12.5137,-1.79651
12.8495,-1.76977
12.7619,-1.83689
12.7553,-1.83738
12.749,-1.83785
12.7428,-1.83832
12.7367,-1.83878
12.7308,-1.83923
13.1669,-1.82977
13.7171,-1.68331
13.6472,-1.82745
13.6481,-1.82827
13.6491,-1.82906
13.5951,-1.83392
13.5966,-1.83489
PILLAR: 9.
20.8977,-2.54176
20.896,-2.54453
20.8944,-2.54716
20.8929,-2.54966
20.9975,-2.5003
20.3807,-2.50506
20.3799,-2.50477
20.3792,-2.50449
20.3785,-2.5042
20.3777,-2.50393
20.6704,-3.08428
20.6646,-3.13434
20.2654,-2.55226
20.2579,-2.55012
20.2512,-2.54821
20.2453,-2.54649
20.24,-2.54493
20.5569,-3.24704
20.5518,-3.28212
20.1958,-2.59597
20.1919,-2.59442
20.1882,-2.59298
20.1848,-2.59165
20.1817,-2.5904
20.2551,-2.64657
20.2612,-3.44794
20.7254,-1.91261
19.8698,-2.72152
19.8634,-2.72397
19.8574,-2.72631
19.8518,-2.72853
19.8464,-2.73065
19.7686,-2.77046
20.2265,-2.79469
20.2252,-2.79602
21.1444,-2.37628
21.1735,-2.64205
21.1796,-2.64018
21.1854,-2.63838
21.1908,-2.63665
21.1961,-2.63498
20.3913,-2.66536
20.3893,-2.66508
20.3873,-2.66481
20.3854,-2.66455
20.3836,-2.6643
20.3818,-2.66405
19.4562,-2.6163
19.6641,-2.56103
19.6576,-2.56159
19.6512,-2.56216
19.645,-2.56272
19.639,-2.56328
19.6331,-2.56384
20.0733,-2.51351
PILLAR: 10.
11.4206,-2.691
11.4206,-2.65588
11.4206,-2.62386
11.4206,-2.5945
12.5898,-2.91507
12.5898,-2.91507
12.5898,-2.91507
12.5898,-2.91507
12.5898,-2.91507
11.9378,-3.52822
12.161,-3.19073
12.0067,-2.93011
12.0047,-2.93312
12.003,-2.93587
12.0016,-2.9384
12.0002,-2.94074
12.1469,-2.99459
12.1496,-2.99698
11.2854,-2.85343
11.2778,-2.85547
11.2709,-2.85747
11.2647,-2.85943
11.259,-2.86136
11.6309,-2.91434
11.6259,-2.91452
11.482,-2.66247
11.4799,-2.65776
11.4779,-2.65332
11.4761,-2.64912
11.4744,-2.64515
11.7706,-2.7936
11.7703,-2.79176
