PILLAR: 1.
-3.19541,-0.853058
-3.19541,-0.853058
-3.19541,-0.853058
-3.19541,-0.853058
-3.19541,-0.853058
-3.19541,-0.853058
-3.19541,-0.853058
-3.19541,-0.853058
-3.19541,-0.853058
-3.13181,-0.848704
-3.13181,-0.848704
-3.13181,-0.848704
-3.13181,-0.848704
-3.13181,-0.848704
-2.99586,-0.866104
-2.99794,-0.865918
-2.99959,-0.865771
-3.00092,-0.865653
-2.77802,-0.912641
-3.07154,-0.866487
-3.07154,-0.866487
-3.07154,-0.866487
-3.07154,-0.866487
-3.07154,-0.866487
-3.07154,-0.866487
-3.07154,-0.866487
-3.07154,-0.866487
-3.07154,-0.866487
-3.07154,-0.866487
-3.15094,-0.88319
-3.15094,-0.88319
-3.15094,-0.88319
-2.87886,-0.876976
-2.88234,-0.877013
-2.8854,-0.877044
-2.88811,-0.877072
-2.89052,-0.877095
-2.89268,-0.877117
-2.89461,-0.877136
-2.86068,-0.921705
-2.86068,-0.921705
-3.37638,-0.857721
-3.37638,-0.857721
-3.57899,-0.843801
-3.57681,-0.843629
-3.57482,-0.843473
-3.57299,-0.84333
-3.57131,-0.843199
-3.56976,-0.843078
-3.56833,-0.842968
-3.567,-0.842866
-3.3059,-0.826108
-3.3059,-0.826108
-3.3059,-0.826108
-3.56952,-0.827724
-3.56755,-0.827665
-3.56573,-0.827609
-3.56404,-0.827556
-3.56246,-0.827507
-3.56098,-0.82746
-3.5596,-0.827416
-2.81041,-0.956365
-2.81036,-0.956378
-3.15149,-1.04113
-3.14981,-1.04129
-3.14824,-1.04144
-3.14675,-1.04158
-3.14536,-1.04171
-3.14405,-1.04183
-3.14281,-1.04194
-3.14164,-1.04204
-2.79339,-1.2076
-2.79378,-1.20728
-2.79415,-1.20697
-2.79451,-1.20667
-2.79486,-1.20639
-2.79518,-1.20612
-2.7955,-1.20586
-3.47487,-1.56976
-3.47461,-1.56923
-3.47436,-1.56871
-3.47411,-1.56822
-3.47388,-1.56774
-3.47365,-1.56728
-3.47344,-1.56684
-3.06382,-0.471049
-3.05976,-0.467115
-3.0616,-0.461851
-3.06344,-0.456666
-3.06528,-0.451557
-3.06711,-0.446522
-3.06341,-0.442742
-3.05975,-0.439024
-3.05612,-0.435367
-3.05777,-0.430554
-3.55552,-0.851225
-3.55521,-0.851273
-3.5549,-0.85132
-3.5546,-0.851365
-3.55432,-0.851409
-3.55404,-0.851451
-3.55377,-0.851492
-3.55351,-0.851532
-3.55325,-0.851571
-3.17028,-0.894652
-2.98933,-1.33059
-3.18614,-0.433153
-2.9718,-1.32661
-3.09357,-0.832116
-3.63928,-0.888039
-3.63584,-0.886653
-3.32583,-1.12726
-2.65174,-1.54898
-2.6517,-1.5419
-2.65171,-1.53519
-2.65175,-1.52882
-2.65183,-1.52276
-2.65193,-1.517
-2.65206,-1.51151
-3.48819,-0.66037
-3.48687,-0.660337
-3.26928,-0.691354
-3.2693,-0.691291
-3.30615,-0.958121
-3.30552,-0.957842
-3.06936,-0.919465
-3.06874,-0.919414
-3.06816,-0.919365
-3.06761,-0.919318
-3.06708,-0.919274
-3.06659,-0.919233
-3.06611,-0.919194
-3.06566,-0.919156
-3.35463,-0.847559
-3.35445,-0.847718
-3.35428,-0.847873
-3.35412,-0.848022
-3.35396,-0.848167
-3.3538,-0.848306
-3.35365,-0.848441
-3.3535,-0.848572
-3.35335,-0.848698
-3.26637,-0.831608
-3.01263,-1.08405
-3.01247,-1.08329
-3.01232,-1.08256
-3.01217,-1.08184
-3.01203,-1.08115
-3.0119,-1.08048
-3.01178,-1.07983
-3.01167,-1.0792
-3.69778,-1.02668
-3.6971,-1.02642
-3.69645,-1.02617
-3.69581,-1.02592
-3.69519,-1.02568
-3.6946,-1.02544
-3.69402,-1.02521
-3.69345,-1.02498
-3.22497,-0.787867
-3.56524,-1.01929
-3.72612,-1.08394
-3.90402,-1.29625
-3.9033,-1.29531
-3.90258,-1.29438
-3.20169,-0.583223
-2.93659,-1.58518
-2.93607,-1.58591
-2.93556,-1.58662
-2.93505,-1.58733
-3.18438,-1.50097
-3.12164,-1.06743
-3.12154,-1.06726
-3.00121,-1.06796
-3.00109,-1.06779
-3.00098,-1.06762
-2.78654,-1.12953
-2.78647,-1.12962
-2.7864,-1.1297
-2.78634,-1.12978
-2.78628,-1.12986
-3.36231,-0.527235
-3.36242,-0.526939
-2.91362,-0.91307
-2.91363,-0.912936
-2.91364,-0.912802
-2.70936,-1.24535
-2.98275,-0.850696
-2.98268,-0.850613
-2.9826,-0.850531
-2.98253,-0.850449
-3.58156,-0.732702
-3.58183,-0.732459
-3.5821,-0.732219
-3.05186,-1.02166
-3.18574,-0.972221
-3.55828,-0.949302
-3.5583,-0.949352
-3.55831,-0.9494
-3.81083,-0.96452
-3.81159,-0.964721
-3.81235,-0.964922
-3.8131,-0.965123
-3.81385,-0.965323
-3.81459,-0.965523
-2.95161,-1.19056
-3.21462,-0.962548
-3.21514,-0.966078
-3.21564,-0.969585
-3.41228,-1.20315
-3.5196,-1.24007
-3.5177,-1.24099
-3.51581,-1.24191
-3.51394,-1.24282
-3.51208,-1.24372
-3.33384,-0.835186
-3.14414,-0.322408
-3.1447,-0.319631
-3.1435,-0.317084
-3.50847,-0.289047
-3.48841,-0.285707
-3.489,-0.283015
-3.48959,-0.280336
-3.49017,-0.277672
-3.49074,-0.275021
-3.5156,-1.06929
-3.59116,-1.05842
-3.5911,-1.05835
-3.59104,-1.05828
-3.59098,-1.05822
-3.59093,-1.05815
-3.59088,-1.05809
PILLAR: 2.
-3.50448,-2.50203
-3.50448,-2.50203
-3.50448,-2.50203
-3.50448,-2.50203
-3.50448,-2.50203
-3.50448,-2.50203
-3.50448,-2.50203
-3.50448,-2.50203
-3.50448,-2.50203
-3.51166,-2.49389
-3.51165,-2.49389
-3.51165,-2.49389
-3.51165,-2.49389
-3.51165,-2.49389
-3.33067,-2.52105
-3.33281,-2.52085
-3.33451,-2.52069
-3.33587,-2.52057
-3.39393,-2.50436
-3.50828,-2.49522
-3.50828,-2.49522
-3.50828,-2.49522
-3.50828,-2.49522
-3.50828,-2.49522
-3.50828,-2.49522
-3.50828,-2.49522
-3.50828,-2.49522
-3.50828,-2.49522
-3.50828,-2.49522
-3.42888,-2.47852
-3.42888,-2.47852
-3.42888,-2.47852
-3.14864,-2.4737
-3.15213,-2.47374
-3.1552,-2.47377
-3.15793,-2.47379
-3.16035,-2.47381
-3.16251,-2.47383
-3.16445,-2.47385
-3.62311,-2.43805
-3.62311,-2.43805
-3.10741,-2.50204
-3.10741,-2.50204
-3.39636,-2.49993
-3.39431,-2.49977
-3.39245,-2.49963
-3.39074,-2.4995
-3.38916,-2.49938
-3.38771,-2.49927
-3.38637,-2.49917
-3.38514,-2.49908
-3.25303,-2.53098
-3.25303,-2.53098
-3.25303,-2.53098
-3.61574,-2.53279
-3.6139,-2.53273
-3.6122,-2.53267
-3.61061,-2.53261
-3.60913,-2.53256
-3.60775,-2.53251
-3.60646,-2.53247
-3.45206,-2.34504
-3.81966,-2.39859
-3.81961,-2.3986
-4.28164,-2.39071
-4.27977,-2.39103
-4.27802,-2.39132
-4.27638,-2.3916
-4.27483,-2.39186
-4.27337,-2.3921
-4.272,-2.39232
-4.2707,-2.39253
-4.1338,-2.02621
-2.79553,-2.33622
-2.78621,-2.32935
-2.77706,-2.32251
-2.76806,-2.3157
-4.10998,-2.01999
-4.11515,-2.0103
-4.1202,-2.0007
-2.7794,-2.30267
-2.77093,-2.29633
-3.11511,-2.50702
-3.11479,-2.50707
-3.11448,-2.50711
-3.11419,-2.50716
-3.1139,-2.5072
-3.11362,-2.50724
-3.11335,-2.50728
-3.11309,-2.50732
-3.11284,-2.50736
-3.49532,-2.46436
-3.487,-2.58005
-3.48483,-2.57877
-3.65255,-2.45663
-2.72118,-2.70867
-3.35327,-2.69286
-3.3529,-2.69289
-3.13807,-2.72409
-3.13826,-2.72404
-3.48384,-2.50883
-3.48336,-2.50854
-3.32862,-2.45864
-3.32809,-2.45857
-3.3276,-2.45851
-3.32712,-2.45845
-3.32668,-2.4584
-3.32625,-2.45834
-3.32585,-2.45829
-3.32547,-2.45824
-3.25413,-2.42971
-3.25434,-2.4299
-3.25455,-2.43007
-3.25474,-2.43025
-3.25493,-2.43041
-3.25511,-2.43057
-3.25528,-2.43073
-3.25544,-2.43088
-3.2556,-2.43102
-3.39887,-2.32973
-3.39884,-2.32955
-3.3282,-2.3183
-3.32811,-2.31812
-3.32802,-2.31795
-2.87335,-2.419
-2.87326,-2.41909
-2.87317,-2.41917
-2.87308,-2.41925
-2.873,-2.41933
-3.17072,-1.91055
-3.17049,-1.90921
-3.17026,-1.90788
-3.29087,-1.88558
-3.29068,-1.88448
-3.29049,-1.88341
-3.29031,-1.88235
-3.23647,-1.83854
-3.79662,-1.96164
-3.79704,-1.96052
-3.96464,-1.80382
-4.03604,-1.63291
-4.03621,-1.63167
-4.03637,-1.63044
-4.03654,-1.62924
-3.5641,-2.3333
-3.43047,-2.38263
-3.23286,-2.34331
-3.23274,-2.34332
-3.23262,-2.34334
-3.40123,-2.33615
-3.40161,-2.33624
-3.40198,-2.33632
-3.40234,-2.33641
-3.40271,-2.33649
-3.40307,-2.33658
-3.68359,-2.16104
-3.6088,-3.11507
-3.44807,-3.14196
-3.4478,-3.14555
-2.70596,-2.43872
-2.82444,-2.48196
-2.82231,-2.48274
-2.82019,-2.48353
-2.81809,-2.48431
-2.816,-2.48509
-3.20918,-1.98736
-3.28748,-2.53796
-3.01652,-2.02103
-3.67476,-1.93847
-3.67577,-1.9352
-3.65954,-1.98574
-3.66489,-1.97995
-3.66609,-1.97719
-3.66728,-1.97445
-3.66847,-1.97172
-3.66965,-1.96901
-3.13434,-2.86137
-3.12028,-2.25772
-3.13645,-2.22541
-3.13639,-2.22534
-3.13633,-2.22528
-3.13626,-2.22521
-3.1362,-2.22514
-3.13614,-2.22507
PILLAR: 3.
-1.34431,-0.189067
-1.34431,-0.189067
-1.34431,-0.189067
-1.34431,-0.189066
-1.34431,-0.189066
-1.34431,-0.189066
-1.34431,-0.189066
-1.34431,-0.189066
-1.34431,-0.189066
-1.40074,-0.20156
-1.40074,-0.201559
-1.40074,-0.201559
-1.40074,-0.201559
-1.40074,-0.201559
-1.28309,-0.171965
-1.28515,-0.171837
-1.28678,-0.171737
-1.28809,-0.171657
-1.34386,-0.15745
-1.93814,-0.295574
-1.4443,-1.12532
-1.44514,-1.13693
-1.4459,-1.14739
-1.44659,-1.15684
-1.44722,-1.16541
-1.44778,-1.17322
-1.4483,-1.18035
-1.44878,-1.18688
-1.44922,-1.19288
-0.653318,-0.32333
-0.644757,-0.319589
-0.635834,-0.319239
-0.216915,-0.220856
-0.828244,-0.363333
-0.824419,-0.364043
-0.957817,-0.24378
-0.30749,0.0742077
-0.305598,0.0785993
-0.303846,0.0827604
-0.302221,0.0867074
-0.30071,0.0904555
-0.299305,0.0940184
-0.297996,0.0974083
-0.408666,-0.105608
-0.877529,-0.414866
-0.876095,-0.416052
-0.658183,-0.450598
-0.658179,-0.450764
-3.03136e-10,4.59149e-41
-3.03136e-10,4.59149e-41
-0.858071,-0.293426
-0.857386,-0.293375
-0.589623,-0.384859
-0.588977,-0.38495
-0.588365,-0.385038
-0.587784,-0.385122
-0.587232,-0.385202
-0.586709,-0.38528
-0.586211,-0.385355
-0.585738,-0.385427
-0.963299,-0.484414
-0.963038,-0.485154
-0.962784,-0.48587
-0.962538,-0.486561
-0.962298,-0.48723
-0.962065,-0.487877
-0.961837,-0.488504
-0.961616,-0.48911
-0.9614,-0.489697
-0.874416,-0.472608
-0.59072,-0.181219
-0.590457,-0.180726
-0.590207,-0.180249
-0.589968,-0.179786
-0.58974,-0.179339
-0.589523,-0.178905
-0.589315,-0.178484
-0.589118,-0.178077
-1.1787,-0.165523
-1.17798,-0.165377
-1.17729,-0.165234
-1.17661,-0.165092
-1.17596,-0.164954
-1.17533,-0.164818
-1.17471,-0.164684
-1.17412,-0.164553
-0.198847,-0.630586
-0.199895,-0.630044
-0.200901,-0.629523
-0.201871,-0.629021
-0.202801,-0.628538
-0.203698,-0.628072
-0.20456,-0.627624
-0.205391,-0.627191
-0.574149,-0.508127
-0.574592,-0.507945
-0.57502,-0.507769
-0.575435,-0.507599
-0.575835,-0.507435
-0.576223,-0.507276
-0.649103,-0.4173
-0.6425,-0.418421
-3.03136e-10,4.59149e-41
0.371917,-0.382875
0.373796,-0.382858
0.365047,-0.382705
0.35751,-0.382584
0.350959,-0.382487
0.345226,-0.382409
-0.130945,-0.568219
-0.131165,-0.568007
-0.131377,-0.567801
0.140544,-0.702276
0.121697,-0.764256
0.112843,-0.763329
0.104811,-0.762463
0.0974954,-0.761652
0.0908058,-0.760892
-0.182872,-0.430192
-0.182493,-0.429664
-0.182122,-0.429142
0.275226,-0.878745
0.267151,-0.877623
0.259652,-0.876554
0.25267,-0.875537
0.246155,-0.874565
-0.958766,-0.395309
-0.959477,-0.395497
-0.960184,-0.395683
-0.960883,-0.395868
-0.662103,-0.509388
-0.664976,-0.50895
-0.664082,-0.508981
-0.66679,-0.508565
-0.669344,-0.508165
-0.0979491,-0.593662
-0.0981332,-0.593511
-0.0983115,-0.593363
0.129374,-0.400917
0.144201,-0.193791
0.142209,-0.194672
0.140303,-0.195516
0.138485,-0.196328
0.136743,-0.197107
-0.368063,-0.233991
-0.367892,-0.233874
-0.367723,-0.23376
-0.367558,-0.233647
-0.464781,-0.0548538
-0.463245,-0.0550634
-3.03136e-10,4.59149e-41
-0.415194,-0.636399
-3.03136e-10,4.59149e-41
-0.128285,-0.611481
-0.131649,-0.610003
-0.13488,-0.608583
-0.137985,-0.607218
-0.140972,-0.605905
-0.143848,-0.604642
-0.146616,-0.603425
-0.361458,-0.423212
-0.361245,-0.423055
-0.361057,-0.423237
-0.360869,-0.423417
-0.360662,-0.423264
-0.360479,-0.423441
-0.360275,-0.423292
-0.360095,-0.423465
-0.359918,-0.423637
-0.257379,0.392913
0.483761,-0.687464
-3.03136e-10,4.59149e-41
-1.00818,-0.381646
-1.0546,-0.379053
-1.05975,-0.378619
-1.06484,-0.378535
-1.06983,-0.378113
-1.07476,-0.378033
-1.07961,-0.377622
-1.0844,-0.377545
-3.03136e-10,4.59149e-41
-3.03136e-10,4.59149e-41
-1.01479,-0.338879
-1.01747,-0.33732
-1.02001,-0.335852
-1.02273,-0.336511
-1.02504,-0.335204
-1.02753,-0.33578
-1.02968,-0.334599
-1.03199,-0.335106
-1.03401,-0.334029
-3.03136e-10,4.59149e-41
-3.03136e-10,4.59149e-41
-0.619348,-0.387836
-3.03136e-10,4.59149e-41
-3.03136e-10,4.59149e-41
-3.03136e-10,4.59149e-41
-3.03136e-10,4.59149e-41
-3.03136e-10,4.59149e-41
-0.559603,-0.535952
-0.946328,-0.463477
-1.14965,-0.356316
-0.437638,0.246851
-0.436716,0.247339
-0.435797,0.247826
-3.03136e-10,4.59149e-41
-0.61713,-0.39494
-0.292536,-0.61412
-0.292713,-0.614154
-3.03136e-10,4.59149e-41
-0.595247,-0.738077
-3.03136e-10,4.59149e-41
0.5506,-0.288426
0.550267,-0.288344
0.549941,-0.288263
0.549622,-0.288183
0.549309,-0.288104
-0.0753914,0.570196
-0.0752185,0.569933
-0.0750478,0.569674
-0.0748789,0.56942
-0.257948,0.564985
-3.03136e-10,4.59149e-41
0.0220507,-0.177062
0.0218448,-0.176971
0.021646,-0.176882
0.0214474,-0.176794
0.0212546,-0.176706
0.0210638,-0.17662
-0.643444,-0.377035
-0.643317,-0.376987
-0.497635,-0.476201
-0.497505,-0.476081
-0.497378,-0.475963
-0.438272,-0.0789537
-0.438221,-0.078996
-0.438171,-0.0790384
-0.438123,-0.07908
-0.438077,-0.079121
-0.354929,-0.784729
-0.355039,-0.784433
0.0949224,-0.669426
0.0949159,-0.669374
0.0949094,-0.669324
0.261362,-0.711025
0.0297277,-0.661911
0.0298031,-0.661842
0.0298776,-0.661774
0.0299497,-0.661707
-0.63879,-1.14469
-0.638425,-1.14379
-0.638067,-1.14291
-0.750752,-1.14734
-0.750502,-1.14644
-0.750255,-1.14557
-0.750013,-1.1447
-0.690545,-0.63741
-0.590993,-1.25552
-1.25631,-1.02073
-1.25659,-1.01997
-1.38796,-0.967647
-1.42541,-0.909688
-1.42552,-0.908642
-1.42563,-0.907614
-1.42574,-0.906603
-0.482796,-0.866461
-0.483076,-0.86633
-0.483353,-0.866201
-3.03136e-10,4.59149e-41
-0.957057,-1.47087
-0.956716,-1.47002
-0.956378,-1.46918
-0.956046,-1.46835
-0.955717,-1.46753
-0.955393,-1.46673
-0.955073,-1.46593
-0.954758,-1.46515
-0.954447,-1.46437
-3.03136e-10,4.59149e-41
-1.24289,0.559166
-1.24352,0.562527
-1.24415,0.565876
-1.24478,0.569213
-1.24541,0.572537
-1.24603,0.57585
-1.24665,0.579151
0.193466,-0.529147
-0.378229,-0.469523
-0.378287,-0.469272
-0.378345,-0.469025
-0.665837,-0.292242
-0.666788,-0.291552
-0.667735,-0.290865
-0.668677,-0.290183
-0.669615,-0.289503
-0.67055,-0.288827
-0.873193,-0.291779
PILLAR: 4.
4.74905,-0.958789
4.74905,-0.958789
4.74905,-0.958788
4.74906,-0.958788
4.74905,-0.958788
4.74905,-0.958788
4.74905,-0.958788
4.26887,-1.21461
4.26887,-1.21461
4.26887,-1.21461
4.41205,-1.02994
4.40996,-1.03
4.4083,-1.03006
4.40697,-1.0301
4.35037,-1.02146
4.55273,-1.03411
4.55273,-1.03411
4.26109,-1.08651
4.2576,-1.08661
4.25454,-1.0867
4.25183,-1.08678
4.24942,-1.08685
4.24726,-1.08692
4.24533,-1.08698
4.4542,-1.08267
4.4542,-1.08267
4.4542,-1.08267
4.94611,-1.06864
4.94827,-1.06917
4.95024,-1.06967
4.95206,-1.07013
4.95372,-1.07055
4.95526,-1.07094
4.95668,-1.07131
4.95799,-1.07165
4.99583,-0.912627
4.99779,-0.91322
4.9996,-0.913762
5.00129,-0.914258
5.00286,-0.914714
5.00434,-0.915133
5.00571,-0.91552
5.11124,-0.933154
4.71936,-0.0977409
4.71851,-0.109351
4.71775,-0.119806
4.71706,-0.129258
4.71644,-0.137834
4.71587,-0.145642
4.71535,-0.152772
4.71487,-0.159304
4.71444,-0.165302
4.9887,-0.947815
4.99037,-0.94684
4.99193,-0.945926
4.9934,-0.94507
4.99479,-0.944266
4.99609,-0.94351
4.99732,-0.942798
4.99848,-0.942128
4.65356,-0.976912
4.65373,-0.976621
4.31146,-0.561515
4.31107,-0.561192
4.31069,-0.560882
4.31034,-0.560586
4.30999,-0.560302
4.30966,-0.56003
4.30935,-0.559769
4.98812,-0.195362
4.98838,-0.194825
4.98863,-0.19431
4.98888,-0.193815
4.98911,-0.193339
4.98933,-0.192881
4.98955,-0.19244
4.22434,-0.669537
4.22537,-0.670337
4.22631,-0.671102
4.22715,-0.671834
4.22792,-0.672536
4.22861,-0.673209
4.22923,-0.673854
4.14193,-0.724215
4.85098,-0.718995
3.99477,-0.778198
3.99539,-0.778554
3.99598,-0.778894
3.99654,-0.779219
3.99708,-0.77953
3.99758,-0.779828
3.99806,-0.780114
3.99852,-0.780388
4.05855,-0.82145
4.05874,-0.821468
4.05892,-0.821486
4.05909,-0.821505
4.05926,-0.821523
4.05941,-0.821542
4.05956,-0.821561
4.0597,-0.821581
5.10863,-0.795311
5.10932,-0.795449
5.10999,-0.79558
5.11063,-0.795705
5.11126,-0.795825
5.11187,-0.79594
5.11246,-0.79605
5.11303,-0.796155
4.75222,-0.750997
4.75172,-0.751106
4.7255,-0.717618
4.72444,-0.717619
4.72342,-0.717623
4.72245,-0.717628
4.72151,-0.717634
4.7206,-0.717642
4.71973,-0.71765
4.71889,-0.71766
5.05432,-0.850099
5.14142,-0.948758
4.75451,-0.716299
4.75406,-0.716377
4.75362,-0.716451
4.75319,-0.716525
4.75278,-0.716596
4.75239,-0.716665
4.67003,-0.797744
4.6768,-0.79659
5.0356,-0.84869
5.03333,-0.848492
3.81859,-0.824881
3.82045,-0.824973
3.8118,-0.824083
3.80435,-0.82329
3.79788,-0.822578
3.79222,-0.821934
4.57892,-0.782203
4.44203,-0.509177
4.44182,-0.509638
4.44161,-0.510086
4.70331,-0.39123
4.67533,-0.340034
4.66667,-0.341204
4.65882,-0.342297
4.65168,-0.343322
4.64515,-0.344284
4.86854,-0.592583
4.38902,0.0788214
4.38886,0.0840863
4.27954,-1.54934
4.83349,-0.392306
4.82564,-0.393281
4.81835,-0.394202
4.81156,-0.395073
4.80524,-0.395898
5.05338,-0.709758
5.04798,-0.710064
4.65845,-0.0702624
4.65747,-0.0659527
4.6565,-0.0616714
4.65554,-0.0574182
4.95892,-0.760022
4.95602,-0.760201
4.95693,-0.760001
4.95419,-0.76017
4.95161,-0.760328
4.94127,-0.8337
4.52497,-0.621687
4.52479,-0.621784
4.52461,-0.621879
4.73537,-0.797108
4.69774,-0.992197
4.69606,-0.991283
4.69446,-0.990405
4.69293,-0.989562
4.69147,-0.988752
4.97234,-0.786366
4.35623,-0.910271
4.3564,-0.910155
4.35657,-0.91004
4.35674,-0.909927
4.14467,-1.2915
4.14649,-1.29066
5.1266,-0.374782
5.10108,-0.891617
5.1004,-0.891408
5.09974,-0.891204
5.09909,-0.891003
5.03337,-1.00508
5.03395,-1.00468
5.0345,-1.00429
5.03501,-1.00392
5.0355,-1.00355
5.03596,-1.00319
4.60338,0.0204458
4.50378,-1.50841
4.50315,-1.51221
4.60429,0.0165768
4.50354,-1.51226
4.60468,0.0165697
4.50393,-1.5123
4.50331,-1.51602
4.60556,0.0127932
4.77421,-0.770235
4.30924,-1.55671
4.27808,-0.516919
4.9785,-0.907243
4.90727,-0.863967
4.90657,-0.863876
4.9059,-0.863786
4.90524,-0.863698
4.90459,-0.86361
4.90397,-0.863524
4.90336,-0.863439
4.85939,-0.811835
4.85914,-0.811777
5.24026,-0.825334
5.2384,-0.825371
5.23659,-0.825406
5.23483,-0.82544
5.23311,-0.825473
5.23144,-0.825504
5.22981,-0.825535
5.16994,-0.541463
5.16827,-0.541786
5.16663,-0.542104
5.31915,-0.60431
5.31342,-0.603489
5.31315,-0.603814
5.30783,-0.603062
5.30286,-0.602373
4.95822,-0.563019
4.95742,-0.56325
5.08943,-0.617236
5.15056,-0.51072
5.14669,-0.511162
5.14304,-0.511603
5.13959,-0.512042
4.96746,-0.749726
4.96685,-0.74973
4.96624,-0.749734
4.64248,-0.410472
4.75429,-0.57867
4.75416,-0.579033
4.75404,-0.579389
4.38232,-0.617195
4.38598,-0.61839
4.38949,-0.619538
4.39284,-0.620643
4.39606,-0.621707
4.7981,-0.864891
4.92665,-0.867931
4.92634,-0.867852
5.10605,-0.744598
5.10434,-0.745056
5.10268,-0.745504
5.10109,-0.745941
5.09954,-0.746369
5.09805,-0.746786
5.00899,-0.754687
4.82359,-0.0405443
5.24782,-0.598556
5.24863,-0.598803
5.24944,-0.599049
4.825,-0.640431
5.12334,-0.026437
5.12321,-0.026917
4.231,-0.952981
4.23067,-0.952836
4.23036,-0.952693
4.23005,-0.952553
4.22975,-0.952414
4.778,-0.911287
4.77789,-0.911026
3.94756,-1.04413
3.94799,-1.04375
3.94842,-1.04337
3.94884,-1.04299
3.71321,-1.17287
4.49127,-1.06778
4.49109,-1.0676
4.4909,-1.06742
4.49072,-1.06725
4.49055,-1.06708
4.49037,-1.06691
5.05673,-0.770829
5.054,-0.770652
4.79118,-0.885159
4.79125,-0.885112
4.79131,-0.885067
4.79137,-0.885022
4.79143,-0.884977
4.48028,-0.599023
4.48028,-0.599093
4.48027,-0.599163
4.61922,-0.215579
4.41564,-0.671426
4.41572,-0.671378
4.41579,-0.67133
4.41587,-0.671283
4.93884,-0.707168
4.93857,-0.707222
5.3243,-0.639601
5.32407,-0.639775
5.20274,-0.856103
5.1639,-1.08513
5.16377,-1.08459
5.16365,-1.08406
5.16353,-1.08354
4.70038,-0.775084
4.7005,-0.775065
4.70062,-0.775047
5.38349,-0.555066
5.38322,-0.555148
5.38295,-0.55523
4.34569,-0.886284
4.34436,-0.885586
4.34304,-0.88489
4.34173,-0.884195
4.34042,-0.883503
4.33911,-0.882812
4.3378,-0.882123
4.19708,-0.763797
4.5704,-0.824678
4.57047,-0.824642
5.35303,-1.24617
5.33673,-0.676162
5.33852,-0.675428
5.3403,-0.674698
5.34207,-0.673972
5.34383,-0.673252
5.0478,-0.688173
4.68634,-0.700932
4.6993,-0.820329
4.69852,-0.820591
4.69774,-0.82085
4.69696,-0.821108
4.69619,-0.821364
4.43262,-0.277482
4.7976,-0.799883
4.79766,-0.799772
4.79771,-0.799662
4.79777,-0.799554
4.79782,-0.799448
4.79787,-0.799342
PILLAR: 5.
5.38927,-2.30066
5.38927,-2.30066
5.38927,-2.30066
5.38927,-2.30066
5.38927,-2.30066
5.38927,-2.30066
5.38927,-2.30066
4.78688,-2.57203
4.78688,-2.57203
4.78688,-2.57203
4.96691,-2.37271
4.96477,-2.3728
4.96307,-2.37287
4.96172,-2.37292
4.9038,-2.36482
5.10616,-2.37747
5.10616,-2.37747
4.84549,-2.3361
4.842,-2.33621
4.83892,-2.33631
4.8362,-2.33639
4.83378,-2.33647
4.83162,-2.33654
4.82968,-2.3366
5.03855,-2.33229
5.03855,-2.33229
5.03855,-2.33229
5.23707,-2.50294
5.23891,-2.50355
5.24062,-2.50411
5.2422,-2.50462
5.24368,-2.50509
5.24507,-2.50552
5.24636,-2.50592
5.22795,-2.53742
5.56165,-2.24674
5.5635,-2.24569
5.56523,-2.2447
5.56686,-2.24377
5.56839,-2.2429
5.56984,-2.24208
5.5712,-2.24131
5.57249,-2.24059
5.22756,-2.27537
5.22773,-2.27508
4.14434,-2.37992
4.14341,-2.38063
4.14249,-2.3813
4.14157,-2.38195
4.14065,-2.38257
4.13974,-2.38316
4.13884,-2.38372
4.10908,-2.43616
4.81814,-2.43094
4.36869,-2.27274
4.36854,-2.27335
5.2201,-2.45531
5.22072,-2.45545
5.22131,-2.45559
5.22189,-2.45572
5.22244,-2.45584
5.22298,-2.45596
5.22351,-2.45607
5.22402,-2.45618
4.86321,-2.41103
4.86271,-2.41113
4.14508,-2.15128
4.14387,-2.15122
4.1427,-2.15116
4.14157,-2.1511
4.14049,-2.15105
4.13945,-2.151
4.13845,-2.15096
4.13748,-2.15092
4.47291,-2.28336
4.38357,-2.18435
4.46322,-2.26973
4.46269,-2.26979
4.46218,-2.26985
4.46169,-2.26991
4.46121,-2.26997
4.46075,-2.27002
4.32864,-2.34093
4.33607,-2.33993
4.5017,-2.33628
4.50023,-2.33637
4.35347,-2.41762
4.35297,-2.41806
4.3525,-2.4185
4.72009,-2.30165
4.73953,-2.24945
4.73,-2.25065
4.72132,-2.25177
4.71341,-2.25282
4.70615,-2.2538
5.01344,-2.49757
5.46408,-2.25438
4.72863,-2.03132
4.72002,-2.03225
4.71202,-2.03312
4.70456,-2.03395
4.69759,-2.03473
5.04719,-2.35211
5.04194,-2.35242
4.99586,-2.12952
4.99281,-2.1297
4.99377,-2.1295
4.99089,-2.12968
4.98818,-2.12984
4.99959,-2.20245
4.62409,-2.12821
4.35531,-2.24161
4.35504,-2.24169
4.35477,-2.24178
4.43721,-2.39837
4.26037,-2.56115
4.25931,-2.56041
4.2583,-2.5597
4.25734,-2.55902
4.25642,-2.55836
4.46075,-2.33272
4.07999,-2.45501
4.30435,-2.17356
4.30367,-2.17336
4.30301,-2.17315
4.30236,-2.17295
4.07551,-2.17156
4.07618,-2.17124
4.07682,-2.17093
4.07742,-2.17062
4.078,-2.17032
4.07854,-2.17003
4.60303,-2.29815
4.03657,-2.27209
4.3898,-2.16352
4.65466,-2.22815
4.65398,-2.22806
4.65333,-2.22798
4.6527,-2.22789
4.65208,-2.22781
4.65147,-2.22773
4.65089,-2.22765
4.76699,-2.30328
4.513,-2.25779
4.51274,-2.25773
4.82513,-2.25307
4.82334,-2.25313
4.82159,-2.25318
4.81989,-2.25323
4.81823,-2.25328
4.81662,-2.25333
4.81505,-2.25338
5.17768,-2.31527
5.01132,-2.50997
5.00976,-2.51031
5.00825,-2.51064
5.2152,-2.57647
5.20916,-2.57563
5.20903,-2.57596
5.20343,-2.57519
5.19819,-2.57449
4.917,-2.50108
4.91628,-2.50131
5.08993,-2.55574
5.00366,-2.44365
5.00039,-2.44413
4.99731,-2.44462
4.9944,-2.4451
5.13968,-2.19998
5.56626,-2.464
5.56322,-2.46271
5.56031,-2.46148
5.55752,-2.46029
5.55485,-2.45915
5.6615,-2.4934
4.68829,-2.20839
4.81269,-2.21109
4.81237,-2.21101
4.8574,-2.06945
4.85604,-2.06997
4.85472,-2.07049
4.85345,-2.07098
4.85223,-2.07147
4.85104,-2.07194
5.49378,-2.21683
5.49333,-2.2164
5.73078,-2.18229
5.73101,-2.18289
5.29592,-2.96787
4.7844,-3.17829
5.68863,-2.91344
5.68914,-2.91374
5.68965,-2.91404
4.75075,-2.41053
4.12767,-2.80548
4.12731,-2.80587
4.48799,-2.24841
4.48809,-2.24838
4.48818,-2.24836
4.12975,-2.22225
4.1297,-2.22231
4.12965,-2.22237
4.42779,-1.86515
4.03559,-2.28799
4.03566,-2.28794
4.03573,-2.28789
4.03579,-2.28785
4.93267,-2.3678
4.93242,-2.36785
4.69863,-2.08841
4.69883,-2.08845
4.69903,-2.08848
4.57608,-2.14911
4.57625,-2.14865
4.57642,-2.1482
4.57658,-2.14775
4.57898,-1.90659
4.48687,-2.03725
4.48702,-2.03739
4.70981,-2.03194
5.29689,-2.25386
5.29643,-2.25403
5.1093,-2.46789
5.00039,-2.69132
5.00014,-2.69077
4.99989,-2.69023
4.99965,-2.68969
4.40962,-2.36318
4.40975,-2.36316
4.40987,-2.36314
4.45102,-2.28859
4.45068,-2.28864
4.45036,-2.28869
4.94241,-2.23
4.94044,-2.22958
4.93848,-2.22917
4.93653,-2.22876
4.93458,-2.22834
4.93264,-2.22793
4.93071,-2.22752
4.53882,-2.19378
4.91215,-2.25466
4.91221,-2.25462
4.85537,-1.79444
4.85484,-1.79218
4.85432,-1.78994
4.8538,-1.7877
4.85328,-1.78548
4.85276,-1.78326
4.3386,-2.65345
4.12953,-1.82156
5.07794,-2.33352
4.79266,-2.43304
PILLAR: 6.
13.7491,-1.38151
13.7481,-1.38241
13.7472,-1.38329
13.7453,-1.38495
14.0808,-1.51739
14.4111,-0.683261
14.4106,-0.683759
14.4102,-0.684242
14.3239,-1.07556
14.3308,-1.07028
14.0426,-1.06321
14.0404,-1.05817
13.677,-1.05532
13.6684,-1.05232
13.661,-1.0496
13.6546,-1.04713
13.649,-1.04487
13.5259,-0.662297
13.0355,-1.17298
13.0229,-1.21946
13.0138,-1.22447
13.0056,-1.22916
12.9981,-1.23354
12.9912,-1.23767
13.2458,-1.11817
13.6107,-1.78949
12.5684,-1.32048
12.5601,-1.32501
12.5524,-1.32931
12.5452,-1.33338
12.5385,-1.33726
12.83,-1.17149
12.8247,-1.1711
12.9314,-1.23097
12.9293,-1.23149
12.9266,-1.23249
12.9239,-1.23344
12.9201,-1.18006
13.6123,-1.36224
12.875,-1.03921
13.0646,-0.886003
13.0629,-0.881793
13.0612,-0.877752
13.0597,-0.873869
13.0581,-0.870136
13.3348,-1.07873
13.657,-0.937668
13.6587,-0.934652
12.8768,-0.919692
12.8735,-0.918214
12.8702,-0.916794
12.8671,-0.91543
12.8641,-0.914117
12.8613,-0.912853
12.8585,-0.911637
13.5889,-0.991503
13.5895,-0.990406
13.59,-0.989344
13.5905,-0.988314
13.591,-0.987317
13.5915,-0.98635
12.9362,-1.58608
12.9048,-1.39498
12.931,-0.771764
12.8945,-1.39454
12.921,-0.771183
12.8846,-1.39411
12.9112,-0.770621
12.875,-1.39369
13.0832,-1.08205
13.0825,-1.08181
13.0819,-1.08157
13.0812,-1.08134
13.0806,-1.08111
13.0799,-1.08089
13.0793,-1.08067
13.2189,-0.211933
12.5651,-1.08116
12.5633,-1.08087
12.5615,-1.08059
12.5597,-1.08031
12.558,-1.08004
12.5564,-1.07977
12.5547,-1.07951
12.9007,-1.03617
13.2325,-1.09919
13.2435,-1.10276
12.4139,-1.10652
12.4123,-1.10641
12.4107,-1.10629
12.576,-0.968183
12.5703,-0.968499
12.57,-0.96829
12.5646,-0.968588
12.5596,-0.968874
13.1957,-1.10041
13.2002,-1.10199
12.7035,-1.09434
12.7027,-1.09428
12.8443,-0.981741
12.8553,-1.46383
12.8517,-1.4619
12.8483,-1.46008
12.8452,-1.45836
13.0098,-1.38205
13.1915,-1.31919
13.1908,-1.31709
12.6751,-0.777688
12.6726,-0.778599
12.6702,-0.779466
12.6679,-0.780293
12.6657,-0.781083
12.6293,-0.711215
13.057,-0.795301
13.0573,-0.797409
12.8182,-1.08299
12.8175,-1.08299
12.8169,-1.08299
12.4126,-1.58107
13.0218,-1.25686
13.0217,-1.25723
13.0216,-1.25758
12.6621,-1.12462
12.6658,-1.12523
12.6693,-1.12582
12.6727,-1.12639
12.676,-1.12693
12.8109,-1.08518
12.8106,-1.08512
12.9284,-1.75475
12.9269,-1.75314
12.9255,-1.7516
12.9242,-1.75011
12.9229,-1.74867
12.9216,-1.74728
13.1463,-1.14824
13.1498,-1.14905
12.6006,-0.358638
12.8351,-1.97503
12.3303,-0.997841
12.8401,-1.94773
12.8404,-1.95311
12.4412,-1.18573
12.395,-0.999794
12.3946,-0.999511
12.3943,-0.999232
12.394,-0.998958
12.3937,-0.998687
12.942,-0.95756
12.9418,-0.957299
13.6848,-1.07845
12.6604,-0.975678
12.6602,-0.97534
12.6601,-0.975007
12.6599,-0.974679
12.6597,-0.974355
12.6595,-0.974036
12.3714,-0.887367
12.3508,-1.29432
13.5575,-1.12062
12.4806,-1.32243
11.8363,-1.13598
11.8364,-1.13581
11.8364,-1.13565
11.8365,-1.13549
11.8365,-1.13533
12.1556,-1.48762
13.2552,-1.05373
13.2552,-1.05373
13.2553,-1.05372
13.2554,-1.05371
12.5701,-1.13033
12.5698,-1.1303
13.318,-1.07689
13.3182,-1.07713
13.3185,-1.07736
13.3187,-1.07759
13.3638,-1.27665
13.2717,-1.40731
13.2719,-1.40745
13.5807,-0.902129
13.8364,-0.676161
13.8363,-0.676288
13.8362,-0.676412
13.8361,-0.676533
13.3779,-1.05724
13.378,-1.0572
13.3781,-1.05716
13.4332,-0.0404446
13.4335,-0.0395935
13.4338,-0.0387536
13.4342,-0.0379249
13.4345,-0.0371073
13.4348,-0.0363004
13.4351,-0.0355041
13.4355,-0.0347183
13.4358,-0.0339428
PILLAR: 7.
20.9922,-3.19738
20.9916,-3.19702
20.991,-3.19667
20.9905,-3.19633
21.5921,-2.67642
20.0811,-3.4733
20.0795,-3.4727
20.0779,-3.47212
20.0763,-3.47154
20.0748,-3.47098
20.4526,-3.32508
20.6165,-3.88248
20.9373,-2.85637
20.4577,-4.09534
20.4448,-4.15183
20.6606,-2.6011
20.4389,-4.1544
20.6558,-2.59743
20.4336,-4.15632
20.6515,-2.59443
20.4288,-4.15779
20.6473,-2.5919
20.0511,-3.37373
20.0449,-3.37446
20.0392,-3.37584
20.0338,-3.37712
20.4895,-4.00978
20.4853,-4.03302
20.0475,-3.41642
20.047,-3.15293
20.044,-3.14877
20.0411,-3.14485
20.0384,-3.14112
20.1653,-3.21888
20.347,-3.15602
20.3463,-3.15393
20.064,-3.54831
20.0607,-3.5515
20.0574,-3.55456
20.0543,-3.55748
20.0514,-3.56027
19.9735,-3.59822
20.4012,-3.68231
20.4015,-3.68442
21.0919,-3.2458
21.112,-3.49694
21.1159,-3.49697
21.1196,-3.49699
21.1231,-3.497
21.1265,-3.49701
20.5725,-2.44654
20.1138,-2.98673
20.1127,-2.98323
20.1116,-2.97985
20.1105,-2.97659
20.1095,-2.97344
20.1085,-2.9704
20.9953,-2.4406
21.0017,-2.42322
20.8525,-3.43292
