PILLARS.
Pillar: 1.
-3.34737,-0.684156
-3.34737,-0.684156
-3.34737,-0.684156
-3.34737,-0.684156
-3.34737,-0.684156
-3.34737,-0.684156
-3.34737,-0.684156
-3.34737,-0.684156
-3.34737,-0.684156
-3.20253,-0.728598
-3.17604,-0.737145
-3.17639,-0.737161
-3.17666,-0.737172
-3.17687,-0.737181
-3.17704,-0.737188
-3.11148,-0.740355
-3.11252,-0.740231
-3.11335,-0.740134
-3.11402,-0.740056
-3.1332,-0.74201
-3.12219,-0.669905
-3.12238,-0.67004
-3.12254,-0.670157
-3.12268,-0.670259
-3.1228,-0.670348
-3.12291,-0.670428
-3.12301,-0.670498
-3.12309,-0.67056
-3.12317,-0.670615
-3.24646,-0.732618
-3.24648,-0.732635
-3.2465,-0.732651
-3.07142,-0.731655
-3.07327,-0.731765
-3.0749,-0.731863
-3.07634,-0.731949
-3.07763,-0.732024
-3.07878,-0.732091
-3.07981,-0.732152
-2.84336,-0.727002
-3.06012,-0.666394
-3.06208,-0.666568
-3.06387,-0.666725
-3.0655,-0.666868
-3.067,-0.667
-3.06838,-0.667121
-3.06966,-0.667231
-3.07084,-0.667335
-3.20984,-0.684463
-3.20985,-0.68446
-3.78401,-0.709187
-3.78092,-0.709048
-3.77806,-0.708917
-3.7754,-0.708795
-3.77292,-0.708682
-3.77061,-0.708574
-3.76845,-0.708474
-3.76644,-0.70838
-4.20949,-0.678763
-2.81205,-0.8371
-2.81205,-0.8371
-3.18318,-0.904685
-3.1818,-0.904704
-3.1805,-0.904722
-3.17927,-0.904738
-3.17811,-0.904751
-3.17702,-0.904763
-3.17598,-0.904773
-3.175,-0.904782
-3.48372,-1.19306
-3.48332,-1.19231
-3.48293,-1.19158
-3.48257,-1.1909
-3.48222,-1.19024
-3.48189,-1.18961
-3.48157,-1.18901
-3.48127,-1.18844
-3.18158,-0.312536
-3.56959,-0.723089
-3.56938,-0.723123
-3.56916,-0.723156
-3.56896,-0.723188
-3.56877,-0.723219
-3.56858,-0.723248
-3.5684,-0.723276
-3.56823,-0.723304
-3.56806,-0.72333
-3.1863,-0.786942
-3.44233,-1.01192
-3.44004,-1.01006
-3.01437,-1.09377
-3.0073,-1.09171
-3.0005,-1.08981
-2.99396,-1.08806
-3.14457,-1.08172
-3.14449,-1.07865
-3.14444,-1.07577
-3.08035,-0.773665
-3.72986,-0.765736
-3.7279,-0.764811
-3.4881,-0.729232
-3.48742,-0.72902
-3.4868,-0.728819
-3.4862,-0.728627
-3.48564,-0.728444
-3.48512,-0.72827
-3.48462,-0.728103
-2.77802,-1.01263
-2.77839,-1.01169
-2.77876,-1.0108
-2.84152,-1.07631
-2.83883,-1.07422
-2.83658,-1.07233
-2.83467,-1.07059
-2.83304,-1.06899
-3.5283,-0.549346
-3.52779,-0.549347
-3.34672,-0.608382
-3.34702,-0.608162
-3.20708,-0.340976
-3.59683,-0.392338
-3.36199,-0.827362
-3.36174,-0.827224
-3.30541,-0.810434
-3.30521,-0.810402
-3.11924,-0.838666
-3.12592,-0.838552
-3.13188,-0.838431
-3.13723,-0.838305
-3.14205,-0.838176
-3.94241,-0.825985
-3.94201,-0.825766
-3.94162,-0.825553
-3.94123,-0.825345
-3.93933,-0.517961
-3.93681,-0.51937
-3.93447,-0.520733
-3.93229,-0.522051
-3.93024,-0.523327
-3.36639,-0.928682
-3.36626,-0.928343
-3.06077,-0.877638
-3.06087,-0.877334
-3.06097,-0.877039
-3.2237,-0.75962
-3.22126,-0.759951
-3.21897,-0.760263
-3.21682,-0.760559
-3.36203,-0.620746
-3.16203,-0.86332
-3.35132,-0.901151
-3.35137,-0.901109
-3.35142,-0.901068
-2.82437,-1.42183
-2.827,-1.42145
-2.82952,-1.4211
-2.83194,-1.42076
-2.83427,-1.42045
-3.26697,-0.858744
-3.26696,-0.858749
-3.26696,-0.858753
-3.06556,-1.00489
-3.06534,-1.00495
-3.06512,-1.00501
-2.9843,-0.932835
-3.10508,-1.02192
-3.1048,-1.02206
-3.10452,-1.02221
-3.28668,-0.584931
-3.28671,-0.585095
-2.97591,-0.595872
-2.97517,-0.59607
-2.97445,-0.596264
-2.97373,-0.596454
-3.11126,-0.986034
-3.11106,-0.985998
-2.87557,-1.08253
-2.87527,-1.08267
-2.87498,-1.08281
-2.8747,-1.08295
-2.87442,-1.08309
-2.95785,-0.783334
-2.95756,-0.783343
-2.95727,-0.783353
-2.87588,-0.826089
-2.87567,-0.826205
-2.87546,-0.82632
-2.87525,-0.826433
-2.87505,-0.826545
-3.5009,-0.735267
-3.50102,-0.735187
-3.50115,-0.735107
-3.50127,-0.73503
-3.50139,-0.734952
-3.61248,-0.561544
-3.61271,-0.561489
-3.61294,-0.561436
-3.00726,-0.916318
-3.00742,-0.916255
-3.407,-1.02904
-3.40721,-1.02908
-3.17178,-0.911019
-3.21126,-0.908896
-3.21126,-0.908789
-3.21126,-0.908684
-3.21126,-0.908581
-3.21126,-0.908479
-3.18295,-0.866095
-3.00942,-0.840316
-3.00938,-0.840263
-3.00933,-0.840212
-2.85767,-0.845883
-2.85746,-0.845849
-2.85725,-0.845815
-2.85704,-0.845782
-2.85684,-0.845749
-2.85663,-0.845717
-2.7878,-1.07595
-2.90668,-1.13091
-2.90666,-1.13085
-2.90663,-1.1308
-2.9066,-1.13075
-2.90658,-1.1307
-2.75834,-1.15155
-3.22734,-0.74424
-3.03638,-0.752272
-3.03589,-0.752442
-3.0354,-0.752611
-3.03491,-0.752777
-3.03443,-0.752943
-2.85743,-0.869601
-3.06514,-0.917507
-3.06471,-0.917417
-3.06429,-0.917328
-3.06387,-0.91724
-3.06346,-0.917153
-3.06305,-0.917067
Pillar: 2.
-3.45612,-2.41294
-3.45612,-2.41294
-3.45612,-2.41294
-3.45612,-2.41294
-3.45612,-2.41294
-3.45612,-2.41294
-3.45612,-2.41294
-3.45612,-2.41294
-3.45612,-2.41294
-3.60096,-2.3685
-3.53257,-2.38666
-3.53257,-2.38676
-3.53257,-2.38683
-3.53257,-2.38688
-3.53257,-2.38692
-3.48792,-2.38545
-3.48895,-2.38532
-3.48977,-2.38523
-3.49043,-2.38515
-3.07511,-2.38266
-3.58229,-2.36737
-3.41532,-2.3305
-3.4155,-2.33063
-3.41566,-2.33075
-3.4158,-2.33085
-3.41592,-2.33095
-3.41602,-2.33102
-3.41611,-2.3311
-3.4162,-2.33116
-3.41627,-2.33121
-3.41457,-2.34392
-3.4146,-2.34394
-3.41462,-2.34395
-3.30295,-2.33507
-3.30479,-2.33518
-3.30641,-2.33528
-3.30784,-2.33537
-3.30911,-2.33545
-3.31025,-2.33552
-3.31128,-2.33558
-3.24492,-2.35542
-3.03221,-2.33359
-3.03424,-2.33376
-3.03611,-2.33392
-3.03781,-2.33407
-3.03938,-2.3342
-3.04082,-2.33432
-3.04215,-2.33443
-3.04338,-2.33454
-3.308,-2.37858
-3.30801,-2.37857
-3.88066,-2.40339
-3.87767,-2.40324
-3.87491,-2.40311
-3.87234,-2.40298
-3.86994,-2.40286
-3.86771,-2.40275
-3.86562,-2.40264
-3.86367,-2.40255
-3.87662,-2.23214
-3.87662,-2.23214
-4.29156,-2.26518
-4.2901,-2.26527
-4.28872,-2.26535
-4.28742,-2.26542
-4.28619,-2.26549
-4.28503,-2.26556
-4.28393,-2.26562
-4.2829,-2.26567
-2.79724,-2.14733
-3.22291,-2.39692
-3.22269,-2.39695
-3.22248,-2.39698
-3.22227,-2.39701
-3.22208,-2.39704
-3.22189,-2.39707
-3.22171,-2.3971
-3.22154,-2.39713
-3.22137,-2.39716
-3.6028,-2.33359
-3.65046,-2.3523
-3.64812,-2.35044
-3.1354,-2.44481
-3.12885,-2.4427
-3.12253,-2.44076
-3.11643,-2.43896
-3.06151,-2.43562
-3.06185,-2.43258
-3.0622,-2.42972
-2.97913,-2.59469
-3.36297,-2.44851
-3.36209,-2.44782
-3.27042,-2.43773
-3.27002,-2.43755
-3.26966,-2.43738
-3.26931,-2.43722
-3.26899,-2.43707
-3.26869,-2.43692
-3.26841,-2.43678
-2.99374,-2.34681
-2.99443,-2.34582
-2.99511,-2.34487
-3.01941,-2.41606
-3.01754,-2.41386
-3.01603,-2.41187
-3.01479,-2.41004
-3.01377,-2.40835
-3.2694,-2.5556
-3.26943,-2.55567
-2.99726,-2.60086
-2.99772,-2.60067
-3.41423,-2.38609
-3.41405,-2.38595
-3.40484,-2.36687
-3.40466,-2.36683
-3.18304,-2.39696
-3.19007,-2.39684
-3.19635,-2.3967
-3.202,-2.39656
-3.2071,-2.39642
-3.17784,-2.41887
-2.79261,-1.96966
-2.79295,-1.97018
-2.79327,-1.97069
-2.79358,-1.97118
-3.12534,-1.92062
-3.12249,-1.92184
-3.11983,-1.92302
-3.11734,-1.92416
-3.11502,-1.92527
-3.32715,-1.77821
-3.36252,-2.57204
-3.36245,-2.57221
-2.91577,-2.58352
-2.91488,-2.58371
-2.91401,-2.5839
-2.91314,-2.58408
-3.20825,-2.88512
-3.2067,-2.88885
-3.22046,-2.26246
-3.22024,-2.26242
-2.89691,-2.36344
-2.8966,-2.36358
-2.89631,-2.36372
-2.89601,-2.36386
-2.89573,-2.364
-2.77783,-2.50495
-3.14224,-1.95089
-3.14218,-1.95041
-3.14212,-1.94994
-3.08915,-1.77263
-3.0891,-1.77204
-3.08904,-1.77146
-3.08899,-1.77088
-3.08893,-1.77032
-3.2005,-1.89914
-3.39876,-1.9036
-3.39896,-1.90315
-3.56916,-2.2259
-3.56932,-2.22583
-3.65677,-2.43202
-3.65704,-2.43205
-3.67711,-2.24345
-3.74173,-2.23152
-3.74177,-2.2314
-3.74181,-2.23127
-3.74185,-2.23115
-3.74189,-2.23104
-3.50319,-2.3306
-3.41369,-2.27862
-3.32835,-2.23557
-3.32833,-2.23551
-3.32831,-2.23546
-3.11711,-2.25342
-3.11688,-2.25338
-3.11666,-2.25335
-3.11645,-2.25332
-3.11623,-2.25329
-3.11602,-2.25326
-3.18249,-2.07886
-3.35717,-2.11003
-3.35718,-2.10996
-3.35719,-2.10989
-3.3572,-2.10983
-3.35721,-2.10976
-3.40642,-2.10481
-2.99466,-2.39136
-2.95344,-2.41368
-2.95347,-2.41387
-2.9535,-2.41407
-2.95353,-2.41426
-2.95356,-2.41445
-3.01387,-2.32973
-2.27337,-2.29533
-2.86143,-2.12588
-2.861,-2.12579
-2.86057,-2.1257
-2.86015,-2.12561
-2.85973,-2.12553
-2.85931,-2.12544
Pillar: 3.
-1.37573,-0.0846138
-1.37573,-0.0846138
-1.37573,-0.0846138
-1.37573,-0.0846138
-1.37573,-0.0846138
-1.37573,-0.0846138
-1.37573,-0.0846136
-1.37573,-0.0846135
-1.37573,-0.0846135
-1.47061,-0.0579019
-1.47111,-0.0575516
-1.47149,-0.0572852
-1.47179,-0.0570783
-1.47202,-0.0569145
-1.39797,-0.0817673
-1.39902,-0.0816323
-1.39985,-0.0815264
-1.40052,-0.0814404
-1.4819,-0.0288085
-1.58917,-0.182916
-1.58936,-0.183046
-1.58952,-0.183159
-1.58966,-0.183257
-1.58978,-0.183344
-1.58989,-0.18342
-1.58999,-0.183487
-1.59007,-0.183547
-1.59015,-0.183601
-1.1652,0.134661
-1.16295,0.136611
-0.816147,0.19765
-0.808584,0.198868
-0.801327,0.199983
-0.794353,0.201006
-1.16501,0.524914
-1.16443,0.52737
-1.16391,0.529672
-1.15539,0.411216
-0.37641,0.401674
-0.973244,0.0672603
-0.970747,0.0664141
-0.668974,-0.141561
-0.668206,-0.141806
-0.667485,-0.142037
-0.666807,-0.142257
-0.666168,-0.142465
-0.665565,-0.142663
-0.664995,-0.142851
-0.472137,-0.244428
-0.408816,0.0123423
-0.408933,0.0126997
-0.409059,0.0130416
-0.502252,0.0152667
-0.498898,0.0159221
-0.496044,0.0165303
-0.493591,0.0170978
-0.491467,0.0176308
-0.978943,-0.0841503
-0.978313,-0.0848354
-0.821034,-0.0282502
-0.821294,-0.0282296
-0.635376,0.148004
-1.07865,0.322865
-0.978148,0.0366133
-0.977857,0.0366412
-0.896481,-0.0190676
-0.896274,-0.019074
-0.729043,0.00759421
-0.735533,0.00717252
-0.741319,0.00679861
-0.746506,0.00646552
-0.75118,0.00616728
-0.726056,-0.0120559
-0.969981,-0.383239
-0.969293,-0.384937
-0.968626,-0.386585
-0.967976,-0.388184
-0.953742,-0.860958
-0.951142,-0.861655
-0.948723,-0.862344
-0.946467,-0.863022
-0.944357,-0.863691
-1.14597,-0.738414
-0.98006,0.0596269
-0.979933,0.0599658
-0.635022,0.0095254
-0.635072,0.00970068
-0.635124,0.00987091
-0.755857,0.00265519
-0.753533,0.00272586
-0.751363,0.00279331
-0.749327,0.00285696
-0.716116,0.0257898
-0.164812,-0.404331
-0.165803,-0.403799
-0.166756,-0.403285
-0.478412,-0.708632
-0.294831,-0.472774
-0.29418,-0.472181
-0.293578,-0.471613
-0.293031,-0.471069
-0.567164,-0.27864
-0.567581,-0.27844
-0.567983,-0.278247
-0.644848,-0.185003
-0.66986,-0.143397
-0.668922,-0.143512
-0.668039,-0.143622
-0.692151,-0.135323
-0.124773,-0.360326
-0.12495,-0.360155
-0.125122,-0.359988
0.0833364,-0.525323
0.0782482,-0.524192
0.0736039,-0.523163
0.069344,-0.522223
0.0654302,-0.521362
-0.207182,-0.194962
-0.206766,-0.194307
-0.206357,-0.19366
-0.133244,-0.242391
-0.133706,-0.245864
-0.134158,-0.249313
-0.134598,-0.252739
-0.135028,-0.256141
-0.600072,0.0892401
-0.886429,0.157542
-0.886378,0.157318
-0.886331,0.157102
-0.886289,0.156894
-0.886252,0.156693
0.0603901,-0.453747
-0.048086,-0.384358
-0.048325,-0.384179
-0.0485566,-0.384004
-0.0515255,-0.421669
-0.0517163,-0.421529
-0.0519022,-0.421392
-0.0520842,-0.421259
-0.0522592,-0.421129
-0.262766,-0.338159
-0.500709,-0.196266
-0.500555,-0.196297
-0.751579,-0.160422
-0.751576,-0.16043
-0.702836,-0.316855
-0.612771,-0.0478718
-0.859188,0.0750418
-0.859238,0.0750809
-0.859286,0.0751192
-0.50334,-0.0889812
-0.50573,-0.0890145
-0.508023,-0.0890552
-0.510229,-0.0891027
-0.512351,-0.089157
-0.559149,0.125455
-0.629721,-0.211085
-0.629682,-0.211176
-0.592302,-0.202947
-0.640177,-0.181439
-0.64034,-0.181499
-0.640498,-0.181559
-0.640643,-0.181618
-0.769313,-0.0951114
-0.769311,-0.0951159
-0.769308,-0.0951205
-0.722102,0.148196
-0.721922,0.148224
-0.721743,0.148251
-0.605358,0.145146
-0.771969,0.151962
-0.771745,0.15194
-0.771527,0.151918
-0.562508,-0.124804
-0.740806,-0.138292
-0.74085,-0.138335
-0.466506,0.0237143
-0.465819,0.0237102
-0.465141,0.0237063
-0.464474,0.0237027
0.0992942,-0.441747
-0.993249,-0.350361
-0.994356,-0.351772
-0.750755,0.0248523
-0.750567,0.024923
-0.590014,0.0879873
-0.589724,0.0878567
-0.589442,0.0877281
-0.589164,0.0876011
-0.58889,0.0874761
-0.50181,-0.0248357
0.0395927,-0.460993
0.0398929,-0.461069
0.0401893,-0.461144
0.116589,-0.460471
0.116802,-0.460583
0.117011,-0.460694
0.117218,-0.460804
0.117421,-0.460912
-0.820493,-0.680094
-0.820314,-0.679833
-0.820139,-0.679577
-0.684931,-0.665776
-0.684828,-0.665284
-0.684728,-0.664798
-0.68463,-0.664321
-0.684532,-0.663852
-0.753781,-0.766337
-0.941419,-0.79404
-0.941536,-0.793768
-0.88665,-0.0754562
-0.886773,-0.0753788
-0.886897,-0.0753021
-0.887017,-0.0752268
-0.887137,-0.0751522
-0.536402,-0.701847
-0.536637,-0.701867
-0.53687,-0.701888
-0.216871,0.14747
-0.217014,0.147271
0.181081,-0.345817
0.1517,-0.40727
0.151716,-0.40727
0.151732,-0.40727
0.151749,-0.40727
0.151767,-0.407271
0.101594,-0.335334
0.0542161,-0.30764
-0.928777,-0.244847
-0.928719,-0.244836
-0.928663,-0.244824
-0.804173,-0.162654
-0.803964,-0.162608
-0.803757,-0.162561
-0.803553,-0.162516
-0.803351,-0.162471
-0.803152,-0.162426
-0.600678,-0.141731
Pillar: 4.
4.72145,-0.851227
4.72145,-0.851227
4.72145,-0.851227
4.72145,-0.851227
4.72145,-0.851227
4.72145,-0.851227
4.72145,-0.851226
4.55778,-0.68171
4.55757,-0.680742
4.55739,-0.679974
4.62305,-0.78127
4.62201,-0.781098
4.62118,-0.78096
4.62051,-0.780847
4.528,-0.818175
4.67863,-0.792245
4.67863,-0.792245
4.49124,-0.857608
4.48939,-0.857641
4.48776,-0.857671
4.48631,-0.857697
4.48503,-0.857721
4.48388,-0.857742
4.48285,-0.857761
4.33126,-0.849643
4.5734,-0.85789
4.5734,-0.85789
4.08516,-0.893742
4.08319,-0.894267
4.08139,-0.894749
4.07975,-0.895194
4.07824,-0.895604
4.07685,-0.895984
4.07557,-0.896336
4.07438,-0.896664
5.29498,-0.657153
5.29807,-0.657592
5.30094,-0.657989
5.3036,-0.65835
5.30608,-0.65868
5.30839,-0.658981
5.31055,-0.659258
5.31257,-0.659511
4.83747,-0.68029
4.83695,-0.6806
5.40707,-0.541089
5.06739,-0.774666
5.06876,-0.774189
5.07006,-0.77374
5.07128,-0.773317
5.07243,-0.772918
5.07352,-0.772542
5.07455,-0.772186
5.07553,-0.771849
4.73133,-0.819208
4.73131,-0.819162
4.96294,-0.32646
4.96334,-0.325704
4.96372,-0.324984
4.96409,-0.324296
4.96444,-0.32364
4.96477,-0.323013
4.96509,-0.322413
4.96539,-0.321839
3.98004,-0.941429
3.98016,-0.940566
3.98025,-0.939769
4.02388,-0.92923
4.61584,-0.47633
4.61656,-0.477431
4.61723,-0.478475
4.61786,-0.479466
4.61845,-0.480407
4.61901,-0.481302
4.61953,-0.482154
4.53125,-0.433833
4.70072,-0.600765
4.70768,-0.599833
4.07186,-0.517864
4.07161,-0.518604
4.07136,-0.519313
3.99163,-0.387996
3.99473,-0.390087
3.99737,-0.391955
3.99961,-0.393635
4.00155,-0.395155
4.81932,-0.5956
4.48743,-0.666039
4.48762,-0.66613
4.66825,-0.516058
4.66165,-0.51769
4.65575,-0.519182
4.65046,-0.520551
4.64569,-0.521812
4.67172,-0.530738
4.92755,-0.534093
4.92294,-0.5363
3.98806,-0.672029
3.98797,-0.6721
3.98789,-0.672168
3.82644,-0.913829
3.82892,-0.913013
3.83123,-0.91224
3.8334,-0.911507
3.8647,-0.898074
4.85773,-0.593979
4.85706,-0.594197
4.85641,-0.594407
4.72555,-0.557839
4.72454,-0.557916
4.72356,-0.557991
4.39576,-0.282441
4.59786,-0.500926
4.59851,-0.500854
4.5991,-0.500785
4.59965,-0.50072
4.79997,-0.760043
4.87672,-0.809093
4.74191,-0.546259
4.74148,-0.5464
4.74106,-0.546536
4.65022,-0.654211
4.61658,-0.701492
4.61757,-0.701096
4.61851,-0.700718
4.59321,-0.703592
4.65356,-0.710374
4.65733,-0.710219
4.22138,0.072257
3.7177,-0.711676
4.41004,-0.339528
4.40986,-0.339921
4.4097,-0.340304
4.60692,-0.205715
4.60195,-0.206199
4.59741,-0.206652
4.59324,-0.207078
4.58942,-0.207481
4.78767,-0.47177
4.78567,-0.471815
4.35026,0.207403
4.35024,0.212905
4.35022,0.21837
4.2805,-1.36276
4.28014,-1.3658
4.2798,-1.36883
4.27947,-1.37183
4.27914,-1.37482
4.66037,-0.592333
4.63952,-0.988354
4.36125,-0.877002
4.83013,-0.997083
4.8303,-0.996694
4.83047,-0.996316
4.83063,-0.995948
4.83078,-0.995591
4.81547,-0.777552
4.81563,-0.777338
4.60992,-0.597221
4.49834,-0.605251
4.4981,-0.605251
4.49785,-0.605251
4.49794,-0.567332
4.49774,-0.567307
4.49755,-0.567283
4.49737,-0.56726
4.49719,-0.567237
4.59025,-0.416639
4.35248,-0.129454
4.35264,-0.129976
4.98764,-0.721312
4.9872,-0.721235
4.98677,-0.721159
5.00322,-0.714619
4.61079,-0.51307
4.61078,-0.513201
4.8496,-0.742098
4.84934,-0.742006
4.48432,-0.778757
4.48502,-0.778457
4.49705,-0.00972319
4.49822,-0.00571929
4.49939,-0.00174886
4.50055,0.00218953
4.5017,0.00609602
4.67096,-0.629842
4.67087,-0.629846
4.91062,-0.609931
4.91,-0.610028
4.90939,-0.610124
4.9088,-0.610216
4.90822,-0.610307
4.90766,-0.610396
4.90711,-0.610483
4.90259,-0.392109
4.90199,-0.392393
5.057,-0.494648
4.97131,-0.451966
4.96639,-0.451258
4.96207,-0.45063
4.95826,-0.45007
4.8298,-0.400307
4.6873,-0.420873
4.68715,-0.421053
4.72669,-0.459754
4.72497,-0.459501
4.7234,-0.45927
4.72197,-0.459059
4.72064,-0.458866
4.6988,-0.869609
4.6987,-0.869298
4.68751,-0.688586
4.68747,-0.688547
4.58493,-0.719093
4.58506,-0.719017
4.58519,-0.718943
4.28048,-0.547358
4.28971,-0.548067
4.51645,-0.782373
4.51162,-0.78211
4.21599,-0.886092
4.2162,-0.885958
4.3328,-0.810932
4.33281,-0.810836
4.58456,-0.756384
4.40706,-0.709506
4.40658,-0.70983
4.40611,-0.710137
4.40565,-0.710429
5.31132,-0.710011
5.31342,-0.709332
5.31539,-0.708681
4.97297,-0.716357
4.97272,-0.716347
5.21053,-0.757974
4.99248,-0.714583
4.99203,-0.714588
4.99159,-0.714593
4.99117,-0.714596
4.99076,-0.714599
5.29691,-0.728539
5.29263,-0.727383
4.80382,-0.655486
4.7468,-0.603671
4.75388,-0.597984
4.76074,-0.592445
4.76741,-0.587045
4.77388,-0.581777
5.53817,-0.747756
5.53274,-0.74636
4.353,-0.661928
4.59175,-0.573089
4.5917,-0.573056
4.59165,-0.573023
4.98359,0.0733884
4.98123,0.0723835
4.97897,0.0714076
4.97679,0.0704595
4.97469,0.0695372
5.05179,-0.502492
5.04917,-0.502366
4.45902,-0.888192
4.73105,-0.462746
4.73109,-0.462834
4.76824,-0.459448
4.717,-0.500658
4.71684,-0.500673
4.71668,-0.500689
4.71654,-0.500705
4.74013,-0.526374
4.73999,-0.526402
4.73985,-0.526429
4.40458,-0.713948
4.4048,-0.713725
4.405,-0.713505
4.49132,-0.879582
4.36218,-0.664552
4.36245,-0.664301
4.36271,-0.664058
4.3529,-0.621595
4.41396,-0.59968
4.41441,-0.599834
3.61228,-0.759451
3.61303,-0.759141
3.61377,-0.758836
3.61449,-0.758536
4.54894,-0.182941
4.3521,-0.702101
4.3523,-0.701955
4.5507,-0.287016
4.55099,-0.287117
4.55128,-0.287216
4.55156,-0.287315
4.55183,-0.287413
4.6432,-0.335455
4.34505,-0.416546
4.34535,-0.416717
4.34565,-0.416886
4.42096,-0.353817
4.42117,-0.353923
4.42138,-0.354029
4.42158,-0.354133
4.42179,-0.354236
4.79721,-0.576689
4.79715,-0.576708
4.55799,-0.475665
4.55819,-0.47591
4.55838,-0.476151
4.69478,-0.834545
4.69488,-0.834276
4.69497,-0.834011
4.69507,-0.83375
4.69516,-0.833494
4.86076,-1.09123
4.8606,-1.09091
4.56148,-0.440172
4.91051,-0.470889
4.91042,-0.471043
4.93082,-0.787156
4.9307,-0.787084
4.93057,-0.787014
4.93045,-0.786944
4.93033,-0.786875
4.79629,-0.648648
4.79624,-0.648631
4.79619,-0.648614
5.27676,-0.37692
5.27653,-0.377082
5.27631,-0.377242
4.07739,-0.752955
4.26931,-0.558011
4.26932,-0.558142
4.26933,-0.558272
4.26934,-0.558399
4.26936,-0.558524
4.21444,-0.584116
4.16425,-0.599297
4.49947,-0.672513
4.49953,-0.672482
4.21045,-0.775561
4.21066,-0.775483
4.21087,-0.775406
4.21108,-0.77533
4.21128,-0.775255
4.21148,-0.775181
4.41284,-0.763546
4.30634,-0.686958
4.78621,-0.137566
4.78627,-0.137794
4.78633,-0.138021
4.7864,-0.138244
4.78645,-0.138466
4.73654,-0.130586
4.74036,-0.671691
4.74031,-0.671666
4.00916,-0.708456
4.00959,-0.708332
4.01001,-0.708208
4.01043,-0.708086
4.01084,-0.707966
4.01125,-0.707847
Pillar: 5.
5.37554,-2.18714
5.37554,-2.18714
5.37554,-2.18714
5.37554,-2.18714
5.37554,-2.18714
5.37554,-2.18714
5.37554,-2.18714
5.11288,-2.02362
5.11284,-2.02258
5.1128,-2.02175
5.16139,-2.12999
5.16036,-2.12981
5.15954,-2.12967
5.15888,-2.12956
5.04613,-2.17479
5.21412,-2.1421
5.21412,-2.1421
5.11473,-2.08664
5.11289,-2.08667
5.11127,-2.08669
5.10984,-2.08671
5.10856,-2.08673
5.10742,-2.08675
5.10639,-2.08676
4.95147,-2.08033
5.21208,-2.07909
5.21208,-2.07909
5.52014,-2.24786
5.52313,-2.24831
5.5259,-2.24872
5.52848,-2.24909
5.53089,-2.24943
5.53313,-2.24975
5.53522,-2.25003
5.53718,-2.25029
5.06193,-2.27109
5.06141,-2.2714
5.45566,-2.43497
5.63795,-2.07908
5.6394,-2.07857
5.64077,-2.07809
5.64206,-2.07763
5.64328,-2.07721
5.64443,-2.0768
5.64552,-2.07642
5.64655,-2.07606
5.31545,-2.11761
5.31543,-2.11756
4.78901,-2.25112
4.78943,-2.25225
4.78983,-2.25332
4.7902,-2.25434
4.79054,-2.2553
4.79087,-2.25622
4.79117,-2.25709
4.68245,-2.21063
4.951,-2.36633
4.95867,-2.3653
4.09619,-2.1896
4.09554,-2.19034
4.0949,-2.19106
4.06324,-2.05837
4.06532,-2.06051
4.06703,-2.06241
4.06845,-2.06413
4.06962,-2.06568
4.48987,-2.11417
4.48944,-2.11457
4.79912,-2.3364
4.80107,-2.252
4.8004,-2.25222
4.79975,-2.25243
4.09049,-1.95691
4.08931,-1.9569
4.08817,-1.9569
3.9307,-1.74682
3.99886,-1.9158
3.99936,-1.91567
3.99981,-1.91554
4.00022,-1.91541
4.27808,-2.20514
4.23714,-2.15934
4.41975,-2.09073
4.41922,-2.09085
4.4187,-2.09096
4.26959,-2.18532
4.21028,-2.22599
4.21142,-2.22563
4.2125,-2.22529
4.18397,-2.2273
4.24482,-2.23422
4.24873,-2.2341
4.2561,-2.22042
4.25569,-2.2208
4.25529,-2.22116
4.57727,-2.09267
4.57162,-2.09314
4.56646,-2.09358
4.56173,-2.094
4.55737,-2.0944
4.83323,-2.35841
4.83105,-2.35846
5.22465,-2.12324
4.71991,-2.23008
4.33356,-2.41694
4.33389,-2.4166
4.3342,-2.41628
4.3345,-2.41596
4.33479,-2.41565
4.25062,-2.17165
4.2508,-2.17145
3.90734,-1.90047
4.12614,-1.96156
4.12584,-1.96154
4.12555,-1.96153
4.14822,-1.92961
4.14799,-1.92957
4.14777,-1.92954
4.14755,-1.92951
4.14734,-1.92948
4.51269,-2.24271
4.24203,-2.19464
4.71716,-2.62404
4.71707,-2.6246
4.34031,-2.08261
4.33987,-2.08253
4.33944,-2.08246
4.32214,-2.08885
4.70671,-2.27788
4.70666,-2.27801
4.4747,-2.0616
4.47444,-2.06151
4.35437,-2.14432
4.35468,-2.14398
4.64304,-2.15722
4.64296,-2.15722
4.8177,-2.13473
4.8171,-2.13483
4.81652,-2.13493
4.81596,-2.13502
4.8154,-2.13512
4.81486,-2.13521
4.81433,-2.13529
5.22878,-2.46569
4.91726,-2.33433
4.91674,-2.33461
5.20718,-2.43111
5.06588,-2.39193
5.06001,-2.39127
5.05486,-2.39068
5.05027,-2.39016
5.13654,-2.03954
4.95771,-2.32729
4.8381,-2.3462
4.83799,-2.34637
4.92434,-2.38084
4.92227,-2.38062
4.92038,-2.38042
4.91863,-2.38024
4.91702,-2.38008
4.93756,-2.24348
5.34509,-2.67897
5.34461,-2.67855
5.71994,-2.41815
5.52655,-2.3338
5.52215,-2.33263
5.51798,-2.33151
5.51402,-2.33045
5.51027,-2.32944
4.72405,-2.11977
4.72401,-2.11973
4.56349,-2.15058
4.56362,-2.1505
4.56374,-2.15043
4.07315,-1.96391
4.08352,-1.96479
4.29426,-2.19667
4.28944,-2.19641
4.54286,-1.49741
5.17215,-1.91741
5.17236,-1.91727
5.24319,-1.88286
5.24317,-1.88279
5.4728,-1.84675
5.254,-1.83225
5.25381,-1.83235
5.25361,-1.83246
5.2534,-1.83256
4.61278,-1.67367
5.45412,-1.87094
5.45634,-1.87111
4.80859,-2.04709
4.80834,-2.04708
5.11017,-2.09506
4.82824,-2.04534
4.82779,-2.04534
4.82735,-2.04535
4.82693,-2.04535
4.82651,-2.04535
5.00294,-2.32772
5.00289,-2.32768
5.00284,-2.32765
5.64892,-1.60147
5.64626,-1.60259
5.64371,-1.60368
5.64125,-1.60474
5.63889,-1.60577
5.90834,-2.08809
5.90563,-2.08802
4.63767,-2.23079
4.63771,-2.23088
4.67326,-2.22741
4.60133,-2.26739
4.60119,-2.2674
4.60105,-2.26742
4.60092,-2.26744
4.63157,-2.29355
4.63145,-2.29358
4.63134,-2.29361
4.94847,-2.11966
5.11999,-2.09028
4.03762,-2.04485
4.03789,-2.04501
4.03815,-2.04518
4.13709,-1.98639
4.1373,-1.9865
4.13751,-1.98661
4.13772,-1.98671
4.13792,-1.98681
4.58796,-2.2205
4.58791,-2.22052
4.84049,-2.08024
4.84028,-2.08039
4.57868,-2.35907
4.57855,-2.359
4.57843,-2.35893
4.57831,-2.35886
4.57818,-2.35879
4.39334,-2.20831
4.3933,-2.20829
4.39325,-2.20828
4.3377,-2.10494
4.33743,-2.10508
4.33717,-2.10522
4.7339,-1.8206
4.67579,-1.96798
4.67575,-1.96813
4.67572,-1.96827
4.67569,-1.96841
4.67566,-1.96855
4.58722,-2.00337
4.52221,-2.02236
4.91181,-2.08078
4.91187,-2.08075
4.71385,-2.03603
4.71407,-2.03595
4.71428,-2.03587
4.7145,-2.03579
4.71471,-2.03571
4.71492,-2.03563
4.914,-2.0249
4.49198,-2.05359
4.30657,-2.51656
4.30655,-2.51677
4.30652,-2.51698
4.3065,-2.51719
4.30647,-2.51739
4.25741,-2.50968
4.43074,-2.15419
4.46302,-2.84826
4.46285,-2.85077
4.46269,-2.85326
4.46253,-2.85575
4.46236,-2.85823
4.39745,-2.84466
4.30509,-1.46155
4.6422,-2.09496
4.64215,-2.09494
Pillar: 6.
12.0438,-0.0421049
12.0442,-0.0437396
12.0446,-0.0453008
12.0633,0.166461
12.5842,-0.350463
12.5848,-0.352617
12.5854,-0.354663
12.586,-0.35661
12.5865,-0.358462
12.4992,-0.401876
12.6544,-0.123468
12.6611,-0.119321
12.7011,-0.327312
12.7042,-0.334726
12.7069,-0.341394
12.7092,-0.347431
12.7111,-0.352929
11.7435,-0.358727
11.7369,-0.361944
11.7311,-0.364901
11.7258,-0.367629
11.7211,-0.370153
11.7468,-0.366891
12.0035,-0.414097
11.9989,-0.416304
12.5914,-0.171258
12.5939,-0.168725
12.5961,-0.166354
12.5982,-0.164131
12.6002,-0.162044
12.4049,-0.172376
12.7757,-0.129817
12.7781,-0.127545
12.7803,-0.125394
12.7823,-0.123356
12.8152,-0.128478
13.1882,-0.422808
12.7448,-0.273576
12.7455,-0.274371
12.7461,-0.275134
12.7467,-0.275866
12.9229,-0.0940439
12.8917,-0.0886536
12.7848,-0.134307
12.9055,-0.0866397
12.9064,-0.0854409
12.9073,-0.0842971
12.8833,-0.104692
12.9435,-0.1088
12.9472,-0.107869
12.658,-0.179169
12.6546,-0.180311
12.6517,-0.181309
13.2868,-0.445254
12.5112,0.190702
12.6067,-0.321666
12.6057,-0.319853
12.4653,-0.148279
12.4604,-0.151567
12.4558,-0.154596
12.4517,-0.157396
12.4479,-0.159992
12.6375,-0.101244
12.6356,-0.102055
12.5671,-0.125255
12.7372,-0.118753
12.7354,-0.119643
12.3197,-0.249296
12.3192,-0.251554
12.3187,-0.253802
12.3183,-0.256041
12.3179,-0.25827
12.5735,-0.183317
12.4728,0.132857
12.8616,0.112564
12.8616,0.113814
12.8617,0.115026
12.8617,0.116203
12.8618,0.117345
12.8913,-0.0587605
12.8914,-0.0584269
12.5444,-0.214704
12.5442,-0.214884
12.544,-0.215059
12.5438,-0.21523
12.5437,-0.215397
12.8068,-0.0876017
12.4956,-0.258518
12.4963,-0.257734
12.497,-0.256999
13.0163,0.179461
13.0173,0.177268
13.0809,0.162846
13.0822,0.160364
13.0835,0.158019
13.0848,0.155799
13.086,0.153695
12.1856,-0.20312
12.185,-0.203095
12.1844,-0.20307
12.1838,-0.203045
12.1832,-0.20302
12.1826,-0.202995
12.1821,-0.202971
12.0728,0.150138
12.6941,-0.176272
12.082,-0.221798
12.0814,-0.221808
12.207,0.176293
12.1376,0.0135773
12.1329,0.0108143
12.1288,0.00831687
12.1251,0.00604644
12.4097,-0.337733
12.5198,-0.15158
12.5129,-0.15075
12.1147,-0.217226
12.3756,-0.178235
12.3754,-0.178247
12.4068,-0.0299111
12.4051,-0.031069
12.4037,-0.0321481
12.4023,-0.033156
12.401,-0.0340999
12.4469,0.0201875
12.4135,-0.175152
12.4164,-0.1738
11.9391,0.355268
11.9386,0.355681
12.3828,0.461889
12.2959,0.286003
12.2924,0.284915
12.2891,0.283871
12.2859,0.282868
12.2829,0.281906
12.4801,-0.150789
12.4812,-0.149931
12.4254,0.128315
12.4253,0.128625
12.7687,-0.0566478
12.7688,-0.0566064
12.769,-0.0565655
12.4809,-0.954334
12.4905,-0.948398
12.3239,-0.237585
12.3239,-0.237717
12.5857,-0.346913
12.4179,-0.598827
12.4174,-0.597096
12.4169,-0.595485
12.4164,-0.593982
11.4265,0.0468422
11.4287,0.0462915
11.4309,0.0457641
11.4747,-0.559345
11.4768,-0.558738
12.1077,-0.171715
12.1074,-0.171687
12.3109,0.128253
12.1271,-0.169197
12.1267,-0.169209
12.1262,-0.16922
12.1258,-0.16923
12.1254,-0.169239
12.3238,-0.27814
12.3248,-0.277094
12.5451,0.112697
12.5411,0.110939
12.0758,-0.0543714
12.0277,-0.122601
12.0354,-0.125385
12.0428,-0.128121
12.0499,-0.130809
12.0569,-0.133452
12.5413,0.0910285
12.5362,0.0894837
13.043,0.0538678
13.3953,0.0157471
11.6406,-0.511248
11.6382,-0.513432
11.6358,-0.515542
11.6335,-0.517583
11.6313,-0.519558
11.7315,-0.304896
11.7289,-0.305188
12.3348,-0.32022
12.5667,-0.120716
12.5666,-0.120665
12.5664,-0.120615
12.5663,-0.120568
12.5883,-0.114897
12.5881,-0.114791
12.588,-0.114687
12.555,-0.134634
12.5544,-0.134705
12.4807,-0.339606
12.481,-0.338924
12.4812,-0.338261
12.4723,-0.320624
12.5344,-0.326957
12.5348,-0.326286
12.2028,-0.264457
12.3787,-0.281098
12.294,-0.294565
11.5114,-0.436796
11.5117,-0.436857
11.5119,-0.436918
11.5122,-0.436979
11.5125,-0.437039
11.6052,-0.398088
12.0717,-0.244644
12.0719,-0.244741
12.0721,-0.244837
12.0723,-0.244932
12.0725,-0.245026
12.4351,-0.119283
12.435,-0.119263
12.0711,0.00188339
12.0713,0.00184518
12.0714,0.00180823
12.0715,0.00177181
12.0716,0.00173688
12.1491,0.319673
12.1489,0.319986
12.7439,0.057906
12.7437,0.0579693
12.7436,0.058032
12.7435,0.0580939
12.7434,0.0581553
12.6326,-0.0574653
12.6326,-0.0574458
12.6325,-0.0574264
Pillar: 7.
13.3393,-1.45695
13.3399,-1.45781
13.3404,-1.45863
13.3408,-1.45942
13.5803,-1.24366
13.5437,-1.24133
13.6806,-1.09007
13.6384,-1.289
13.6394,-1.28773
13.6404,-1.28651
13.6138,-1.30846
13.6744,-1.31233
13.6782,-1.31133
13.4135,-1.36741
13.4102,-1.36855
13.4072,-1.36955
14.302,-1.15266
13.4693,-0.592153
13.5012,-1.1765
13.5002,-1.17469
12.9104,-1.44132
12.905,-1.44476
12.9001,-1.44794
12.8955,-1.45087
12.8914,-1.45359
13.1338,-1.37552
13.1317,-1.37638
12.9944,-1.42429
13.196,-1.40699
13.1942,-1.40788
13.4444,-1.2461
13.4452,-1.24532
13.4459,-1.24459
13.4125,-1.55993
13.413,-1.56224
13.3162,-1.60553
13.3161,-1.60819
13.3161,-1.61071
13.3161,-1.61309
13.3161,-1.61536
12.7122,-1.27542
12.7073,-1.27506
12.7532,-1.56086
12.6071,-1.14689
12.806,-1.4423
12.8071,-1.44185
12.53,-1.52789
12.5254,-1.52964
12.2566,-1.48989
12.2509,-1.49132
13.0519,-1.55245
13.4361,-1.59008
12.109,-1.69617
12.1063,-1.69843
12.1037,-1.70062
12.1013,-1.70274
12.0989,-1.70479
12.3352,-1.42694
12.3325,-1.42727
13.0717,-1.25548
13.0106,-1.39382
13.0104,-1.39376
13.0103,-1.39371
13.0101,-1.39366
13.0372,-1.3862
13.0371,-1.38609
13.037,-1.38598
12.9586,-1.42104
12.958,-1.42111
13.2665,-1.83083
13.1688,-1.25798
13.1691,-1.25726
13.1694,-1.25656
13.1578,-1.24102
13.2166,-1.24973
13.2171,-1.24899
12.5651,-1.41363
13.0173,-1.30286
12.9299,-1.31801
Pillar: 8.
21.163,-0.734923
21.1636,-0.743213
21.1642,-0.75123
21.1648,-0.75899
20.2897,-1.51625
20.2891,-1.51609
20.2886,-1.51594
20.288,-1.51579
20.2875,-1.51564
20.1979,-1.03448
20.755,-1.73908
20.0683,-1.41279
20.3192,-1.34666
20.3139,-1.35339
20.3091,-1.35945
20.305,-1.36495
20.265,-1.20136
20.4086,-0.618337
20.4036,-0.583696
20.3394,-1.26407
20.3375,-1.26669
20.3358,-1.26912
20.3343,-1.27139
20.3328,-1.27351
20.3646,-1.30623
20.3541,-1.35683
20.3571,-1.35502
19.6315,-1.58599
19.8931,-1.49514
19.889,-1.49877
19.8851,-1.50224
19.8814,-1.50555
19.8779,-1.50873
20.187,-1.37261
20.1881,-1.37182
20.1852,-1.07954
19.9848,-1.61447
19.9845,-1.61079
19.9843,-1.60737
19.984,-1.60417
20.2165,-1.76798
20.4372,-1.67149
20.4384,-1.67024
20.4869,-1.43276
20.4873,-1.43297
19.3162,-1.39953
19.6961,-1.31279
Pillar: 9.
19.8756,-0.35497
19.8751,-0.354823
19.8745,-0.354679
19.8739,-0.354537
19.7661,0.119955
20.0396,-0.0770583
20.0349,-0.0836483
20.0307,-0.0895921
20.0271,-0.0949838
20.2943,0.254612
20.2927,0.252004
20.2912,0.24958
20.2899,0.24732
20.2887,0.245209
20.3371,0.212875
20.2989,0.161522
20.3018,0.163332
20.0995,-0.000821233
20.0959,-0.00451589
20.0924,-0.00804985
20.0892,-0.0114317
20.0861,-0.0146686
20.2838,0.132785
20.2848,0.133582
21.2014,0.555226
21.2097,0.568229
19.6054,-0.123926
20.3479,0.600104
20.3471,0.60387
20.3463,0.60738
20.3455,0.610658
20.464,0.46247
20.5698,0.568735
20.5707,0.569996
20.6036,0.047419
20.6058,0.045024
20.6079,0.0427285
20.6135,0.278479
20.6154,0.280254
19.5351,-0.0542456
20.2033,0.146337
20.2029,0.146318
20.2024,0.1463
20.202,0.146282
20.2016,0.146265
20.3866,0.283674
20.3877,0.284719
20.707,0.830431
21.22,-0.483306
21.2272,-0.496784
21.2341,-0.509965
21.2409,-0.522862
21.2474,-0.535488
20.1718,0.203509
20.1722,0.203304
19.4044,0.0498873
19.7555,0.138093
FEATURES.
Feature: 1.
-3.34737,-0.684156
-3.34737,-0.684156
-3.34737,-0.684156
-3.34737,-0.684156
-3.34737,-0.684156
-3.34737,-0.684156
-3.34737,-0.684156
-3.34737,-0.684156
-3.34737,-0.684156
-3.44907,-0.952167
-3.43202,-0.936704
-3.42149,-0.928771
-3.41065,-0.919925
-3.39961,-0.910737
-3.38736,-0.89919
-3.37626,-0.889435
-3.35508,-0.877154
-3.3359,-0.865995
-3.31836,-0.855779
-3.43264,-0.844512
-3.41163,-0.837054
-3.42454,-0.853029
-3.4327,-0.863359
-3.43735,-0.869592
-3.43854,-0.872221
-3.43674,-0.872369
-3.4327,-0.870417
-3.42638,-0.866615
-3.41791,-0.858316
-3.0671,-0.395858
-3.07795,-0.420815
-3.08889,-0.445578
-3.09941,-0.468987
-3.07836,-0.47775
-3.06117,-0.487743
-3.0476,-0.498573
-3.03725,-0.509912
-3.02823,-0.524249
-3.02286,-0.536556
-2.63141,-0.564799
-1.63587,-1.35079
-1.65904,-1.27231
-1.68895,-1.19627
-1.72773,-1.12934
-1.77152,-1.06926
-1.8186,-1.01511
-1.86716,-0.965997
-1.91838,-0.92162
-4.53351,-0.50922
-4.44295,-0.528548
-4.35096,-0.547617
-4.30828,-0.563949
-4.26801,-0.57887
-4.23033,-0.592378
-4.19521,-0.604566
-4.16253,-0.61555
-4.13213,-0.625437
-4.10387,-0.634335
-3.34685,-0.547782
-3.13435,-0.632209
-3.11354,-0.648501
-3.09228,-0.664905
-3.08478,-0.67687
-3.07985,-0.688902
-3.07729,-0.700754
-3.07652,-0.712357
-3.07724,-0.723603
-3.07907,-0.734407
-3.08161,-0.744727
-2.95765,-0.231153
-3.00155,-0.292661
-3.04571,-0.355688
-3.08733,-0.416356
-3.12562,-0.473383
-3.16051,-0.526505
-3.19217,-0.575813
-3.22085,-0.621515
-3.67928,-1.28328
-3.84381,-0.764682
-3.8247,-0.764088
-3.80521,-0.763316
-3.78656,-0.7624
-3.76686,-0.76124
-3.74704,-0.759847
-3.72781,-0.758251
-3.70964,-0.756492
-3.69282,-0.754616
-2.91431,-0.879845
-3.90652,-0.0686193
-3.93821,-0.147209
-3.96322,-0.214761
-3.96907,-0.281712
-3.9615,-0.339741
-3.94137,-0.391186
-3.91035,-0.437587
-3.98919,-0.463536
-4.04169,-0.490951
-4.03933,0.216185
-4.29907,0.900345
-4.37417,0.741636
-4.42956,0.600389
-4.39398,0.502288
-4.35171,0.413986
-4.30631,0.334568
-4.25893,0.263242
-4.21033,0.198555
-4.16091,0.139355
-1.14379,-2.69389
-1.23695,-2.63479
-1.32678,-2.56831
-1.41136,-2.5008
-1.50494,-2.43291
-1.59892,-2.35816
-1.69203,-2.27834
-1.78289,-2.19551
-3.08639,-0.882302
-3.07381,-0.86191
-3.06498,-0.84757
-3.06267,-0.835014
-4.93497,2.28589
-4.91956,2.09787
-3.44168,-0.50329
-3.44053,-0.52503
-3.43842,-0.546261
-3.41796,-0.565084
-3.4,-0.583051
-3.37995,-0.598427
-3.36127,-0.612984
-3.34387,-0.626813
-3.32784,-0.639868
-2.68281,-1.14405
-2.79919,-1.13806
-2.91582,-1.13008
-3.02412,-1.12137
-3.1219,-1.11276
-3.11438,-1.10429
-3.11992,-1.09278
-3.13291,-1.07924
-3.15278,-1.06893
-3.59085,-0.950989
-3.57526,-0.94784
-3.5596,-0.944774
-3.50613,-0.939882
-3.45141,-0.937514
-3.40709,-0.934842
-3.36587,-0.931921
-3.32603,-0.932037
-3.28974,-0.933023
-2.84293,0.584905
-2.89051,0.50795
-2.96844,0.485942
-3.08169,0.485136
-3.18395,0.468543
-3.26175,0.419798
-3.35457,0.373448
-3.42457,0.315682
-3.47115,0.247929
-3.49586,0.172526
-3.32427,0.615317
-3.287,0.504965
-3.25053,0.387696
-3.21714,0.268715
-3.27312,0.188095
-3.3115,0.109738
-3.32576,0.0372715
-3.30562,-0.0280939
-3.3177,-0.0975053
-3.32118,-0.163837
-3.6509,-0.957316
-3.58919,-0.921001
-3.53134,-0.890868
-3.4865,-0.839344
-3.45148,-0.802215
-3.42047,-0.771514
-2.35768,-2.77947
-2.41434,-2.68203
-2.46841,-2.58675
-2.51963,-2.47567
-2.56788,-2.36254
-2.61229,-2.25058
-2.65237,-2.14228
-3.33322,-0.701793
-3.29971,-0.701356
-3.26882,-0.701601
-3.24051,-0.702428
-3.21056,-0.703567
-3.17988,-0.705275
-3.14955,-0.70774
-3.12034,-0.711015
-3.06562,-1.7876
-3.06709,-1.74343
-3.06914,-1.70061
-3.07826,-1.65459
-3.08841,-1.60803
-4.12069,-0.0198776
-4.09311,-0.0547535
-4.06433,-0.0888455
-3.0025,-1.18867
-3.00329,-1.16991
-3.00406,-1.15079
-3.06419,-1.18335
-3.12351,-1.21228
-3.12741,-1.18632
-3.13208,-1.15935
-3.13667,-1.13506
-3.14066,-1.1133
-3.14473,-1.09369
-2.95261,-1.05127
-2.96982,-1.03886
-2.96568,-1.01157
-2.96242,-0.98784
-2.95987,-0.967274
-2.95224,-0.957654
-2.94515,-0.948765
-2.93855,-0.940565
-2.93159,-0.931911
-2.92458,-0.923224
-3.01385,-0.854606
-2.99728,-0.868944
-2.98116,-0.87743
-2.96782,-0.887844
-2.95609,-0.899164
-2.94654,-0.910872
-2.74038,-0.942833
-3.70038,-0.507031
-3.68841,-0.575574
-3.64945,-0.606536
-3.60698,-0.630961
-3.56273,-0.65007
-3.51822,-0.664984
-3.25897,-0.884803
-2.44233,-1.08796
-2.47687,-1.06467
-2.51231,-1.04455
-2.54754,-1.0268
-2.5806,-1.01116
-2.61545,-0.997852
Feature: 2.
-3.45612,-2.41294
-3.45612,-2.41294
-3.45612,-2.41294
-3.45612,-2.41294
-3.45612,-2.41294
-3.45612,-2.41294
-3.45612,-2.41294
-3.45612,-2.41294
-3.45612,-2.41294
-3.84751,-2.59207
-3.83045,-2.57661
-3.81442,-2.57
-3.79875,-2.5623
-3.78348,-2.55411
-3.76751,-2.54342
-3.75317,-2.53442
-3.73194,-2.52215
-3.71269,-2.511
-3.69511,-2.5008
-3.14692,-2.56522
-3.88174,-2.46988
-3.86073,-2.46242
-3.85328,-2.48388
-3.84372,-2.49877
-3.83294,-2.5088
-3.8207,-2.51461
-3.80723,-2.51743
-3.79304,-2.51773
-3.77788,-2.51584
-3.76174,-2.50916
-3.23522,-2.00716
-3.24606,-2.03212
-3.257,-2.05688
-3.26753,-2.08029
-3.25485,-2.08816
-3.24493,-2.09734
-3.23765,-2.10743
-3.23278,-2.11812
-3.2285,-2.13187
-3.22724,-2.14366
-3.00465,-2.19994
-1.28787,-2.98149
-1.35273,-2.91136
-1.419,-2.8417
-1.48949,-2.77966
-1.56087,-2.72333
-1.63197,-2.67206
-1.70142,-2.62517
-1.77082,-2.58251
-4.63167,-2.20333
-4.54111,-2.22266
-4.44912,-2.24173
-4.40624,-2.25807
-4.36581,-2.273
-4.328,-2.28652
-4.29279,-2.29871
-4.26003,-2.3097
-4.22958,-2.31959
-4.20129,-2.32849
-4.19892,-2.02725
-4.17811,-2.04355
-4.15685,-2.05995
-4.15519,-2.06744
-4.1553,-2.07558
-4.15709,-2.08404
-4.16008,-2.0927
-4.16406,-2.10139
-4.16869,-2.10997
-4.17366,-2.11837
-3.57932,-3.15522
-3.49712,-2.43851
-3.47801,-2.43791
-3.45853,-2.43714
-3.43987,-2.43623
-3.42017,-2.43507
-3.40036,-2.43367
-3.38112,-2.43208
-3.36295,-2.43032
-3.34614,-2.42844
-3.33081,-2.4265
-4.40335,-1.3308
-4.39809,-1.42332
-4.39069,-1.50209
-4.35712,-1.58147
-4.31509,-1.64929
-4.26491,-1.70848
-4.20771,-1.76103
-4.23713,-1.79713
-4.2465,-1.83184
-4.23779,-1.86411
-4.39105,-0.819503
-4.40535,-0.980388
-4.40806,-1.12178
-4.34655,-1.21937
-4.28182,-1.3069
-4.21696,-1.38542
-4.15273,-1.45579
-4.08955,-1.51951
-4.0275,-1.57778
-0.961519,-4.03304
-1.10696,-3.98003
-1.2424,-3.91718
-1.36669,-3.85157
-1.48966,-3.78433
-1.60927,-3.70963
-1.72473,-3.62945
-1.83508,-3.54601
-2.51584,-2.82306
-2.54368,-2.8141
-2.57021,-2.80902
-2.58691,-2.80116
-3.52702,-2.06056
-3.52151,-2.08253
-3.51562,-2.10395
-3.4981,-2.12263
-3.48268,-2.14046
-3.46014,-2.15597
-3.43935,-2.17063
-3.42015,-2.18455
-3.40261,-2.19768
-3.38655,-2.21012
-1.62612,-2.37427
-1.72985,-2.3573
-1.83568,-2.33977
-1.93478,-2.32278
-2.02472,-2.30701
-2.05183,-2.32946
-2.08811,-2.34395
-2.12826,-2.35232
-2.17207,-2.36053
-2.21876,-2.35863
-3.5401,-2.94278
-3.50297,-2.90769
-3.46644,-2.87836
-3.42223,-2.82686
-3.38774,-2.78975
-3.35717,-2.75906
-2.05627,-4.17357
-2.15613,-4.11592
-2.25019,-4.05604
-2.33536,-3.96067
-2.41422,-3.86668
-2.47539,-3.75599
-2.53227,-3.64313
-2.58418,-3.53135
-2.63077,-3.42318
-2.6656,-3.34092
-1.39645,-2.92776
-1.50954,-2.91569
-1.62223,-2.89635
-1.72976,-2.87242
-1.8168,-2.84658
-1.90186,-2.81242
-1.98229,-2.77388
-2.0637,-2.72996
-2.9869,-1.74893
-3.00646,-1.75997
-3.03708,-1.77434
-3.5644,-2.49825
-3.56519,-2.47949
-3.56596,-2.46037
-3.5863,-2.5093
-3.61069,-2.55145
-3.61699,-2.52462
-3.62707,-2.49565
-3.63637,-2.46961
-3.64444,-2.44631
-3.65205,-2.42536
-3.31804,-2.65771
-3.18335,-2.46379
-3.20056,-2.45138
-3.2081,-2.42213
-3.21498,-2.39662
-3.22121,-2.37445
-3.21333,-2.36488
-3.20602,-2.35603
-3.19922,-2.34787
-3.1921,-2.33925
-3.18494,-2.33058
-3.40582,-1.85859
-3.3896,-1.87279
-3.38123,-1.87821
-3.3746,-1.88592
-3.36869,-1.89485
-3.36418,-1.90445
-3.36086,-1.91428
-3.78856,-2.16817
-3.73423,-2.23842
-3.67831,-2.26976
-3.62116,-2.29437
-3.56425,-2.31354
-3.50881,-2.32843
-3.45581,-2.34003
-2.48422,-2.61128
-2.12961,-2.27281
-2.17839,-2.25319
-2.22622,-2.23612
-2.27224,-2.2209
-2.31468,-2.20739
-2.35769,-2.19586
Feature: 3.
-1.37573,-0.0846138
-1.37573,-0.0846138
-1.37573,-0.0846138
-1.37573,-0.0846138
-1.37573,-0.0846138
-1.37573,-0.0846138
-1.37573,-0.0846138
-1.37573,-0.0846138
-1.37573,-0.0846138
-1.70984,-0.301126
-1.70145,-0.287415
-1.69251,-0.27351
-1.68315,-0.259896
-1.67236,-0.244482
-1.66255,-0.23135
-1.64141,-0.219003
-1.62224,-0.207785
-1.60472,-0.197516
-1.58866,-0.188089
-1.83938,-0.497451
-1.85665,-0.493801
-1.8688,-0.487136
-1.87706,-0.47865
-1.88151,-0.468526
-1.88261,-0.457623
-1.88116,-0.446093
-1.87713,-0.433989
-1.87069,-0.418491
-1.43346,0.551035
-1.48425,0.544177
-1.52752,0.538444
-1.55745,0.545358
-1.57256,0.550719
-1.57343,0.553697
-1.5616,0.554044
-1.67895,0.614759
-1.76742,0.661289
-1.8294,0.697371
-1.10485,0.50182
-1.42027,0.973359
-1.49975,0.916287
-1.56183,0.86287
-1.53052,0.807908
-1.49248,0.756944
-1.45114,0.709839
-1.40757,0.666475
-1.36251,0.625981
-1.3163,0.587712
-1.00072,0.33266
0.824122,-1.02324
0.794523,-1.04204
0.757425,-1.04523
0.716743,-1.03968
0.654441,-1.01842
0.586898,-0.984879
0.516199,-0.941396
0.444399,-0.890558
-0.641632,-0.0227742
-0.61173,-0.0533328
-0.588702,-0.0836006
-0.579112,-0.0950552
-2.31809,2.21722
-2.30178,2.10306
-1.04001,0.309843
-1.04115,0.294825
-1.04103,0.279409
-1.01903,0.256076
-0.999732,0.234185
-0.980987,0.22264
-0.963419,0.211337
-0.94697,0.200267
-0.931752,0.189546
-0.917651,0.179135
0.315163,-0.935472
0.19647,-0.898525
0.0775966,-0.863934
-0.032823,-0.832392
-0.132556,-0.804201
-0.117431,-0.881425
-0.118361,-0.944368
-0.12885,-0.995457
-0.147689,-1.0412
-0.173309,-1.07221
-1.20452,0.0373204
-1.18893,0.040469
-1.17327,0.0435348
-1.11436,0.0351954
-1.05498,0.0260336
-1.00664,0.0186602
-0.955679,-0.00330651
-0.907618,-0.0250598
-0.864361,-0.0448414
-0.826823,-0.0616298
-0.0491153,-0.981964
-0.049446,-0.976858
-0.0497961,-0.96598
-0.0507324,-0.94948
-0.1102,-0.877235
-0.120029,-0.860486
-0.12958,-0.843063
-0.138663,-0.825122
-0.174956,-0.452759
-0.206864,-0.436734
-0.240809,-0.420124
-0.275019,-0.403763
-0.295079,-0.406757
-0.311087,-0.41255
-0.327374,-0.41363
-0.343894,-0.411002
-0.232658,-0.903141
-0.197565,-0.923811
-0.165719,-0.936745
-0.134032,-0.943283
-0.108002,-0.911593
-0.0834884,-0.879668
-0.0611456,-0.848411
-0.0457724,-0.825127
-0.464048,0.0391737
-0.467157,0.0538266
-0.467422,0.0656099
-0.465508,0.0717537
-0.465106,0.0828211
-0.461303,0.0880335
-0.453947,0.0884578
-0.443197,0.0852022
-1.08117,1.5519
-1.03757,1.44592
-1.05643,1.38492
-1.06814,1.31618
-1.07314,1.2424
-1.07238,1.16611
0.752291,-1.58176
0.743596,-1.6394
0.724269,-1.68366
0.70019,-1.70254
0.670681,-1.7003
0.63661,-1.67509
0.601686,-1.63539
0.566203,-1.58369
0.530564,-1.52297
-1.44219,2.34041
-1.48409,2.26017
-1.53314,2.19203
-1.08951,0.575016
-1.15913,0.621861
-0.18373,0.888796
-0.231315,0.811841
-0.317966,0.858338
-0.443941,0.938983
-0.55928,0.992761
-0.649966,1.00481
-0.768026,1.06154
-0.863224,1.09234
-0.934129,1.10068
-0.981767,1.09068
-1.33718,0.397343
-1.27933,0.388056
-1.2866,0.385317
-1.28311,0.378841
-1.26909,0.370423
-1.24735,0.357615
-1.22226,0.34328
-1.19528,0.328031
-0.826616,1.37895
-0.789349,1.2686
-0.752878,1.15133
-0.719482,1.03235
-0.792182,1.00439
-0.845977,0.971479
-0.874303,0.938243
-0.862971,0.8965
-0.88799,0.860573
-0.903081,0.823184
-0.715855,0.436836
-1.15811,-0.273948
-1.08814,-0.268528
-1.02342,-0.265284
-0.978389,-0.21455
-0.943206,-0.178082
-0.912063,-0.147929
1.62967,-2.71556
-0.0630183,-1.46097
-0.132809,-1.42568
-0.201329,-1.38519
-0.227412,-1.33621
-0.255825,-1.28355
-0.296984,-1.18971
-0.336607,-1.0916
-0.373612,-0.992734
-0.407318,-0.895836
-0.431014,-0.823412
-0.338521,-0.354899
-0.304639,-0.357696
-0.273422,-0.360758
-0.244836,-0.364039
-0.21529,-0.361589
-0.184973,-0.36018
-0.154951,-0.359939
-0.126019,-0.360863
0.730372,-1.3523
0.645318,-1.37882
0.556428,-1.3934
0.469152,-1.39926
0.412455,-1.41975
0.352962,-1.42635
0.294128,-1.42358
0.231021,-1.411
-0.519755,-0.66135
-0.541959,-0.666417
-0.573508,-0.678668
-0.602863,-0.690119
-0.580093,-0.702047
-0.562132,-0.708355
-0.554667,-0.705309
-0.551014,-0.696283
-1.05035,-0.254276
-1.02184,-0.276763
-0.992307,-0.300106
0.369917,-0.729616
0.295537,-0.660507
0.221366,-0.601571
0.218548,-0.581602
0.216301,-0.568184
0.213767,-0.555682
0.211538,-0.54418
0.208976,-0.533498
0.206327,-0.523597
0.202628,-0.508732
-0.930648,-0.313992
-0.920578,-0.303602
-0.912285,-0.294587
-0.905443,-0.286833
-0.89794,-0.276846
-0.890949,-0.267636
-0.884441,-0.259156
-0.877565,-0.250257
-0.870623,-0.241356
-0.863848,-0.232759
Feature: 4.
4.72145,-0.851227
4.72145,-0.851227
4.72145,-0.851227
4.72145,-0.851227
4.72145,-0.851227
4.72145,-0.851227
4.72145,-0.851227
4.3234,-1.01571
4.33466,-0.98659
4.34706,-0.957611
4.35827,-0.932619
4.37944,-0.920039
4.39863,-0.908614
4.41617,-0.898162
4.43225,-0.888571
4.44523,-0.884992
4.46373,-0.877399
4.46232,-0.296565
4.48417,-0.344641
4.50188,-0.388759
4.51579,-0.42921
4.52632,-0.46626
4.53544,-0.502914
4.54084,-0.53459
4.54425,-0.562883
4.53532,-0.588837
4.53948,-0.610122
5.41976,-0.199822
5.42364,-0.30162
5.4135,-0.382657
5.38905,-0.452476
5.35558,-0.511364
5.31584,-0.560673
5.27244,-0.6015
5.22478,-0.63529
4.72807,-0.503721
4.77075,-0.518982
4.81102,-0.533047
4.84869,-0.545882
4.88381,-0.55755
4.91649,-0.56814
4.94688,-0.577739
4.97514,-0.586437
5.00502,-0.595409
4.99051,-0.601388
6.13955,1.03511
5.14999,-0.27269
5.15905,-0.319189
5.16523,-0.361143
5.16879,-0.398917
5.17035,-0.432971
5.17026,-0.463657
5.16895,-0.491289
5.16682,-0.516172
5.16401,-0.538613
5.12715,-0.556686
5.48901,0.635448
5.44511,0.57394
5.40095,0.510913
5.35932,0.450245
5.32103,0.393218
5.28615,0.340096
5.25449,0.290788
5.22581,0.245086
2.97135,-2.28744
2.95654,-2.05618
2.95179,-1.85876
2.95843,-1.68973
3.65038,-0.0721485
3.69517,-0.0485423
3.74394,-0.031245
3.79386,-0.019081
3.84432,-0.0110117
3.89495,-0.00689313
3.94566,-0.00648218
3.99459,-0.00896428
4.03727,-0.0162838
4.07943,-0.0143355
5.26494,-0.2253
5.26304,-0.417625
5.24452,-0.572392
5.2158,-0.699037
5.15985,-0.775709
5.0961,-0.827657
5.02738,-0.85877
4.9563,-0.873015
3.1258,-0.381077
4.35156,-0.290647
4.37248,-0.324123
4.39082,-0.354829
4.4105,-0.357766
4.42885,-0.361753
4.44596,-0.366618
4.46172,-0.372087
4.47629,-0.378064
4.49356,-0.384999
4.53154,-0.39031
3.47437,-0.443158
3.53051,-0.477232
3.58737,-0.508757
3.63343,-0.535568
3.67841,-0.605514
3.72089,-0.668774
3.75901,-0.724456
3.79188,-0.772293
4.47313,0.51696
4.50322,0.44143
4.53604,0.358071
4.84168,-0.843127
4.84229,-0.876539
4.84252,-0.899189
4.84189,-0.911878
4.78176,-0.788361
4.77219,-0.787031
4.76282,-0.783065
4.75387,-0.776874
4.74531,-0.769044
4.84595,-0.82928
5.13199,-0.759809
5.10038,-0.738589
5.06668,-0.717513
5.03269,-0.697318
5.01129,-0.723481
4.99329,-0.761129
4.97512,-0.789789
4.95685,-0.811034
4.93506,-0.828302
4.92031,-0.840786
3.02988,1.87181
3.04373,-0.252118
4.26673,-0.33707
4.31025,-0.429293
4.3485,-0.504527
4.38505,-0.565295
4.41171,-0.541295
4.43679,-0.51626
4.45962,-0.491181
4.47543,-0.47344
4.49057,-0.454371
4.50564,-0.426544
4.10923,0.170686
4.10495,0.221078
4.10342,0.264522
3.8693,-1.32315
3.88109,-1.2762
3.89455,-1.2397
3.91013,-1.212
3.9279,-1.19147
4.13041,0.450851
4.17835,-1.26223
3.88016,0.58566
4.58107,-0.11708
4.57679,-0.12469
4.57735,-0.146874
4.58272,-0.180089
4.59225,-0.22101
4.60504,-0.266774
4.64315,-0.33551
5.24135,-0.828634
5.25075,-1.00349
5.24584,-1.16002
5.23201,-1.27666
5.2097,-1.35948
5.17998,-1.39827
5.1481,-1.4142
5.11471,-1.41085
5.08047,-1.39212
3.27122,1.18211
3.26156,1.24198
3.24062,1.31505
4.24772,-0.346615
4.29987,-0.370115
4.35727,-0.396224
3.56641,-0.0594996
4.08713,-0.86782
4.05479,-0.679833
4.77656,-0.339688
4.78423,-0.366817
4.79184,-0.394507
4.69197,-0.190974
4.60137,-0.0325187
4.56716,0.0345531
4.53917,0.0872502
4.52104,0.122157
4.5061,0.148763
5.23904,-0.803923
5.19788,-0.798364
5.15639,-0.792245
5.15102,-0.832637
5.14284,-0.863719
5.13212,-0.885593
5.11937,-0.898997
5.10521,-0.905034
5.09309,-0.908168
4.76534,-0.734533
4.80144,-0.81792
4.83704,-0.884405
4.85465,-0.849915
4.87796,-0.850772
4.89389,-0.850002
4.90858,-0.843266
4.77529,0.136107
4.77443,0.111054
4.75403,0.0952271
4.73988,0.0810625
4.72166,0.0921553
4.7081,0.0956596
4.6982,0.0924078
4.69114,0.0842057
5.13712,-1.31422
5.09743,-1.28016
4.93398,-0.827444
4.91614,-0.819268
4.89809,-0.810861
4.88972,-0.855614
4.87944,-0.890047
4.86782,-0.915677
4.87933,-1.09784
4.87666,-1.23227
4.89076,-1.38205
5.37992,-1.18272
5.288,-1.15849
5.19154,-1.13312
5.12727,-1.16345
5.0749,-1.18295
5.0538,-1.21722
5.03143,-1.28582
5.00663,-1.33275
4.98146,-1.36255
5.02048,-1.19942
5.09248,-1.27336
5.14122,-1.32377
4.93497,-1.15549
4.96026,-1.23032
4.98377,-1.2869
5.01314,-1.26492
5.03399,-1.30378
5.05087,-1.32892
5.06471,-1.34333
5.07627,-1.34857
5.06694,-0.96887
5.10197,-0.999244
5.13603,-1.02095
5.1313,-1.07291
5.1251,-1.12724
5.11793,-1.16413
5.11069,-1.18798
5.10367,-1.199
5.29679,-1.28952
5.33561,-1.32527
4.5201,-0.756605
4.8346,-1.03476
4.76449,-0.794531
4.69364,-0.600858
4.63854,-0.46642
4.57465,-0.198883
4.51964,0.0164357
4.47845,0.185903
4.45268,0.316342
4.44107,0.404827
4.4126,0.487654
3.68098,-0.616304
3.97962,-0.68186
3.99295,-0.577806
4.01257,-0.491239
4.03917,-0.419286
4.06972,-0.370368
4.10189,-0.331025
4.13457,-0.299607
4.17204,-0.275807
4.20723,-0.2566
4.24115,-0.242369
4.20345,-0.638252
4.16499,-0.561691
4.13913,-0.503266
4.1337,-0.45677
4.15827,-0.450105
4.15128,-0.416894
4.15108,-0.394024
4.15666,-0.379597
4.16468,-0.363789
4.17936,-0.349609
3.05723,-1.0387
3.10202,-0.989248
3.137,-0.953854
3.16797,-0.924594
5.81106,-1.1721
4.95105,-1.24168
4.92689,-1.30771
4.89806,-1.35491
4.85619,-1.30111
4.8157,-1.23777
4.77775,-1.16907
4.74308,-1.09836
4.71844,-1.04867
3.96643,-0.275168
4.00039,-0.282615
4.03168,-0.289725
4.06032,-0.296535
4.08978,-0.288926
4.12002,-0.283036
4.14997,-0.278905
4.17884,-0.276451
4.20608,-0.275512
4.25885,-0.267447
6.03077,-0.416537
5.96171,-0.538719
5.88533,-0.636649
5.80785,-0.715088
5.7643,-0.847454
5.71433,-0.951416
5.66232,-1.03333
5.60406,-1.09439
5.54195,-1.13692
5.46924,-1.14205
4.80061,-0.433068
5.31194,-0.381332
5.28015,-0.388566
5.25058,-0.395718
5.27852,-0.540369
5.29853,-0.661982
5.30593,-0.759063
5.30814,-0.836959
5.30527,-0.897216
5.29566,-0.949489
5.28137,-0.9838
4.77004,-0.107446
4.79791,-0.106453
4.82681,-0.10943
4.12284,-0.955731
4.33885,-0.605758
4.33647,-0.609024
4.33376,-0.611026
4.33135,-0.612131
4.32859,-0.612412
4.32575,-0.612046
4.32154,-0.618321
4.315,-0.626447
4.32986,-0.62934
4.10834,-0.906545
4.11595,-0.895661
4.12304,-0.885668
4.12963,-0.876505
4.13658,-0.867009
4.14359,-0.857584
4.15042,-0.84853
4.07921,-0.446348
4.62416,0.573606
4.6512,0.506177
4.67366,0.444482
4.69304,0.388554
4.70902,0.338045
4.72214,0.292613
4.09204,-1.60203
4.13979,-1.52353
4.58367,-0.236642
4.55884,-0.297702
4.53101,-0.3509
4.50176,-0.396859
4.47342,-0.436573
4.44233,-0.471348
Feature: 5.
5.37554,-2.18714
5.37554,-2.18714
5.37554,-2.18714
5.37554,-2.18714
5.37554,-2.18714
5.37554,-2.18714
5.37554,-2.18714
4.85216,-2.36821
4.8669,-2.33773
4.88235,-2.30754
4.89621,-2.2815
4.91743,-2.26889
4.93667,-2.25745
4.95425,-2.24698
4.97037,-2.23738
4.98072,-2.23484
4.99922,-2.22725
5.1338,-1.50005
5.14939,-1.5516
5.16164,-1.59871
5.1708,-1.64173
5.17722,-1.681
5.18274,-1.71957
5.18503,-1.7529
5.18573,-1.78262
5.17401,-1.81004
5.17817,-1.83133
4.9518,-2.09463
4.99467,-2.10986
5.03509,-2.1239
5.07288,-2.13672
5.10809,-2.14838
5.14084,-2.15896
5.17128,-2.16855
5.19958,-2.17724
5.22948,-2.18621
5.21497,-2.19219
6.47251,-0.829903
5.76173,-1.55831
5.7654,-1.60736
5.7669,-1.6515
5.76639,-1.69116
5.76444,-1.72684
5.76129,-1.75892
5.75734,-1.78776
5.75293,-1.81368
5.74813,-1.83701
5.71127,-1.85509
3.6201,-1.85511
3.69173,-1.83176
3.76377,-1.81435
3.83386,-1.80185
3.90178,-1.79331
3.96754,-1.78863
4.03136,-1.78764
4.09162,-1.78954
4.14145,-1.79646
4.20292,-1.79327
5.77517,-1.81745
5.71089,-2.02844
5.6376,-2.19744
5.56091,-2.33494
5.46929,-2.41873
5.37433,-2.47625
5.27831,-2.51174
5.18336,-2.52944
4.86099,-1.77404
4.85396,-1.83818
2.63408,-2.05111
4.41647,-1.14106
4.44656,-1.21659
4.47938,-1.29995
4.29132,-2.27762
4.28065,-2.30666
4.27109,-2.32542
4.26196,-2.33468
4.21678,-2.21716
4.2027,-2.21404
4.18941,-2.20851
4.17704,-2.20093
4.16549,-2.19189
4.16563,-2.15947
4.79836,-2.30184
4.76826,-2.28095
4.73586,-2.26015
4.70298,-2.24019
4.67486,-2.2649
4.6476,-2.3005
4.62143,-2.32734
4.59624,-2.34698
4.56802,-2.36272
4.54776,-2.37388
4.34013,-2.22283
4.35368,-2.31598
4.36587,-2.39163
4.37976,-2.45247
4.40322,-2.42846
4.42541,-2.40341
4.44567,-2.37832
4.45916,-2.36056
4.47222,-2.34147
4.49572,-2.3137
5.0951,-2.43873
3.94754,-1.17775
3.98362,-1.49752
3.99247,-1.51074
4.00449,-1.5377
4.01985,-1.57499
4.03811,-1.6194
4.05851,-1.66816
4.0942,-1.73595
4.80849,-2.24452
5.13959,-2.40554
5.09985,-2.55887
5.05586,-2.67203
5.0074,-2.75131
4.95809,-2.78711
4.90923,-2.80022
4.86112,-2.79425
4.81412,-2.77312
4.76856,-2.74064
2.53543,-0.473533
3.06021,-1.27107
3.11389,-1.20287
3.60039,-1.70791
3.65254,-1.73141
3.70994,-1.75752
2.88533,-1.43373
3.81977,-2.6149
3.83498,-2.43353
4.40167,-1.65919
4.40934,-1.68632
4.41694,-1.71401
4.34882,-1.51909
5.21113,-2.3313
5.16997,-2.32574
5.12848,-2.31962
5.11453,-2.35983
5.09892,-2.39072
5.08174,-2.41239
5.0634,-2.4256
5.04437,-2.43145
5.02804,-2.43441
5.50524,-3.00168
4.9665,-2.66636
4.9781,-2.75214
4.99241,-2.82045
5.00934,-2.78602
5.02473,-2.78749
5.03367,-2.78724
5.04217,-2.78094
5.04957,-2.76978
4.8682,-1.79288
4.87196,-1.8177
4.85858,-1.83316
4.85053,-1.84699
4.8438,-1.8352
4.84015,-1.83104
4.83882,-1.83369
4.83915,-1.84134
4.84106,-1.85329
6.04392,-3.2294
5.99001,-3.1955
5.93158,-3.15808
5.91293,-3.12195
5.89015,-3.13556
5.86727,-3.13853
5.84424,-3.12732
5.82219,-3.1131
4.97052,-2.25863
4.95268,-2.25045
4.93463,-2.24204
4.91863,-2.28697
4.90171,-2.32152
4.88434,-2.34723
4.86625,-2.52943
4.83804,-2.66339
4.82512,-2.8122
4.89961,-1.48471
6.33608,-2.21404
6.24417,-2.18981
6.1477,-2.16443
6.07751,-2.20023
6.01996,-2.22445
5.99152,-2.26533
5.95755,-2.34419
5.92263,-2.3999
5.88863,-2.43722
4.95569,-1.37952
5.17908,-1.35753
5.18494,-1.34962
4.88418,-2.49538
4.89447,-2.56955
4.90495,-2.62543
4.93148,-2.60328
4.94142,-2.64143
4.94884,-2.66589
4.95446,-2.67964
4.9589,-2.68428
4.82819,-2.83692
4.81358,-2.59603
4.79089,-2.4004
4.77754,-2.26322
4.78477,-1.98876
4.79121,-1.76515
4.80306,-1.58679
4.82308,-1.44735
4.85099,-1.3501
4.88373,-1.25184
3.61649,-2.41473
3.66501,-2.31768
3.71529,-2.23661
3.76838,-2.16897
3.81928,-2.12308
3.86914,-2.08617
3.91721,-2.05672
3.96805,-2.03453
4.01579,-2.01673
4.06061,-2.00365
5.74309,-1.3254
5.97128,-1.37336
3.67235,-1.90594
3.70456,-1.91306
3.73431,-1.9199
3.76162,-1.92646
3.79303,-1.91921
3.82497,-1.91363
3.85639,-1.90976
3.88654,-1.90754
3.91489,-1.9068
3.97842,-1.90062
5.23146,-1.99019
5.20104,-1.9975
5.17265,-2.0047
5.16415,-2.14718
5.15256,-2.26623
5.13258,-2.36058
5.11106,-2.43573
5.08761,-2.49332
5.05336,-2.54203
5.01773,-2.57295
3.77853,-1.80591
3.81325,-1.8089
3.84812,-1.81532
4.79381,-2.01436
4.78845,-2.00257
4.78041,-2.00765
4.77278,-2.0112
4.76608,-2.01365
4.75959,-2.01508
4.7535,-2.01571
4.74209,-2.02416
4.72735,-2.03471
4.7422,-2.03761
4.61003,-2.16769
4.61787,-2.15672
4.62515,-2.14665
4.63191,-2.13742
4.63901,-2.12786
4.64615,-2.11838
4.6531,-2.10928
4.26856,-1.81247
4.28479,-1.82941
4.29327,-1.89415
4.29962,-1.95338
4.30501,-2.00709
4.30885,-2.0556
4.31142,-2.09925
3.54402,-3.36232
3.6264,-3.24536
3.69221,-3.20155
3.75728,-3.16114
3.82058,-3.1241
3.88118,-3.09045
3.93838,-3.06018
4.07104,-1.61138
3.99387,-3.02531
4.04163,-2.94681
Feature: 6.
10.9665,-3.66992
10.9976,-3.14036
11.0236,-2.68306
11.0501,-2.28799
11.6925,-0.586608
11.7482,-0.484518
11.8029,-0.398477
11.8565,-0.326776
11.9093,-0.267809
11.9598,-0.219571
12.0032,-0.194933
12.0469,-0.106521
13.7969,0.79194
13.7713,0.528278
13.7308,0.312782
13.6797,0.138708
13.6221,-0.00045225
11.4675,-0.283241
11.487,-0.274878
11.5053,-0.269264
11.5223,-0.265985
11.5379,-0.264563
11.5524,-0.264725
11.5696,-0.265003
11.6075,-0.270314
12.9456,2.78872
13.0582,2.33569
13.1331,1.94474
13.1817,1.60781
13.2091,1.31328
13.2198,1.06596
12.4936,0.948004
12.5535,0.786303
12.6081,0.64345
12.6561,0.518757
12.6972,0.411115
13.5954,-1.75034
12.921,-0.366224
12.9127,-0.390551
12.9044,-0.408979
12.8963,-0.422341
12.8885,-0.431595
12.8791,-0.352767
13.1456,0.0917557
13.2636,0.268287
13.2514,0.181072
13.238,0.109455
13.2237,0.0509942
13.2055,-0.000903159
13.1936,-0.0431135
13.1833,-0.0794479
13.1351,-0.0888993
13.0868,-0.0983881
11.8321,-0.357897
11.8827,-0.138917
11.9011,-0.00791037
11.9575,-0.0301104
12.242,-0.406398
12.269,-0.395767
12.2943,-0.382709
12.3173,-0.368368
12.3332,-0.360264
12.3485,-0.34985
12.363,-0.286958
12.3786,-0.23542
12.416,-0.251876
12.4455,-0.239663
11.9625,-0.715928
11.9689,-0.602086
11.9774,-0.507443
11.9882,-0.42919
12.0016,-0.364699
12.0172,-0.312718
12.0117,-0.141022
12.6715,0.411735
12.6619,0.480885
12.6572,0.525417
12.6575,0.5502
12.6623,0.559711
12.6707,0.557814
12.7103,0.475143
13.1725,-0.149924
13.1591,-0.301056
13.14,-0.414726
13.1168,-0.496381
13.0907,-0.551576
13.0627,-0.585536
13.9146,0.78914
13.8096,0.704017
13.7101,0.623953
13.3563,-0.995947
13.2684,-0.586914
13.1842,-0.250181
13.1511,-0.131695
13.1239,-0.0352088
13.1062,0.036887
13.0915,0.0949717
12.4075,-0.0760663
12.406,-0.157163
12.401,-0.223586
12.3929,-0.276141
12.3824,-0.316177
12.37,-0.345328
12.3594,-0.368519
12.3492,-0.38585
12.3167,-0.339549
11.8952,0.124604
11.9416,-0.0492352
11.9852,-0.194318
12.003,-0.162351
12.0291,-0.192431
12.0474,-0.217499
12.064,-0.233614
12.0786,-0.242302
12.1752,-0.438322
12.2394,-0.483582
12.0623,0.186941
12.4665,0.141105
12.4459,0.153297
12.4316,0.16348
12.4127,0.22038
12.3984,0.263464
12.3877,0.294401
12.3798,0.315719
12.3745,0.328738
12.3791,0.31907
12.3747,0.314935
12.638,-0.195169
12.584,-0.161262
12.5256,-0.123845
12.5162,-0.10794
12.5167,-0.172928
12.5137,-0.220939
12.5079,-0.249234
12.5007,-0.269655
12.4922,-0.281612
12.4748,-0.200651
12.8637,-0.316293
12.824,-0.282236
13.0483,0.182425
13.0451,0.0941571
13.0392,0.021917
13.0312,-0.0365585
13.0591,-0.387643
13.1501,-0.212722
13.091,-0.288704
13.0429,-0.347881
13.0275,-0.438128
13.0132,-0.594593
12.9946,-0.717613
12.9742,-0.813271
11.0544,0.049607
11.1394,-0.0887833
11.1989,-0.195434
11.2456,-0.278246
11.246,-0.239627
11.9976,-0.00700986
12.0354,-0.161028
12.0689,-0.286467
12.1004,-0.279525
12.129,-0.376182
12.1523,-0.451567
12.1714,-0.509626
12.1873,-0.552799
12.2025,-0.57966
12.2181,-0.551281
12.2826,0.116408
12.3224,0.0539403
12.3605,0.00396538
12.3634,-0.103667
12.3656,-0.22212
12.3653,-0.315857
12.3638,-0.390188
12.3615,-0.446133
12.2455,-0.0802069
12.2926,-0.164604
12.3344,-0.231734
12.3289,0.0308709
10.8232,-2.99791
10.8548,-2.4832
10.8746,-2.05051
10.8923,-1.69046
10.9129,-1.39334
10.9381,-1.15933
10.9604,-0.848008
11.5451,-1.2214
11.8919,-0.732035
11.9255,-0.591861
11.9595,-0.473253
11.9932,-0.372996
12.031,-0.289414
12.0661,-0.214167
12.0996,-0.151265
12.1367,-0.101018
12.178,-0.0923605
12.2665,-0.972164
12.2659,-0.827465
12.2701,-0.707679
12.2784,-0.609015
12.2881,-0.523322
12.3037,-0.452181
13.1569,0.978947
13.1671,0.538034
13.1352,0.462173
11.8554,-1.09416
11.8154,-1.09444
11.7761,-1.07806
11.739,-1.05013
11.7048,-1.01481
11.6805,-0.995846
11.7117,-0.256946
11.7412,-0.240167
11.7713,-0.226315
11.8012,-0.215269
11.8301,-0.206811
11.8572,-0.200657
11.9093,-0.142151
12.9591,1.2774
12.9557,0.99495
12.938,0.75998
12.9121,0.563818
12.8751,0.403207
12.8303,0.27398
12.7576,0.268849
12.8037,1.774
12.8789,1.45763
12.9368,1.18608
12.9746,0.958245
13.0015,0.766414
13.0186,0.606947
13.0313,0.435281
13.0349,0.297039
Feature: 7.
13.5436,-1.53504
13.5316,-1.56132
13.5201,-1.58145
13.5092,-1.59629
13.4989,-1.60682
13.4958,-1.52473
14.0726,-0.833812
14.0505,-0.89944
14.0313,-0.991358
14.0118,-1.06702
13.9922,-1.12895
13.9689,-1.18405
13.9529,-1.229
13.9388,-1.26769
13.8906,-1.27714
13.8424,-1.28663
12.6944,-1.24521
12.767,-1.00424
12.7957,-0.862748
12.852,-0.884948
12.7038,-1.69358
12.7286,-1.68373
12.7519,-1.67137
12.7731,-1.65766
12.7875,-1.65011
12.8013,-1.6402
12.8216,-1.57527
12.8422,-1.52195
12.8748,-1.54011
12.9044,-1.5279
14.8634,-0.198447
14.7585,-0.28357
14.659,-0.363634
13.4313,-2.77833
13.3861,-2.36698
13.3388,-2.02742
13.3164,-1.90798
13.2982,-1.81062
13.2882,-1.73776
13.2801,-1.67899
13.0678,-0.668102
13.0911,-0.972703
13.105,-1.19421
12.9522,-0.887216
12.9217,-0.898791
12.8823,-0.853908
12.3229,-1.52375
12.3554,-1.58639
12.0451,-1.67401
12.0811,-1.75697
12.1132,-1.82277
12.1379,-1.56407
10.9192,-4.26839
11.0011,-3.74888
11.0644,-3.31041
11.1196,-2.94413
11.1727,-2.6407
11.2258,-2.40055
11.2914,-2.07839
12.1698,-2.23507
12.2219,-2.03927
12.2707,-1.89518
12.3178,-1.77302
12.3628,-1.66957
12.4105,-1.58314
12.4548,-1.50516
12.4963,-1.43982
12.5404,-1.38742
12.5817,-1.37876
12.8158,-2.04773
12.8553,-1.95719
12.8682,-1.8043
12.8839,-1.67725
12.9023,-1.57217
12.9203,-1.48107
12.9426,-1.40548
13.8382,-0.0148964
13.8092,-0.481578
13.7768,-0.557723
Feature: 8.
21.1912,-1.33904
21.17,-1.20153
21.1573,-1.09457
21.1467,-1.00696
20.5443,-1.27618
20.5317,-1.36314
20.5171,-1.43301
20.5012,-1.48804
20.4874,-1.53368
20.4744,-1.57047
20.4418,-1.52417
19.8507,-1.76234
20.2229,-1.2682
20.2444,-1.33187
20.2585,-1.38661
20.2714,-1.42894
19.9811,-0.196236
20.0774,-0.512357
20.141,-0.6094
20.3003,-1.42782
20.2908,-1.32403
20.2843,-1.24038
20.2802,-1.17437
20.2779,-1.12274
20.2773,-1.08354
20.284,-1.0819
20.2846,-1.0572
19.82,-2.00257
20.2051,-1.43848
20.195,-1.56314
20.1825,-1.66324
20.1679,-1.73702
20.1529,-1.7972
20.1374,-1.84394
20.129,-1.71827
20.6706,-0.674693
20.6527,-0.818494
20.6337,-1.05892
20.6104,-1.25453
20.5853,-1.41294
20.5588,-1.54111
20.5287,-1.54836
20.4938,-1.44817
21.5584,-0.558921
21.4714,-0.607824
18.3348,-2.56854
18.3725,-2.1919
Feature: 9.
20.0861,-0.21397
20.0757,-0.282219
20.0634,-0.335849
20.0528,-0.380279
20.0425,-0.416034
19.9041,-0.00787961
19.9307,-0.0702552
19.9494,-0.123869
19.9663,-0.165223
20.3238,0.0913559
20.3053,0.19526
20.291,0.278965
20.2801,0.344991
20.272,0.396608
20.2664,0.435779
20.2709,0.437399
20.266,0.462044
20.3231,0.0654036
20.3247,-0.0602226
20.3223,-0.161231
20.3167,-0.23587
20.3095,-0.296842
20.3008,-0.344306
20.2836,-0.217709
21.4087,2.8168
21.4938,2.29195
20.0407,0.248684
20.8296,1.41866
20.8353,1.17615
20.8333,0.978512
20.8266,0.818194
20.816,0.68825
20.7846,0.681143
20.7335,0.783138
20.2013,0.792518
20.2937,0.556481
20.3588,0.364748
20.4098,0.207794
20.4076,0.29282
19.2951,-0.352629
20.1417,0.534667
20.1767,0.372437
20.2051,0.240078
20.2283,0.132524
20.2475,0.0463577
20.2653,-0.0178468
20.2809,0.0105324
20.9253,1.39149
21.5591,0.154137
21.5632,-0.0458134
21.564,-0.211731
21.563,-0.350113
21.5608,-0.463016
21.2432,1.07735
21.1562,1.02845
18.6296,-1.14669
18.6403,-0.764716
