PILLAR: 1.
-3.30093,-1.13384
-3.30093,-1.13384
-3.30093,-1.13384
-3.30093,-1.13384
-3.30093,-1.13384
-3.30093,-1.13384
-3.30093,-1.13384
-3.30093,-1.13384
-3.30093,-1.13384
-3.23626,-1.13
-3.23626,-1.13
-3.23626,-1.13
-3.23626,-1.13
-3.23626,-1.13
-3.09844,-1.14668
-3.10056,-1.14651
-3.10223,-1.14638
-3.10357,-1.14627
-2.869,-1.19596
-3.1743,-1.1478
-3.1743,-1.1478
-3.1743,-1.1478
-3.1743,-1.1478
-3.1743,-1.1478
-3.1743,-1.1478
-3.1743,-1.1478
-3.1743,-1.1478
-3.17429,-1.1478
-3.17429,-1.1478
-3.25507,-1.1642
-3.25507,-1.1642
-3.25507,-1.1642
-2.9831,-1.15666
-2.98657,-1.15672
-2.98962,-1.15677
-2.99232,-1.15681
-2.99472,-1.15685
-2.99687,-1.15688
-2.9988,-1.15691
-2.96641,-1.19926
-2.96641,-1.19926
-3.4822,-1.13972
-3.4822,-1.13972
-3.69066,-1.1277
-3.68844,-1.12751
-3.68641,-1.12734
-3.68455,-1.12719
-3.68284,-1.12705
-3.68127,-1.12692
-3.67981,-1.1268
-3.67846,-1.12669
-3.41444,-1.10727
-3.41444,-1.10727
-3.41444,-1.10727
-3.68753,-1.11013
-3.68551,-1.11007
-3.68364,-1.11
-3.6819,-1.10994
-3.68028,-1.10988
-3.67876,-1.10983
-3.67735,-1.10978
-2.90217,-1.24095
-2.90212,-1.24096
-3.25086,-1.32811
-3.24914,-1.32827
-3.24752,-1.32841
-3.24599,-1.32854
-3.24456,-1.32866
-3.24321,-1.32877
-3.24193,-1.32888
-3.24073,-1.32898
-3.56313,-1.87358
-3.56286,-1.87288
-3.56261,-1.8722
-3.56236,-1.87156
-3.56213,-1.87094
-3.5619,-1.87035
-3.56168,-1.86978
-3.21316,-0.718054
-3.21523,-0.712363
-3.21119,-0.707964
-3.21319,-0.702423
-3.21517,-0.696967
-3.21135,-0.692703
-3.21326,-0.687386
-3.20955,-0.683221
-3.20588,-0.679124
-3.20766,-0.673991
-3.69024,-1.11653
-3.69009,-1.11655
-3.68994,-1.11657
-3.68979,-1.11658
-3.68965,-1.1166
-3.68951,-1.11662
-3.68938,-1.11664
-3.68925,-1.11665
-3.68913,-1.11667
-3.29138,-1.1625
-3.30518,-0.664916
-3.09834,-1.59517
-3.28856,-0.66132
-2.93325,-1.39814
-2.92545,-1.39509
-2.91793,-1.39222
-2.91067,-1.3895
-2.90365,-1.38694
-2.89686,-1.38451
-2.89028,-1.38221
-3.13007,-1.16421
-4.35198,-0.999279
-4.34956,-1.00161
-4.34727,-1.00385
-4.34455,-1.00248
-4.34196,-1.00116
-4.3395,-0.999883
-3.16611,-1.9562
-3.53263,-0.370331
-4.2795,-1.27983
-3.25378,-0.622424
-2.82746,-0.832898
-2.82342,-0.830731
-3.6258,-0.888076
-3.62474,-0.888027
-3.16447,-1.02478
-3.15916,-1.02478
-3.27208,-0.459391
-3.44366,-1.18903
-2.99979,-1.1608
-2.99539,-1.16011
-2.99108,-1.15946
-3.3024,-0.363196
-3.48075,-1.07292
-3.48059,-1.07303
-3.48043,-1.07313
-3.48028,-1.07323
-3.48013,-1.07332
-3.47999,-1.07341
-3.47985,-1.0735
-3.47971,-1.07359
-3.42303,-1.06529
-3.06948,-1.31694
-3.06996,-1.31589
-3.07043,-1.31487
-3.07089,-1.31389
-3.07134,-1.31294
-3.07178,-1.31202
-3.07221,-1.31114
-3.07263,-1.31027
-3.72451,-1.2862
-3.72389,-1.28554
-3.72328,-1.28491
-3.7227,-1.28429
-3.72213,-1.2837
-3.72157,-1.28312
-3.72103,-1.28256
-3.7205,-1.28201
-3.27743,-1.12941
-3.27737,-1.12939
-3.2773,-1.12938
-3.05646,-1.15338
-3.05616,-1.1534
-3.05587,-1.15342
-2.70141,-1.33524
-2.7027,-1.33521
-2.70396,-1.33517
-2.70518,-1.33513
-2.98689,-1.83982
-2.98631,-1.84057
-2.98574,-1.84131
-2.98518,-1.84204
-3.21627,-1.28777
-3.21619,-1.28762
-3.18069,-1.32188
-3.18046,-1.3219
-3.18023,-1.32191
-2.8695,-1.40155
-2.86797,-1.40183
-2.86645,-1.40211
-2.86495,-1.40239
-2.86346,-1.40267
-2.97971,-1.20302
-2.97973,-1.20294
-2.97975,-1.20287
-2.80749,-1.40995
-2.80772,-1.40998
-2.80794,-1.41002
-2.80816,-1.41005
-2.80837,-1.41008
-3.90289,-1.26881
-3.90384,-1.26903
-3.90479,-1.26925
-3.90573,-1.26946
-3.22741,-1.2388
-3.34278,-1.20571
-3.59875,-1.17454
-3.59871,-1.17455
-3.59866,-1.17455
-3.91589,-1.14461
-3.91606,-1.14449
-3.91624,-1.14437
-3.91641,-1.14425
-3.91659,-1.14413
-3.91675,-1.14402
-3.10592,-1.3938
-3.35495,-1.43229
-3.35421,-1.43297
-3.35347,-1.43365
-3.3852,-1.43225
-3.50277,-1.47535
-3.50106,-1.47674
-3.49935,-1.47813
-3.49766,-1.47951
-3.49597,-1.48088
-3.46512,-1.06181
-3.5578,-1.07762
-3.61353,-1.06221
-3.61343,-1.06228
-3.61334,-1.06236
-3.61325,-1.06243
-3.61316,-1.06251
-3.62497,-1.33482
-3.68592,-1.31965
-3.68588,-1.31958
-3.68585,-1.31951
-3.68582,-1.31944
-3.68578,-1.31938
-3.68575,-1.31931
PILLAR: 2.
-3.60047,-2.78626
-3.60047,-2.78626
-3.60047,-2.78626
-3.60047,-2.78626
-3.60047,-2.78626
-3.60047,-2.78626
-3.60047,-2.78626
-3.60047,-2.78626
-3.60047,-2.78626
-3.60748,-2.77803
-3.60748,-2.77803
-3.60748,-2.77803
-3.60748,-2.77803
-3.60748,-2.77803
-3.42638,-2.80387
-3.42855,-2.80369
-3.43026,-2.80355
-3.43164,-2.80343
-3.49287,-2.78537
-3.60543,-2.77866
-3.60543,-2.77866
-3.60543,-2.77866
-3.60543,-2.77866
-3.60543,-2.77866
-3.60543,-2.77866
-3.60543,-2.77866
-3.60543,-2.77866
-3.60543,-2.77866
-3.60543,-2.77866
-3.52465,-2.76225
-3.52465,-2.76225
-3.52465,-2.76225
-3.24658,-2.75573
-3.25005,-2.75579
-3.25312,-2.75583
-3.25583,-2.75588
-3.25824,-2.75591
-3.26039,-2.75595
-3.26233,-2.75598
-3.71768,-2.72472
-3.71768,-2.72472
-3.20189,-2.78426
-3.20189,-2.78426
-3.49457,-2.78438
-3.49248,-2.78421
-3.49057,-2.78406
-3.48882,-2.78392
-3.48722,-2.78379
-3.48573,-2.78367
-3.48437,-2.78356
-3.4831,-2.78346
-3.34625,-2.81467
-3.34625,-2.81467
-3.34625,-2.81467
-3.71755,-2.81863
-3.71566,-2.81856
-3.71391,-2.81849
-3.71227,-2.81843
-3.71075,-2.81837
-3.70933,-2.81832
-3.70799,-2.81827
-3.51877,-2.63526
-3.93122,-2.67935
-3.93117,-2.67936
-4.39939,-2.67304
-4.39748,-2.67335
-4.3957,-2.67363
-4.39402,-2.67389
-4.39245,-2.67414
-4.39096,-2.67436
-4.38956,-2.67458
-4.38823,-2.67478
-2.87705,-2.58428
-4.24441,-2.30502
-2.87491,-2.57416
-2.86584,-2.56659
-4.23516,-2.29553
-2.86385,-2.55685
-4.23338,-2.28586
-4.23862,-2.27596
-2.86854,-2.54513
-2.86015,-2.53813
-3.21857,-2.77816
-3.21841,-2.77818
-3.21826,-2.7782
-3.21811,-2.77821
-3.21797,-2.77823
-3.21783,-2.77825
-3.2177,-2.77827
-3.21758,-2.77828
-3.21745,-2.7783
-3.61496,-2.7325
-3.17463,-2.742
-3.16723,-2.73888
-3.16009,-2.73593
-3.15318,-2.73316
-3.14649,-2.73054
-3.14,-2.72806
-3.13371,-2.7257
-3.7325,-2.09697
-3.62309,-2.88929
-3.45638,-2.95804
-3.45605,-2.95805
-2.79757,-3.06901
-2.79238,-3.06903
-3.86385,-1.93106
-3.59833,-2.76766
-3.16193,-2.73868
-3.15772,-2.73798
-3.15359,-2.7373
-3.60862,-1.96949
-3.39643,-2.70596
-3.39659,-2.70609
-3.39674,-2.7062
-3.39689,-2.70632
-3.39702,-2.70643
-3.39716,-2.70653
-3.39729,-2.70663
-3.39741,-2.70673
-3.09646,-2.38764
-3.09619,-2.38704
-3.09593,-2.38645
-3.49497,-2.57985
-3.49496,-2.57968
-3.34291,-2.63369
-3.34265,-2.6337
-3.34239,-2.63372
-2.97662,-2.719
-2.97501,-2.71929
-2.97343,-2.71957
-2.97185,-2.71986
-2.97029,-2.72014
-3.17418,-2.35812
-3.1739,-2.35738
-3.17363,-2.35664
-3.39768,-2.23761
-3.39738,-2.23676
-3.39709,-2.23591
-3.3968,-2.23509
-3.25308,-2.30023
-3.76964,-2.29559
-3.77072,-2.29504
-3.96637,-1.98305
-3.71821,-2.07204
-3.71865,-2.07059
-3.71908,-2.06917
-3.56077,-2.61449
-3.44553,-2.64749
-3.26325,-2.58051
-3.26308,-2.58048
-3.26291,-2.58046
-3.58001,-2.55048
-3.58018,-2.55036
-3.58035,-2.55024
-3.58052,-2.55012
-3.58069,-2.55
-3.58085,-2.54989
-3.7043,-2.45189
-2.71599,-2.78423
-2.71079,-2.7828
-2.70563,-2.78136
-2.7259,-2.77439
-2.95193,-2.86552
-2.94988,-2.86679
-2.94786,-2.86805
-2.94584,-2.8693
-2.94383,-2.87055
-3.12507,-2.92818
-3.31379,-2.80581
-3.08502,-2.76312
-3.16817,-2.75516
-3.16803,-2.75523
-3.1679,-2.75529
-3.16776,-2.75535
-3.16763,-2.75542
-3.15119,-2.53233
-3.18807,-2.50736
-3.18803,-2.50728
-3.18799,-2.50721
-3.18795,-2.50714
-3.18791,-2.50708
-3.18787,-2.50701
PILLAR: 3.
-1.37355,-0.486639
-1.37355,-0.486639
-1.37355,-0.486639
-1.37355,-0.486639
-1.37355,-0.486639
-1.37355,-0.486639
-1.37355,-0.486639
-1.37355,-0.486639
-1.37355,-0.486639
-1.43121,-0.498708
-1.43121,-0.498708
-1.43121,-0.498708
-1.43121,-0.498708
-1.43121,-0.498708
-1.31055,-0.468332
-1.31265,-0.468219
-1.3143,-0.46813
-1.31563,-0.46806
-1.37407,-0.452533
-1.97265,-0.588984
-1.48518,-1.30705
-1.48616,-1.31722
-1.48705,-1.32639
-1.48786,-1.33467
-1.48859,-1.34219
-1.48925,-1.34903
-1.48985,-1.35528
-1.49041,-1.36101
-1.49092,-1.36627
-0.749712,-0.607371
-0.740883,-0.607191
-0.733091,-0.603902
-0.60726,-0.338206
-0.599139,-0.33585
-0.591322,-0.333624
-0.583787,-0.331516
-0.576514,-0.329517
-0.569485,-0.327618
-0.562684,-0.325811
-0.237066,-0.426421
-0.647131,-0.531435
-0.642972,-0.528653
-1.6708,-0.0268824
-0.715976,-0.52656
-1.05104,-0.607246
-1.04684,-0.606341
-0.98752,-0.671484
-0.986385,-0.672362
-0.559061,-0.556496
-0.553727,-0.556648
-0.723427,-0.53806
-0.975488,-0.548788
-0.528611,-0.532257
-0.52413,-0.531875
-0.519746,-0.531503
-0.887385,-0.577619
-1.08396,-0.707239
-1.08373,-0.707813
-1.08351,-0.708366
-1.08329,-0.708901
-1.08308,-0.709416
-1.08287,-0.709915
-1.08267,-0.710397
-1.08248,-0.710864
-1.0258,-0.702569
-0.636745,-0.410367
-0.637077,-0.40972
-0.637402,-0.409094
-0.637721,-0.408489
-0.638034,-0.407905
-0.638342,-0.407339
-0.638643,-0.406793
-0.638939,-0.406263
-1.2166,-0.387485
-1.21588,-0.387086
-1.21519,-0.386699
-1.21451,-0.386322
-1.21386,-0.385957
-1.21322,-0.385602
-1.21261,-0.385256
-1.21201,-0.384921
-0.068452,-0.910722
-0.0694574,-0.910172
-0.07042,-0.909643
-0.0713436,-0.909134
-0.0722295,-0.908645
-0.0730798,-0.908175
-0.0738973,-0.907721
-0.0746835,-0.907284
-0.481829,-0.7894
-0.482213,-0.789199
-0.482582,-0.789004
-0.680904,-0.661624
-0.668767,-0.662245
-0.67082,-0.662024
-0.729854,-0.658289
-0.71909,-0.658191
5.48406e-16,4.59121e-41
-0.0596633,-0.85003
-0.0597796,-0.849861
-0.0598917,-0.849697
0.19712,-0.923826
0.286193,-0.898376
0.281017,-0.898257
0.276176,-0.898153
0.271638,-0.898064
0.267379,-0.897987
-0.123195,-0.690886
-0.122679,-0.690116
-0.122283,-0.690937
0.11659,-0.834415
0.113605,-0.838014
0.110776,-0.84159
0.108097,-0.845141
0.105552,-0.848668
-0.941826,-0.639329
-0.93802,-0.299213
-0.938127,-0.298975
-0.938232,-0.298742
-0.828349,-0.385979
-0.829487,-0.386142
-0.830574,-0.386296
-0.831619,-0.386441
-0.832618,-0.386579
-0.0138549,-0.852055
-0.0141737,-0.851812
-0.0144827,-0.851576
0.0445182,-0.875318
-0.0591732,-0.836175
-0.0590367,-0.836094
-0.0589094,-0.836016
-0.0587906,-0.83594
-0.058681,-0.835867
-0.0872675,-0.694768
-0.0862493,-0.69432
-0.0852424,-0.693876
-0.548931,-0.399597
-0.543425,-0.397164
5.48406e-16,4.59121e-41
-0.308519,-0.734388
-0.30848,-0.734347
-0.30844,-0.734308
-0.3084,-0.734271
-0.308362,-0.734233
-0.308323,-0.734196
-0.308285,-0.73416
-0.308248,-0.734125
-0.308211,-0.734091
5.48406e-16,4.59121e-41
-0.63622,-0.615533
-0.855655,-0.641095
-0.858903,-0.641036
-0.862096,-0.640977
-0.865237,-0.640916
-0.868326,-0.640854
-0.871369,-0.640791
-0.337263,-0.665406
-0.337127,-0.665685
-0.336994,-0.665962
-0.336862,-0.666236
-0.336733,-0.666508
-0.336567,-0.666261
-0.336441,-0.666526
-0.336281,-0.666285
-0.336122,-0.666045
-0.384795,-0.24689
-0.0519945,-0.767051
-0.0520391,-0.766946
-0.0520812,-0.766842
-0.601772,-0.654347
-0.60258,-0.656866
-0.603423,-0.659328
-0.604298,-0.661736
-0.605204,-0.664093
5.48406e-16,4.59121e-41
5.48406e-16,4.59121e-41
5.48406e-16,4.59121e-41
-0.817082,-0.621607
-0.831443,-0.621299
-0.84446,-0.620101
-0.856378,-0.618939
-0.867366,-0.617813
-0.87761,-0.617663
-0.887101,-0.616641
-0.896038,-0.616552
5.48406e-16,4.59121e-41
5.48406e-16,4.59121e-41
-0.700951,-0.620729
5.48406e-16,4.59121e-41
5.48406e-16,4.59121e-41
5.48406e-16,4.59121e-41
5.48406e-16,4.59121e-41
-0.757178,-1.08313
-0.756808,-1.08271
-0.756447,-1.0823
5.48406e-16,4.59121e-41
-0.656335,-0.663479
-0.735418,-0.682456
-0.735478,-0.682495
-0.323614,-0.798731
-0.285172,-0.809196
-0.287328,-0.809043
-0.289433,-0.808896
-0.291488,-0.808752
-0.711733,-0.640867
-0.711669,-0.640851
-0.711606,-0.640837
-0.500594,-0.615744
-0.5003,-0.615749
-0.500011,-0.615755
-0.185106,-0.635464
-0.186359,-0.635552
-0.18758,-0.635638
-0.188767,-0.635724
-0.267714,-0.867625
-0.167685,0.386493
-0.167479,0.386213
-0.167277,0.385937
-0.167076,0.385666
5.48406e-16,4.59121e-41
-0.869883,-1.54706
-0.869632,-1.54617
-0.869385,-1.54529
-0.869143,-1.54443
-0.868906,-1.54358
-0.868671,-1.54274
-0.868442,-1.54192
-0.868215,-1.54111
-0.867991,-1.54031
0.263227,-0.895858
0.0622045,-0.878565
0.0609769,-0.878469
0.0597788,-0.878376
0.0586062,-0.878285
0.0574602,-0.878196
-0.71794,-0.662385
-0.717821,-0.662376
-0.748183,-0.475923
-0.747963,-0.475891
-0.747748,-0.47586
-0.474568,-0.454421
-0.473088,-0.454576
-0.471622,-0.45473
-0.470168,-0.454881
-0.468727,-0.455031
0.0502446,-0.866072
0.0502294,-0.866045
0.0502145,-0.866019
0.19498,-0.881442
0.194764,-0.881536
0.194551,-0.88163
0.194343,-0.881722
0.194137,-0.881813
-0.852472,-1.07608
-0.852068,-1.07556
-0.851671,-1.07506
-1.01164,-1.07971
-1.01128,-1.07896
-1.01094,-1.07823
-1.01059,-1.07752
-0.989669,-0.655009
-0.77734,-1.17719
-1.32356,-1.10933
-1.32463,-1.10879
-1.44228,-0.973367
-1.26243,-0.621935
-1.26341,-0.622012
-1.2644,-0.622089
-1.26537,-0.622165
-0.59384,-1.77629
-0.594221,-1.77544
-0.594597,-1.77461
5.48406e-16,4.59121e-41
5.48406e-16,4.59121e-41
-1.06953,0.261507
-1.06999,0.264825
-1.07045,0.268131
-1.0709,0.271425
-1.07135,0.274707
-1.0718,0.277977
-1.07225,0.281236
0.157088,-0.805503
-0.535516,-0.746203
-0.535508,-0.745935
-0.5355,-0.745671
-0.852763,-0.715457
-0.852943,-0.715322
-0.853121,-0.71519
-0.853297,-0.71506
-0.85347,-0.714932
-0.853641,-0.714805
-1.05036,-0.501852
PILLAR: 4.
4.94159,-1.18508
4.94159,-1.18508
4.94159,-1.18508
4.94159,-1.18508
4.94159,-1.18508
4.94159,-1.18508
4.94159,-1.18508
4.45955,-1.4421
4.45955,-1.4421
4.45955,-1.4421
4.6029,-1.25712
4.60078,-1.25719
4.59911,-1.25726
4.59776,-1.25731
4.53837,-1.24886
4.74518,-1.26032
4.74518,-1.26032
4.45295,-1.3153
4.44948,-1.31542
4.44643,-1.31552
4.44373,-1.31562
4.44133,-1.3157
4.43918,-1.31578
4.43726,-1.31585
4.64526,-1.31039
4.64526,-1.31039
4.64526,-1.31039
5.14725,-1.29192
5.14946,-1.29243
5.15147,-1.2929
5.15332,-1.29333
5.15502,-1.29374
5.15659,-1.29411
5.15803,-1.29446
5.15937,-1.29478
5.20072,-1.13546
5.20274,-1.13605
5.20461,-1.13658
5.20635,-1.13707
5.20797,-1.13752
5.20948,-1.13794
5.2109,-1.13832
5.29605,-1.15676
4.92613,-0.438703
4.92515,-0.44888
4.92426,-0.458044
4.92345,-0.466329
4.92272,-0.473846
4.92206,-0.48069
4.92146,-0.48694
4.9209,-0.492665
4.92039,-0.497923
5.18794,-1.1837
5.18965,-1.18275
5.19125,-1.18187
5.19276,-1.18103
5.19417,-1.18025
5.19551,-1.17951
5.19677,-1.17882
5.19796,-1.17816
4.84717,-1.21465
4.84735,-1.21438
5.17321,-0.421162
5.17347,-0.420458
5.17373,-0.419784
5.17398,-0.419139
5.17421,-0.418521
5.17444,-0.417929
5.17465,-0.417362
5.17496,-1.0856
5.17435,-1.08554
5.17378,-1.08547
4.19824,-1.10131
4.19779,-1.10146
4.19735,-1.10161
4.19693,-1.10175
4.19651,-1.10189
4.1961,-1.10203
4.1957,-1.10217
4.19531,-1.1023
5.3332,-1.04608
5.33385,-1.04635
5.33447,-1.04661
5.33509,-1.04686
5.33568,-1.04709
5.33626,-1.04732
5.33682,-1.04753
5.33736,-1.04774
5.0821,-1.01183
5.0817,-1.01195
4.92273,-0.946231
4.92172,-0.946278
4.92075,-0.946324
4.91983,-0.946369
4.91894,-0.946414
4.91808,-0.946459
4.91726,-0.946502
4.91647,-0.946546
5.362,-1.09123
5.45779,-1.19219
4.97272,-0.954162
4.97233,-0.954249
4.97195,-0.954334
4.75735,-1.11403
4.76976,-1.11132
4.76766,-1.11171
4.70878,-1.1061
4.71964,-1.10485
4.78574,-1.11978
4.79777,-1.11826
3.85568,-1.21893
3.84931,-1.21899
3.8432,-1.21907
3.83732,-1.21916
3.83167,-1.21925
3.8262,-1.21936
4.26745,-1.04856
4.58529,-0.750038
4.58519,-0.750445
4.58509,-0.750841
4.83757,-0.696211
4.92829,-0.707159
4.92312,-0.70736
4.9183,-0.707555
4.91377,-0.707744
4.90953,-0.707928
5.16585,-0.867285
4.57346,-0.191684
4.46065,-1.83065
4.57437,-0.191703
4.71666,-1.69633
4.71365,-1.70006
4.7108,-1.70376
4.7081,-1.70742
4.70554,-1.71104
4.99271,-0.998316
4.99128,-0.998607
4.8508,-0.379482
5.00029,-1.40159
5.00018,-1.40136
5.00008,-1.40112
5.11273,-1.47333
5.11177,-1.47255
5.11084,-1.47181
5.10996,-1.47109
5.10911,-1.47039
5.0842,-1.34665
4.68423,-0.909413
4.6839,-0.909579
4.68359,-0.909742
4.74295,-0.876836
4.63828,-0.931955
4.63842,-0.931898
4.63855,-0.931844
4.63866,-0.931792
4.63877,-0.931743
4.85566,-1.0566
4.74861,-0.339913
4.74934,-0.335549
4.75006,-0.33121
4.29666,-0.578279
4.30216,-0.575984
4.60819,-0.609848
4.60824,-0.610426
4.6083,-0.610991
4.60835,-0.611545
4.60841,-0.612085
4.60846,-0.612615
4.60851,-0.613132
4.60856,-0.613639
4.60861,-0.614134
5.23116,-1.11976
5.2306,-1.11963
5.23006,-1.1195
5.22952,-1.11937
4.68454,-1.24815
4.68804,-1.24773
4.69139,-1.24732
4.69459,-1.24691
4.69765,-1.24652
4.70059,-1.24613
4.61207,-1.79001
4.61134,-1.79408
4.61062,-1.79813
4.60989,-1.80216
4.723,-0.26687
4.61018,-1.80221
4.7233,-0.26687
4.72316,-0.26286
4.61146,-1.79834
4.96517,-1.06297
4.53534,-1.43879
4.48383,-0.88747
4.48378,-0.887607
4.48373,-0.887743
3.92533,-0.960297
3.92476,-0.959199
3.92415,-0.958121
3.92351,-0.957063
3.92282,-0.956025
4.73495,-1.18575
4.73541,-1.18533
4.73587,-1.18492
4.73631,-1.18452
4.73674,-1.18413
4.73715,-1.18376
4.73756,-1.18339
4.89001,-1.08007
4.8899,-1.08003
5.00847,-1.06083
5.00781,-1.0609
5.00718,-1.06097
5.00655,-1.06104
5.00595,-1.0611
5.00536,-1.06116
5.00478,-1.06122
4.75713,-0.835202
5.01353,-0.789974
5.0126,-0.790344
5.01169,-0.790707
5.13001,-0.804079
5.12564,-0.804194
5.12161,-0.804319
5.11787,-0.804452
5.11439,-0.804592
4.91122,-0.834538
4.91091,-0.834754
5.04939,-0.845841
5.04609,-0.845867
5.043,-0.845899
5.04011,-0.845937
5.03739,-0.84598
4.7119,-1.18694
4.71209,-1.18665
4.71228,-1.18637
4.2937,-0.921278
4.29817,-0.922142
4.30244,-0.922975
4.30654,-0.923777
4.31047,-0.924551
4.83936,-1.15983
4.73045,-1.17605
4.7306,-1.17592
5.11698,-1.14088
4.7664,-0.338048
4.92898,-0.414643
4.92717,-0.414853
4.92541,-0.415063
4.9237,-0.415273
4.92204,-0.415482
4.92042,-0.415691
4.91884,-0.415899
4.85013,-0.953761
4.85051,-0.953782
4.85088,-0.953804
4.98888,-0.926182
4.9098,-0.945159
4.90974,-0.945198
5.32771,-0.796099
5.36611,-0.787172
5.36395,-0.787293
5.36185,-0.787413
5.3598,-0.787531
5.57928,-1.0046
4.3899,-1.00856
4.39019,-1.00855
4.39049,-1.00853
4.72049,-0.715132
4.71923,-0.715464
4.71801,-0.71579
4.71682,-0.716111
5.07437,-0.670092
5.24639,-0.793147
5.24496,-0.793841
4.01823,-1.32323
4.01872,-1.3228
4.01921,-1.32239
4.01969,-1.32198
4.98741,-0.59776
4.79237,-0.698795
4.79115,-0.698936
4.78996,-0.699075
4.78879,-0.699213
4.78766,-0.699349
5.11312,-0.816521
5.1122,-0.817068
4.65338,-1.09485
4.65361,-1.09472
4.65383,-1.09459
4.94818,-0.846507
4.94968,-0.84637
4.95117,-0.846234
4.95264,-0.846099
4.9541,-0.845965
4.60103,-0.883862
4.60101,-0.883903
4.601,-0.883943
4.73773,-0.610457
4.73751,-0.610644
4.73731,-0.610828
4.7371,-0.611009
4.7369,-0.611189
5.11291,-0.977587
5.11264,-0.977621
4.78591,-0.91172
4.78633,-0.911766
4.78674,-0.911812
4.62757,-1.21273
4.62792,-1.21225
4.62826,-1.21179
4.6286,-1.21133
4.6397,-1.01358
4.4381,-1.0122
4.43854,-1.01217
4.78157,-0.861125
4.2254,-0.650605
4.22432,-0.650084
4.12524,-0.90956
4.25933,-1.33715
4.25838,-1.33693
4.25744,-1.33671
4.2565,-1.33649
3.89614,-1.03412
3.89724,-1.03154
5.40072,-0.621663
5.40056,-0.621954
5.4004,-0.62224
4.47621,-1.09354
4.4751,-1.09286
4.474,-1.09219
4.4729,-1.09152
4.4718,-1.09085
4.47071,-1.09018
4.46962,-1.08952
4.40629,-0.996171
5.39753,-0.818714
5.39953,-0.818781
5.07493,-1.2548
5.07475,-1.25465
5.07457,-1.25449
5.0744,-1.25434
5.07422,-1.25419
5.07405,-1.25404
4.85182,-1.27165
5.41478,-0.89595
5.41636,-0.895256
5.41793,-0.894567
5.41949,-0.893882
5.42104,-0.893201
5.22935,-0.907121
4.86164,-0.922514
4.80732,-1.04376
4.80741,-1.04364
4.8075,-1.04351
4.80759,-1.04338
4.80768,-1.04326
4.90151,-1.03403
4.90155,-1.03392
4.90158,-1.0338
4.90162,-1.03369
4.90165,-1.03358
4.90168,-1.03347
PILLAR: 5.
5.57295,-2.5343
5.57295,-2.5343
5.57295,-2.5343
5.57295,-2.5343
5.57295,-2.5343
5.57295,-2.5343
5.57295,-2.5343
4.96662,-2.8081
4.96662,-2.8081
4.96662,-2.8081
5.14557,-2.60937
5.14341,-2.60946
5.1417,-2.60953
5.14033,-2.6096
5.07931,-2.6018
5.28612,-2.61326
5.28612,-2.61326
5.02831,-2.57235
5.02484,-2.57248
5.02178,-2.57259
5.01907,-2.57269
5.01666,-2.57278
5.01451,-2.57286
5.01257,-2.57293
5.22058,-2.56747
5.22058,-2.56747
5.22058,-2.56747
5.42555,-2.73867
5.42745,-2.73927
5.42921,-2.73982
5.43085,-2.74033
5.43238,-2.74079
5.43381,-2.74122
5.43515,-2.74161
5.39666,-2.77253
5.75611,-2.48734
5.75799,-2.48631
5.75975,-2.48535
5.7614,-2.48446
5.76296,-2.48361
5.76443,-2.48282
5.76581,-2.48207
5.76712,-2.48136
5.41633,-2.51785
5.41651,-2.51758
5.88742,-1.93869
5.89154,-1.92236
5.66065,-3.36381
5.65925,-3.37985
5.65778,-3.39554
5.89848,-1.95467
5.16551,-2.58055
5.1649,-2.58048
5.16433,-2.58042
5.48728,-2.70342
5.48776,-2.70371
5.48822,-2.70398
5.48868,-2.70424
5.48912,-2.70449
5.48955,-2.70473
5.48997,-2.70496
5.49038,-2.70518
5.23512,-2.66927
5.23471,-2.66939
4.40466,-2.41335
4.40348,-2.41334
4.40234,-2.41332
4.40125,-2.41331
4.40021,-2.4133
4.3992,-2.41329
4.39823,-2.41328
4.3973,-2.41328
4.84284,-2.55796
4.74544,-2.45686
4.74228,-2.52253
4.7418,-2.52261
4.74134,-2.52268
4.44445,-2.66805
4.45781,-2.66554
4.45554,-2.66589
4.39719,-2.66039
4.40838,-2.6592
4.47743,-2.67472
4.48957,-2.67323
4.58815,-2.67996
4.58781,-2.68037
4.58748,-2.68077
4.89347,-2.62533
4.96906,-2.63666
4.96377,-2.63686
4.95881,-2.63706
4.95417,-2.63725
4.94982,-2.63744
5.25038,-2.79537
5.33599,-2.60194
5.3268,-2.61362
5.3254,-2.6139
4.56132,-2.54893
4.56085,-2.54908
4.5604,-2.54923
4.63954,-2.51769
4.50197,-2.57041
4.5021,-2.57035
4.50222,-2.57029
4.50233,-2.57024
4.50243,-2.57019
4.75512,-2.69764
4.92922,-2.94178
4.92899,-2.9424
4.92876,-2.94301
4.92853,-2.9436
4.92831,-2.94418
4.92809,-2.94474
4.92788,-2.9453
4.92768,-2.94584
4.92747,-2.94637
4.6846,-2.53093
4.68405,-2.5308
4.6835,-2.53067
4.68297,-2.53054
3.98632,-2.59076
3.98988,-2.59037
3.99328,-2.58998
3.99654,-2.58961
3.99965,-2.58924
4.00263,-2.58887
4.88148,-2.60447
4.74392,-2.65434
4.74378,-2.6545
4.74363,-2.65464
4.11289,-2.73634
4.11374,-2.73509
4.11452,-2.73386
4.11524,-2.73266
4.11588,-2.73148
4.68033,-2.6037
4.68061,-2.60328
4.68089,-2.60286
4.68116,-2.60246
4.68143,-2.60206
4.68169,-2.60168
4.68195,-2.60131
4.68124,-2.7391
4.86847,-2.59394
4.86836,-2.5939
5.07262,-2.57349
5.07198,-2.57356
5.07135,-2.57363
5.07074,-2.5737
5.07014,-2.57376
5.06956,-2.57382
5.069,-2.57388
5.21979,-2.55776
5.01432,-2.83622
5.36584,-2.77645
5.36496,-2.77681
5.36411,-2.77717
5.49329,-2.78858
5.48889,-2.7887
5.48483,-2.78883
5.48106,-2.78897
5.47756,-2.78912
5.12152,-2.80358
5.12125,-2.80379
5.26688,-2.8141
5.26357,-2.81412
5.26047,-2.81416
5.25757,-2.81419
5.25485,-2.81424
5.31308,-2.6514
5.87505,-2.71963
5.86983,-2.71863
5.86486,-2.71768
5.86013,-2.71676
5.85563,-2.71587
5.96806,-2.74088
5.05405,-2.47976
5.0003,-2.51409
4.93115,-2.52498
4.93128,-2.52486
5.12748,-2.50462
5.85474,-2.56299
5.85214,-2.56286
6.10015,-2.53449
6.09689,-2.53436
5.60388,-3.21501
6.09294,-3.17571
6.09077,-3.17608
6.08866,-3.17643
6.08661,-3.17678
6.08462,-3.17713
6.08269,-3.17747
6.0808,-3.17781
6.017,-2.58082
4.7666,-2.58394
4.76685,-2.58396
4.7671,-2.58397
4.9379,-2.6971
5.1892,-2.71263
4.32358,-2.52085
4.32354,-2.52088
4.3235,-2.52092
4.56469,-2.26175
4.56445,-2.26193
4.56421,-2.26211
4.56397,-2.26229
4.56374,-2.26246
5.07925,-2.63758
5.079,-2.63761
5.75005,-2.76795
5.74897,-2.76744
5.4958,-3.12976
5.64135,-2.14588
5.64045,-2.14558
5.63955,-2.14529
5.63865,-2.14499
5.26762,-1.86059
5.26854,-1.85834
4.97308,-1.91931
4.71086,-2.49447
4.71034,-2.49463
4.70983,-2.49479
5.01364,-2.48721
5.01187,-2.48679
5.0101,-2.48637
5.00834,-2.48596
5.00659,-2.48554
5.00484,-2.48512
5.0031,-2.48471
4.69448,-2.46181
5.06046,-2.50176
5.06055,-2.50144
5.74735,-2.44825
5.74718,-2.44809
5.747,-2.44793
5.74683,-2.44777
5.74667,-2.44762
5.7465,-2.44746
5.47725,-2.49037
5.18682,-2.62361
4.90696,-2.71654
PILLAR: 6.
12.5263,-0.821185
12.5259,-0.822576
12.5255,-0.823925
12.5252,-0.825232
12.5248,-0.826501
13.3276,-0.499792
13.3268,-0.500704
13.326,-0.501586
13.3253,-0.502439
13.7708,-0.647124
13.6734,-0.546022
13.743,-0.487464
13.753,-0.480641
13.6939,-0.471943
13.7046,-0.468774
13.7695,-0.466665
13.7815,-0.464483
13.3947,-0.530365
13.394,-0.530738
13.3935,-0.531049
13.115,-0.677331
13.1084,-0.674548
13.1022,-0.671974
13.0962,-0.669583
13.0904,-0.667352
13.0848,-0.665263
13.5363,-0.708135
13.2526,-0.700743
13.2526,-0.70055
13.2526,-0.700377
12.9163,-0.50399
12.9111,-0.504741
12.9063,-0.50545
12.9018,-0.506118
12.8976,-0.506751
13.1472,-0.483005
13.2653,-0.491507
13.3527,-0.490064
13.3526,-0.490142
12.4827,-0.71656
12.4797,-0.720515
12.4768,-0.724415
12.4742,-0.728261
12.4716,-0.732056
12.8127,-0.65523
12.8113,-0.655403
12.898,-0.448786
12.8969,-0.446788
12.8958,-0.444864
12.8948,-0.443008
12.8938,-0.441219
12.8689,-0.317478
12.8958,-0.628119
13.2386,-0.559929
13.2387,-0.559916
13.2388,-0.559905
13.239,-0.559898
13.2391,-0.559894
13.4458,-0.49703
13.8558,-0.526844
13.8613,-0.524822
13.0866,-0.607267
12.8638,-0.942242
12.8605,-0.947835
12.8571,-0.95334
12.8539,-0.958758
12.8507,-0.964094
12.8475,-0.969349
13.7502,-0.499837
13.7537,-0.49902
13.757,-0.498236
13.7601,-0.497486
13.7632,-0.496765
13.7661,-0.496073
13.1957,-0.584849
13.1956,-0.584933
13.1955,-0.585013
13.1954,-0.585089
13.5925,-0.170898
13.5931,-0.171621
13.5937,-0.17231
13.5942,-0.172967
13.5948,-0.173593
13.5953,-0.174191
13.5958,-0.174762
13.5574,-0.178212
12.8796,-0.604382
12.8789,-0.604395
12.8783,-0.604408
12.8777,-0.604419
12.8771,-0.60443
12.8765,-0.604439
12.8759,-0.604449
13.0438,-0.657302
13.3495,-0.59564
13.3607,-0.596303
12.5726,-0.674736
12.5717,-0.67489
12.5708,-0.67504
12.6883,-0.647079
12.684,-0.647323
12.6799,-0.64756
12.6762,-0.647791
12.6727,-0.648014
13.2038,-0.58641
13.2088,-0.587399
12.912,-0.609107
12.9117,-0.609133
13.0493,-0.591134
13.046,-0.591216
13.0429,-0.591298
13.04,-0.591379
13.0373,-0.591459
13.1234,-0.528604
13.4021,-0.620276
13.4023,-0.621038
12.9177,-0.314537
12.9132,-0.315569
12.9089,-0.316554
12.9048,-0.317495
12.9009,-0.318394
12.8521,-0.250881
13.311,-0.301078
13.3095,-0.303143
13.23,-0.404728
13.2302,-0.404439
13.2304,-0.404156
12.844,-0.671967
12.8485,-0.672107
12.8527,-0.672241
12.8568,-0.672369
12.8607,-0.672492
13.2976,-0.533683
13.2978,-0.53367
13.0344,-0.329118
13.0322,-0.330419
13.0409,-0.348227
13.0381,-0.349549
13.3418,-0.201121
13.2745,-0.224265
13.2687,-0.224825
13.2631,-0.225369
13.2575,-0.225898
13.2522,-0.226413
13.2469,-0.226914
13.6296,-0.361069
12.6203,-0.655187
12.9559,-0.258386
12.9541,-0.259644
12.9523,-0.260866
12.9507,-0.262056
12.949,-0.263213
12.9474,-0.26434
12.9458,-0.265437
13.1067,-0.268536
13.3843,0.422347
13.3846,0.423238
13.3848,0.424115
13.3851,0.424978
13.3853,0.425828
13.3856,0.426663
13.3858,0.427485
13.386,0.428295
13.3862,0.429091
12.5182,-0.867391
12.4349,-0.783976
12.4347,-0.784319
12.4345,-0.784656
12.4342,-0.78499
12.434,-0.785318
12.7974,-0.503684
12.7971,-0.503651
13.6501,-0.295508
13.6505,-0.295464
13.6509,-0.295419
13.6512,-0.295375
13.6917,-0.458143
13.4901,-0.456757
13.4905,-0.45673
13.9242,0.0645607
14.0283,-0.418925
14.0296,-0.418714
13.7069,-0.32278
PILLAR: 7.
13.9381,-1.81468
13.9371,-1.81569
13.9362,-1.81666
13.9353,-1.8176
13.9344,-1.81852
14.38,-1.9632
14.2826,-1.8621
14.421,-1.70811
13.755,-0.479254
14.4316,-1.70095
14.3729,-1.69202
14.3839,-1.68871
14.4511,-1.68531
14.4631,-1.68308
14.0764,-1.74896
14.0757,-1.74933
14.0752,-1.74964
14.0343,-1.5059
14.028,-1.50284
14.022,-1.5
14.0162,-1.49736
14.0106,-1.4949
14.0052,-1.49259
14.4374,-1.55647
14.1536,-1.54908
14.1537,-1.54889
14.1537,-1.54872
13.3271,-1.66583
13.3971,-1.78606
13.3919,-1.78684
13.387,-1.78758
13.3824,-1.78828
13.3781,-1.78894
13.657,-1.75384
13.7587,-1.76879
13.8461,-1.76735
13.846,-1.76743
14.7601,-1.57418
14.7655,-1.57218
13.9201,-0.779311
14.6159,-1.56594
14.6194,-1.56509
14.6228,-1.56427
14.626,-1.56348
14.6291,-1.56273
14.632,-1.56201
14.0617,-1.65079
14.0615,-1.65087
14.0614,-1.65095
14.0613,-1.65103
14.3615,-1.11705
14.361,-1.10761
14.3605,-1.09837
14.36,-1.08933
14.3594,-1.08046
14.0503,-1.89713
14.0506,-1.89792
14.051,-1.89866
14.0514,-1.89937
14.0517,-1.90005
14.052,-1.9007
14.0524,-1.90132
14.04,-1.89768
13.1356,-1.94137
13.69,-1.70028
13.3574,-1.93764
13.3549,-1.93901
13.0912,-1.95203
13.0881,-1.95336
13.4646,-1.801
13.3855,-1.82501
13.3794,-1.82559
13.3734,-1.82616
13.3676,-1.82671
13.3619,-1.82725
13.3563,-1.82777
13.8182,-1.95453
12.9874,-2.02795
12.9853,-2.02921
12.9834,-2.03044
12.9815,-2.03163
12.9796,-2.03279
12.9778,-2.03392
12.9761,-2.03502
12.9849,-2.03418
13.0519,-1.73462
12.9689,-1.73355
12.9667,-1.73404
12.9646,-1.73452
12.9625,-1.73499
12.978,-1.65302
12.824,-1.7948
12.8227,-1.79554
12.8214,-1.79626
12.8202,-1.79697
13.1719,-1.79354
13.3439,-1.91659
13.3425,-1.91729
13.323,-1.46577
13.1036,-1.77515
13.1023,-1.77571
13.1011,-1.77626
13.0999,-1.7768
13.0987,-1.77733
13.4242,-1.8945
13.4232,-1.89504
PILLAR: 8.
21.9336,-2.03931
21.9339,-2.04089
21.9342,-2.04241
21.9345,-2.04386
21.9235,-1.92116
21.4468,-1.74633
21.4462,-1.74629
21.4456,-1.74624
21.4445,-1.74614
21.6019,-1.87457
21.958,-1.38221
21.8121,-2.41222
21.5048,-1.09159
21.4069,-2.60711
21.3888,-2.66194
21.372,-2.71309
21.4523,-1.18532
21.3505,-2.71467
21.4326,-1.1816
21.4247,-1.13994
21.2397,-1.90587
21.2353,-1.90626
21.2312,-1.90662
21.2275,-1.90696
21.224,-1.90728
21.6214,-2.54941
21.8194,-1.34054
21.1235,-1.90297
21.1202,-1.90311
21.1171,-1.90324
21.1142,-1.90336
21.1115,-1.90348
21.1801,-1.94406
21.3253,-2.65443
21.3201,-2.6762
20.8127,-2.1348
20.8077,-2.13811
20.8029,-2.14127
20.7983,-2.14429
20.7939,-2.14719
20.7181,-2.19248
21.177,-2.24268
21.1755,-2.24474
22.3113,-1.8372
22.1816,-1.98476
22.1861,-1.9841
22.1905,-1.98347
22.1947,-1.98287
22.1987,-1.98228
21.3794,-2.97497
21.455,-1.96314
20.3584,-2.14467
20.5625,-2.12714
20.5563,-2.12928
20.5503,-2.13136
20.5443,-2.1334
20.5386,-2.1354
20.5329,-2.13734
21.0014,-1.90798
