PILLAR: 1.
-3.28163,-1.1563
-3.28163,-1.1563
-3.28163,-1.1563
-3.28163,-1.1563
-3.28163,-1.1563
-3.28163,-1.1563
-3.28163,-1.1563
-3.28162,-1.1563
-3.28162,-1.1563
-3.26691,-1.15218
-3.26691,-1.15218
-3.26691,-1.15218
-3.26691,-1.15218
-3.26691,-1.15218
-3.1775,-1.16792
-3.17898,-1.16784
-3.18014,-1.16778
-3.18108,-1.16774
-2.90975,-1.22596
-3.17383,-1.17314
-3.17932,-1.09085
-3.17943,-1.09095
-3.17953,-1.09103
-3.17961,-1.09111
-3.17969,-1.09117
-3.17975,-1.09123
-3.17981,-1.09128
-3.17986,-1.09132
-3.17991,-1.09137
-3.25369,-1.16544
-3.25369,-1.16544
-3.25369,-1.16544
-3.1911,-1.1556
-3.19199,-1.1557
-3.19277,-1.15579
-3.19347,-1.15587
-3.19408,-1.15594
-3.19463,-1.156
-3.19513,-1.15606
-2.99825,-1.1943
-4.13333,-1.49532
-3.25756,-0.592292
-3.25103,-0.580455
-3.24471,-0.568916
-3.23856,-0.557661
-3.2326,-0.546675
-3.2268,-0.535945
-3.22115,-0.52546
-3.21565,-0.515208
-3.45796,-1.05459
-3.45796,-1.05459
-3.24725,-1.01095
-3.24968,-1.0112
-3.25192,-1.01142
-3.25398,-1.01162
-3.25588,-1.01181
-3.25763,-1.01199
-3.25926,-1.01215
-3.26077,-1.0123
-3.31584,-1.02511
-3.31584,-1.02511
-3.31584,-1.02511
-3.91213,-1.05895
-3.90752,-1.05868
-3.90322,-1.05843
-3.89921,-1.05819
-3.89545,-1.05796
-3.89193,-1.05775
-3.88863,-1.05755
-2.86698,-1.15597
-2.86694,-1.15598
-3.28977,-1.25234
-3.28783,-1.25242
-3.28599,-1.25249
-3.28426,-1.25256
-3.28262,-1.25263
-3.28106,-1.25269
-3.27959,-1.25274
-3.27818,-1.25279
-3.61895,-1.74793
-3.61848,-1.74696
-3.61804,-1.74602
-3.61762,-1.74513
-3.61721,-1.74427
-3.61682,-1.74344
-3.61644,-1.74265
-3.25472,-0.626181
-3.25678,-0.620962
-3.25884,-0.615818
-3.2609,-0.610744
-3.25769,-0.606391
-3.25968,-0.601435
-3.26167,-0.596547
-3.26365,-0.591723
-3.26563,-0.586963
-3.26761,-0.582265
-3.64587,-1.03957
-3.64576,-1.03958
-3.64565,-1.03959
-3.64555,-1.0396
-3.64545,-1.03961
-3.64535,-1.03962
-3.64525,-1.03963
-3.64516,-1.03964
-3.64507,-1.03965
-3.08083,-1.51101
-3.07323,-1.51347
-3.31969,-0.562234
-3.0348,-1.31062
-3.03447,-1.30937
-3.03415,-1.30817
-3.03387,-1.30703
-3.03361,-1.30594
-3.03337,-1.30489
-3.03315,-1.30389
-3.11616,-1.18533
-4.35601,-0.935275
-4.35283,-0.933894
-4.35032,-0.936061
-4.34743,-0.934758
-4.34468,-0.933494
-4.34253,-0.935445
-4.22413,-1.13143
-4.2223,-1.13046
-3.38608,-1.30083
-3.16833,-1.20842
-3.16882,-1.20845
-3.60817,-0.872216
-3.60757,-0.872101
-3.22739,-1.0172
-3.22373,-1.01707
-3.61905,-0.572069
-3.6182,-0.573885
-3.47065,-1.14466
-3.47024,-1.14437
-3.0784,-1.13962
-3.07885,-1.13916
-3.07928,-1.13872
-3.07971,-1.13829
-3.08013,-1.13787
-3.08054,-1.13747
-3.08094,-1.13708
-3.08132,-1.13671
-4.05798,-1.10902
-4.0573,-1.10868
-4.05664,-1.10835
-4.056,-1.10803
-4.05538,-1.10772
-4.05477,-1.10741
-4.05417,-1.10712
-4.05359,-1.10683
-4.05303,-1.10656
-3.20025,-1.24013
-3.20059,-1.23959
-3.20092,-1.23906
-3.20124,-1.23855
-3.20156,-1.23805
-3.20187,-1.23756
-3.20217,-1.23708
-3.20246,-1.23662
-3.80708,-1.25902
-3.80676,-1.25845
-3.80644,-1.2579
-3.80614,-1.25737
-3.80583,-1.25686
-3.80553,-1.25635
-3.80524,-1.25587
-3.80495,-1.25539
-3.35566,-1.28866
-3.35563,-1.28876
-2.98418,-1.26132
-3.37638,-1.06112
-3.37636,-1.0611
-3.37633,-1.06107
-3.20931,-1.35149
-3.20918,-1.35173
-3.20905,-1.35197
-2.7899,-1.49836
-2.79184,-1.4984
-2.79373,-1.49844
-2.79558,-1.49849
-3.05608,-1.79066
-3.05563,-1.79129
-3.0552,-1.79192
-3.05476,-1.79253
-3.24204,-1.26451
-3.24207,-1.26441
-3.1952,-1.28748
-3.19509,-1.2875
-3.19498,-1.28752
-2.88955,-1.32332
-2.89069,-1.32339
-2.8918,-1.32346
-2.89288,-1.32352
-2.89393,-1.32359
-3.00843,-1.16057
-3.00835,-1.16056
-3.00827,-1.16055
-2.84858,-1.31431
-2.84888,-1.31434
-2.84918,-1.31436
-2.84947,-1.31438
-2.84975,-1.3144
-4.24852,-1.06437
-4.24828,-1.06317
-4.24805,-1.06197
-4.24783,-1.06079
-3.64673,-0.973155
-3.64692,-0.972999
-3.64712,-0.972846
-3.13475,-1.16019
-3.36227,-1.1529
-3.12939,-1.15521
-3.12931,-1.15514
-3.12923,-1.15508
-3.28763,-1.15227
-3.28768,-1.15222
-3.28773,-1.15218
-3.28778,-1.15214
-3.28783,-1.15209
-3.28788,-1.15205
-3.0498,-1.35984
-3.24197,-1.35435
-3.24206,-1.35419
-3.24215,-1.35404
-3.47458,-1.02598
-3.47451,-1.02605
-3.47445,-1.02611
-3.47439,-1.02618
-3.44485,-1.04891
-3.5575,-1.02534
-3.55752,-1.02541
-3.55754,-1.02547
-3.55756,-1.02554
-3.55759,-1.02561
-3.39413,-1.2937
-3.39412,-1.29363
-3.39411,-1.29356
PILLAR: 2.
-3.57905,-2.80823
-3.57905,-2.80823
-3.57905,-2.80823
-3.57905,-2.80823
-3.57905,-2.80823
-3.57905,-2.80823
-3.57905,-2.80823
-3.57905,-2.80823
-3.57905,-2.80823
-3.58262,-2.81111
-3.58262,-2.81111
-3.58262,-2.81111
-3.58262,-2.81111
-3.58262,-2.81111
-3.42277,-2.83871
-3.42433,-2.83863
-3.42556,-2.83856
-3.42655,-2.83851
-3.49762,-2.81469
-3.60607,-2.80389
-3.45246,-2.75565
-3.45259,-2.75574
-3.4527,-2.75582
-3.4528,-2.7559
-3.45289,-2.75596
-3.45296,-2.75601
-3.45303,-2.75606
-3.45309,-2.75611
-3.45315,-2.75615
-3.48047,-2.77126
-3.48047,-2.77126
-3.48047,-2.77126
-3.4018,-2.76361
-3.4027,-2.76371
-3.40348,-2.7638
-3.40418,-2.76388
-3.4048,-2.76395
-3.40535,-2.76401
-3.40585,-2.76407
-3.71135,-2.73935
-3.55387,-3.09529
-3.20154,-2.29304
-3.19535,-2.28121
-3.18933,-2.26969
-3.18348,-2.25844
-3.17778,-2.24746
-3.17222,-2.23674
-3.1668,-2.22626
-3.16152,-2.21602
-3.22381,-2.70844
-3.22381,-2.70844
-2.98034,-2.65984
-2.98294,-2.66011
-2.98533,-2.66035
-2.98754,-2.66058
-2.98957,-2.66079
-2.99145,-2.66099
-2.9932,-2.66117
-2.99482,-2.66133
-3.30641,-2.72561
-3.30641,-2.72561
-3.30641,-2.72561
-3.98353,-2.75798
-3.97904,-2.75771
-3.97485,-2.75745
-3.97093,-2.7572
-3.96727,-2.75697
-3.96383,-2.75676
-3.96061,-2.75656
-3.5011,-2.60786
-3.8829,-2.5999
-3.88285,-2.59991
-4.40913,-2.61763
-4.40704,-2.61784
-4.40506,-2.61803
-4.40318,-2.61822
-4.40141,-2.61839
-4.39973,-2.61855
-4.39814,-2.6187
-4.39663,-2.61884
-2.79917,-2.43517
-2.79134,-2.42743
-2.78365,-2.41975
-4.16947,-2.24
-2.78237,-2.41029
-2.77499,-2.40284
-2.76774,-2.39544
-2.76061,-2.38809
-2.7536,-2.38078
-2.7467,-2.37353
-3.14655,-2.69408
-3.14644,-2.6941
-3.14633,-2.69411
-3.14623,-2.69412
-3.14613,-2.69413
-3.14603,-2.69414
-3.14594,-2.69415
-3.14584,-2.69416
-3.14575,-2.69417
-3.20878,-2.67852
-3.20871,-2.67723
-3.20865,-2.676
-3.20861,-2.67483
-3.20858,-2.6737
-3.20856,-2.67263
-3.20856,-2.6716
-3.0634,-2.47684
-3.06273,-2.47685
-3.62895,-2.65244
-3.48764,-2.54404
-3.48784,-2.54414
-3.40051,-2.90424
-3.40018,-2.90415
-2.75363,-3.00411
-2.74992,-3.00396
-3.53054,-2.73727
-3.53013,-2.73698
-3.06811,-2.73332
-3.06872,-2.73286
-3.0693,-2.73242
-3.06987,-2.73199
-3.07043,-2.73158
-3.07097,-2.73118
-3.0715,-2.73079
-3.07202,-2.73041
-2.88402,-2.32529
-2.88405,-2.32563
-2.88407,-2.32595
-2.88409,-2.32627
-2.88411,-2.32658
-2.88413,-2.32688
-2.88415,-2.32717
-2.88416,-2.32746
-2.88418,-2.32773
-3.46285,-2.56154
-3.463,-2.56141
-3.33281,-2.59595
-3.33269,-2.59597
-3.33257,-2.59599
-3.00121,-2.63426
-3.00235,-2.63433
-3.00347,-2.6344
-3.00456,-2.63446
-3.00563,-2.63453
-3.20412,-2.31058
-3.20407,-2.30991
-3.20402,-2.30925
-3.3854,-2.17252
-3.38518,-2.17176
-3.38496,-2.17102
-3.38475,-2.17029
-3.26574,-2.25746
-3.78315,-2.29768
-3.78359,-2.29696
-4.02304,-2.0084
-3.59671,-2.59381
-2.7782,-2.91074
-3.36591,-2.60293
-3.39685,-2.58036
-3.39685,-2.58028
-3.39684,-2.58021
-3.50092,-2.58654
-3.50097,-2.58649
-3.50102,-2.58645
-3.50107,-2.5864
-3.50112,-2.58636
-3.50117,-2.58632
-3.6788,-2.39475
-3.48709,-2.39992
-3.48718,-2.39977
-3.48727,-2.39961
-3.3148,-3.12469
-3.15581,-3.02363
-3.15434,-3.0259
-3.15288,-3.02815
-3.15143,-3.03039
-3.34157,-2.167
-3.19842,-2.17043
-3.24899,-2.73459
-3.24893,-2.73466
-3.24887,-2.73472
-3.24881,-2.73479
-3.12124,-2.74169
-3.26234,-2.72331
-3.26234,-2.72337
-3.26234,-2.72344
-3.26234,-2.7235
-3.26234,-2.72356
-2.93282,-2.77718
-2.78749,-3.16773
-2.7868,-3.16839
-2.78613,-3.16905
-2.78546,-3.16969
-2.78479,-3.17033
-2.78414,-3.17096
-3.31007,-2.48545
-3.31006,-2.48538
-3.31005,-2.48531
PILLAR: 3.
-1.41441,-0.492747
-1.41441,-0.492747
-1.41441,-0.492747
-1.41441,-0.492747
-1.41441,-0.492747
-1.41441,-0.492747
-1.41441,-0.492747
-1.41441,-0.492748
-1.41441,-0.492748
-1.42555,-0.494001
-1.42555,-0.494001
-1.42555,-0.494001
-1.42555,-0.494001
-1.42555,-0.494001
-1.36561,-0.432465
-1.36706,-0.432472
-1.3682,-0.432479
-1.36912,-0.432485
-1.43544,-0.412738
-1.55669,-0.606714
-1.5568,-0.60683
-1.5569,-0.606931
-1.55698,-0.607019
-1.55705,-0.607096
-1.55711,-0.607164
-1.55717,-0.607223
-1.55721,-0.607277
-1.55726,-0.607324
-2.23239,-0.489049
-1.13857,-0.223515
-1.13196,-0.212101
-1.12557,-0.20095
-1.11936,-0.190053
-1.11334,-0.179399
-1.10748,-0.168977
-1.10179,-0.15878
-1.09624,-0.148796
-1.95421,-0.541331
-1.4205,-1.06361
-1.4205,-1.06481
-1.4205,-1.06593
-1.42051,-1.06698
-1.42051,-1.06795
-1.42051,-1.06887
-1.42052,-1.06972
-1.42052,-1.07053
-1.42052,-1.07128
-0.768455,-0.396742
-0.763449,-0.393841
-0.758569,-0.391003
-0.727085,-0.186742
-0.726527,-0.185937
-0.726007,-0.185169
-0.725522,-0.184436
-0.725069,-0.183736
-0.724647,-0.183067
-0.724252,-0.182427
-0.266664,-0.215992
-0.793768,-0.642826
-0.791526,-0.644777
-1.05695,-0.299771
-1.4145,-0.498801
-1.41513,-0.498471
-1.06439,-0.474408
-1.06373,-0.474632
-0.758261,-0.287483
-0.754621,-0.287282
-1.00878,-1.00841
-1.00794,-1.01022
-1.03623,-0.374552
-1.03582,-0.37426
-0.680247,-0.263078
-0.680611,-0.262848
-0.680967,-0.262627
-0.681315,-0.262413
-0.681657,-0.262207
-0.681991,-0.262008
-0.682318,-0.261816
-0.682638,-0.261631
-0.997901,-0.802888
-0.99705,-0.804314
-0.996221,-0.805699
-0.995416,-0.807045
-0.994632,-0.808355
-0.993868,-0.809628
-0.993125,-0.810868
-0.992401,-0.812074
-0.991695,-0.813249
-0.771464,-0.317251
-0.771723,-0.316925
-0.771975,-0.316608
-0.772221,-0.3163
-0.772461,-0.316
-0.772694,-0.315708
-0.772923,-0.315423
-0.773146,-0.315146
-1.33206,-0.286212
-1.33163,-0.285923
-1.33121,-0.285641
-1.3308,-0.285366
-1.3304,-0.285098
-1.33001,-0.284836
-1.32962,-0.284581
-1.32925,-0.284332
-0.112557,-0.838998
-0.114002,-0.838317
-0.115399,-0.837657
-0.116748,-0.837018
-0.118054,-0.836399
-0.119316,-0.835799
-0.120537,-0.835218
-0.121718,-0.834654
-0.564045,-0.720369
-0.564756,-0.720046
-0.565446,-0.719733
-0.566114,-0.719428
-0.798188,-0.671734
-0.800388,-0.671634
-0.787287,-0.670953
-0.832519,-0.646072
-2.82169e-13,1.42546e-40
-9.0886e-14,4.59135e-41
-0.133887,-0.779926
-0.134388,-0.779637
-0.134875,-0.779354
0.167163,-0.846612
-0.053022,-0.797017
-0.0533956,-0.796802
-0.0537593,-0.796592
0.125811,-0.922806
0.120923,-0.92249
0.116388,-0.922177
0.112165,-0.921869
0.108225,-0.921566
-1.07823,-0.534696
-1.08248,-0.194256
-1.08255,-0.194085
-1.08262,-0.193917
-0.951703,-0.185839
-0.953584,-0.18659
-0.955362,-0.187302
-0.957044,-0.187978
-0.958637,-0.188621
-0.0348706,-0.779443
-0.0352202,-0.77923
-0.0355634,-0.77902
-0.00664588,-0.774019
-0.111241,-0.71668
-0.110308,-0.716675
-0.109433,-0.716671
-0.10861,-0.716666
-0.107836,-0.716662
-0.239504,-0.577431
-0.238608,-0.577024
-0.237776,-0.577535
-0.74332,-0.262306
-0.7345,-0.260654
-4.43771e-13,2.24184e-40
-0.362865,-0.658985
-0.362907,-0.658917
-0.362947,-0.65885
-0.362987,-0.658785
-0.363025,-0.658721
-0.363064,-0.658658
-0.363098,-0.658596
-0.363133,-0.658536
-0.363168,-0.658476
-3.79582e-13,1.91758e-40
-0.778391,-0.498543
-0.778809,-0.498809
-0.779211,-0.499064
-0.779598,-0.499309
-0.77997,-0.499545
-0.780328,-0.499772
-0.780673,-0.499991
-4.70973e-13,2.37926e-40
-0.447803,-0.553227
-0.447653,-0.552965
-0.447538,-0.553241
-0.447425,-0.553514
-0.447279,-0.553259
-0.447167,-0.553527
-0.447056,-0.553793
-0.446947,-0.554056
-0.446807,-0.553811
-0.564943,-0.339279
-0.75072,-0.577721
-0.750789,-0.577684
-0.750855,-0.577649
-5.25381e-13,2.65412e-40
-2.0669e-12,1.04416e-39
-6.24447e-13,3.15458e-40
-0.687794,-0.498644
-0.84225,-0.515506
-0.850615,-0.51724
-0.858639,-0.518841
-0.866334,-0.520323
-0.873725,-0.5217
-0.88084,-0.522985
-0.887696,-0.524185
-1.22321e-12,6.17943e-40
-0.856229,-0.326991
-0.856198,-0.327084
-0.414758,-0.506327
-5.31905e-14,2.68699e-41
-0.784361,-0.515204
-0.781892,-0.515347
-0.779465,-0.51549
-0.777076,-0.515623
-0.774724,-0.515751
-0.772409,-0.51589
-0.770133,-0.516029
-0.547997,-0.637434
-0.729059,-0.635691
-0.729038,-0.635738
-0.21122,-0.748729
-0.19911,-0.765869
-0.201872,-0.765643
-0.204563,-0.765422
-0.207188,-0.765208
-0.811959,-0.560562
-0.811933,-0.560538
-0.811908,-0.560513
-0.898672,-0.131741
-0.8986,-0.131867
-0.898529,-0.131991
-0.545262,-0.161031
-0.547151,-0.161161
-0.548994,-0.16129
-0.550789,-0.161417
-0.166612,-0.61467
-0.275745,0.481135
-0.275602,0.480873
-0.27546,0.480614
-0.27532,0.48036
-1.42626e-12,7.20518e-40
-0.885757,-1.62557
-0.88555,-1.62377
-0.885346,-1.62199
-0.885146,-1.62025
-0.88495,-1.61854
-0.884758,-1.61685
-0.884568,-1.61519
-0.884381,-1.61357
-0.884198,-1.61196
0.033526,-0.793348
-0.119115,-0.772299
-0.120219,-0.772171
-0.121295,-0.772046
-0.122348,-0.771924
-0.123379,-0.771805
-0.789741,-0.491053
-0.789708,-0.491164
-0.797241,-0.35914
-0.79714,-0.359143
-0.79704,-0.359147
-0.510467,-0.347642
-0.511591,-0.347731
-0.512689,-0.347819
-0.513762,-0.347906
-0.514809,-0.347992
0.0246152,-0.788775
0.0247022,-0.78878
0.0247881,-0.788786
0.162303,-0.792565
0.162018,-0.792682
0.161738,-0.792797
0.161463,-0.792911
0.161193,-0.793022
-0.90303,-0.98392
-0.90285,-0.983467
-0.902673,-0.983021
-1.00925,-0.985518
-1.00899,-0.98484
-1.00873,-0.984173
-1.00848,-0.983516
-1.03041,-0.545887
-0.831712,-1.07021
-1.38246,-1.04439
-1.38278,-1.04389
-1.52867,-0.953791
-1.65596,-0.281605
-1.65553,-0.281032
-1.65512,-0.280464
-1.6547,-0.279901
-0.51926,-1.01826
-0.519456,-1.01818
-0.519649,-1.01809
-5.86069e-13,2.96071e-40
-0.429211,-0.314371
2.94923e-13,-1.4899e-40
-0.833301,-0.481285
-0.833281,-0.481288
-0.833262,-0.48129
-0.833243,-0.481292
-0.833223,-0.481294
-0.833204,-0.481296
-0.833184,-0.481298
-0.833166,-0.4813
-0.940419,-0.573963
-0.940306,-0.574015
-0.940193,-0.574067
-1.12225,-0.488525
-1.1223,-0.488481
-1.12235,-0.48844
-1.1224,-0.488398
-1.12245,-0.488356
-1.12249,-0.488315
-1.13305,-0.433606
PILLAR: 4.
4.9278,-0.912115
4.9278,-0.912115
4.9278,-0.912115
4.9278,-0.912115
4.9278,-0.912115
4.9278,-0.912115
4.9278,-0.912115
4.5965,-1.38608
4.59651,-1.38608
4.59651,-1.38607
4.68878,-1.06908
4.6873,-1.06936
4.68614,-1.06959
4.6852,-1.06978
4.61761,-1.062
4.78789,-1.06209
4.78789,-1.06209
4.69298,-1.12384
4.69209,-1.12395
4.69131,-1.12406
4.69062,-1.12415
4.69,-1.12423
4.68945,-1.12431
4.68896,-1.12437
4.74237,-1.11772
4.74237,-1.11772
4.74237,-1.11772
4.2972,-1.17479
4.29475,-1.1758
4.2925,-1.17673
4.29042,-1.1776
4.28851,-1.17841
4.28674,-1.17916
4.2851,-1.17987
4.28358,-1.18053
5.53281,-0.90956
5.53743,-0.909943
5.54173,-0.910289
5.54575,-0.910602
5.54952,-0.910886
5.55304,-0.911144
5.55635,-0.91138
5.35548,-0.937914
5.05487,-0.936487
5.05425,-0.936821
4.82188,-0.44743
4.82187,-0.448631
4.82187,-0.44975
4.82187,-0.450794
4.82186,-0.45177
4.82186,-0.452684
4.82186,-0.45354
4.82185,-0.454344
4.82185,-0.455099
5.30815,-0.983796
5.31006,-0.982889
5.31187,-0.982036
5.31358,-0.981231
5.31519,-0.980472
5.31672,-0.979755
5.31817,-0.979077
5.31955,-0.978434
4.90656,-1.02987
4.90649,-1.02968
5.20447,-0.290937
5.20493,-0.289964
5.20537,-0.28903
5.2058,-0.288134
5.2062,-0.287274
5.2066,-0.286448
5.20697,-0.285653
3.72202,-1.01669
3.72242,-1.01675
3.72279,-1.0168
3.72313,-1.01686
3.72344,-1.01692
3.72372,-1.01698
3.72399,-1.01703
5.19797,-0.892258
5.19683,-0.892309
5.19574,-0.892357
3.61527,-1.02765
3.61483,-1.02783
3.6144,-1.02801
3.61399,-1.02818
3.61358,-1.02835
3.61318,-1.02852
3.61279,-1.02868
3.61241,-1.02883
4.11748,-0.960274
4.11717,-0.960385
4.11686,-0.960494
4.11656,-0.9606
4.11627,-0.960704
4.11598,-0.960805
4.11571,-0.960904
4.11543,-0.961001
5.32073,-0.861961
5.32109,-0.862411
5.32145,-0.862842
5.3218,-0.863257
5.32214,-0.863656
5.32248,-0.864039
5.32281,-0.864409
5.32313,-0.864765
5.03731,-0.844334
5.03635,-0.844554
4.30485,-1.19909
4.30603,-1.1983
4.30716,-1.19753
4.30826,-1.19678
4.30932,-1.19606
4.31035,-1.19537
4.31134,-1.1947
4.31229,-1.19405
4.31322,-1.19343
4.86682,-0.75519
4.86539,-0.755352
4.86401,-0.755511
4.86267,-0.755667
4.86138,-0.755819
4.86013,-0.755968
4.85892,-0.756113
4.85775,-0.756256
5.3294,-0.918607
4.91865,-0.758458
4.91794,-0.758643
4.91725,-0.758824
4.91657,-0.759
4.68159,-0.854722
4.67938,-0.855008
4.69253,-0.852724
4.64601,-0.863371
4.70867,-0.95501
4.72265,-0.953232
4.57902,-0.559285
4.57855,-0.559682
4.57809,-0.560069
4.873,-0.507133
4.96237,-0.509047
4.94613,-0.508775
4.93149,-0.508488
4.91819,-0.508189
4.90603,-0.507879
5.1727,-0.704772
4.62804,-0.698709
4.62767,-0.698862
4.62732,-0.699011
4.79218,-0.539348
4.78741,-0.54054
4.78299,-0.541657
4.77888,-0.542706
4.77505,-0.543691
5.09209,-0.824119
5.08996,-0.824485
4.71799,-0.201673
4.87406,-1.2228
4.87398,-1.22263
4.87391,-1.22247
4.95851,-1.45378
4.95714,-1.45213
4.95585,-1.45055
4.95464,-1.44903
4.95349,-1.44758
4.94089,-1.27774
4.60529,-0.691416
4.60494,-0.691584
4.60461,-0.691749
4.63359,-0.690368
4.52944,-0.770031
4.53038,-0.769724
4.53126,-0.769432
4.53208,-0.769153
4.53286,-0.768887
4.78712,-0.889436
4.6294,-0.173754
4.5414,-1.58732
4.54151,-1.59125
3.7834,-0.397498
3.79224,-0.394995
4.49103,-0.506221
4.49101,-0.506593
4.49098,-0.506957
4.49095,-0.507315
4.49093,-0.507665
4.4909,-0.508009
4.49088,-0.508347
4.49086,-0.508678
4.49083,-0.509003
5.21931,-0.929851
5.21876,-0.929789
5.21822,-0.929727
5.21769,-0.929667
4.5928,-0.0930929
4.49849,-1.62768
4.49784,-1.63148
4.5935,-0.0969384
4.4981,-1.63151
4.49745,-1.63526
4.4968,-1.63898
4.59461,-0.104502
4.59444,-0.100762
5.00017,-0.865058
4.46436,-1.06782
4.78084,-0.724514
4.78077,-0.724658
4.78069,-0.724799
4.75675,0.273804
4.75298,0.272382
4.74945,0.270991
4.74616,0.269629
4.80145,-0.978645
4.79944,-0.978759
4.79745,-0.97887
4.55183,-1.03667
4.5547,-1.03588
4.55745,-1.03511
4.56009,-1.03438
4.84908,-0.869004
4.84896,-0.868994
4.67513,-0.677157
4.67515,-0.677283
5.12695,-0.614384
5.12498,-0.614876
5.12307,-0.615356
5.12122,-0.615824
5.11942,-0.61628
5.11768,-0.616725
5.11598,-0.617159
5.11433,-0.617582
4.84449,-0.662834
4.84412,-0.66301
4.84376,-0.663183
4.84341,-0.663352
4.84307,-0.663519
4.84274,-0.663682
4.83283,-0.639904
4.84476,-0.934546
4.84471,-0.934508
4.80662,-0.889604
4.81606,-0.890092
4.82458,-0.890597
4.8323,-0.891113
4.83932,-0.891634
4.8574,-0.976093
4.85736,-0.976054
4.64149,-0.18466
4.76158,-0.258685
4.75939,-0.258476
4.75726,-0.258275
4.7552,-0.258081
4.7532,-0.257894
4.75385,-0.258052
4.75192,-0.257871
5.07111,-1.62191
4.85702,-0.711167
4.67595,-0.709424
4.67598,-0.709471
5.19005,-0.534433
5.20028,-0.508689
5.19754,-0.508895
5.19487,-0.509099
5.19227,-0.509299
5.51218,-0.824564
4.6637,-0.960879
4.66382,-0.960735
4.66392,-0.960594
5.05248,-0.702123
5.05057,-0.70247
5.04871,-0.70281
5.0469,-0.703144
5.14655,-0.73754
3.9147,-1.13612
3.91506,-1.13583
3.91542,-1.13554
3.91576,-1.13525
4.74781,-0.376101
4.60528,-0.491827
4.6042,-0.492011
4.60314,-0.492192
4.6021,-0.49237
4.60109,-0.492545
4.91034,-0.608804
4.90975,-0.609505
4.56615,-0.891874
4.56625,-0.891836
4.56636,-0.8918
4.86243,-0.773978
4.8613,-0.774117
4.8602,-0.774253
4.85912,-0.774387
4.85807,-0.774519
4.55144,-0.692357
4.55153,-0.692383
4.55162,-0.69241
4.67878,-0.471778
4.6785,-0.472035
4.67823,-0.472287
4.67797,-0.472536
4.67771,-0.472781
5.10505,-0.820082
5.10477,-0.82012
4.77968,-0.705399
4.77988,-0.705491
4.78009,-0.705582
4.67995,-1.04656
4.68021,-1.04607
4.68046,-1.04558
4.68071,-1.0451
4.65093,-0.850949
4.49803,-0.847466
4.4984,-0.847412
4.76235,-0.66647
5.49898,-0.75738
5.49868,-0.757495
5.35338,-1.22541
5.15795,-1.28513
5.15813,-1.28621
5.15831,-1.28729
5.15848,-1.28836
4.70059,-0.992481
4.70061,-0.992393
4.70061,-0.992307
5.4488,-0.606905
5.44861,-0.60696
5.44843,-0.607015
4.65778,-1.03575
4.65781,-1.03569
4.65784,-1.03564
4.65786,-1.03558
4.65789,-1.03553
4.65791,-1.03547
4.65794,-1.03542
4.65796,-1.03537
4.86564,-1.08816
4.86559,-1.08812
4.86554,-1.08809
4.86549,-1.08805
4.86545,-1.08801
4.8654,-1.08797
4.84742,-1.10324
5.12042,-0.748636
5.12118,-0.748348
5.12194,-0.748063
5.1227,-0.747778
5.12346,-0.747494
5.05766,-0.76215
4.9649,-0.723119
4.85653,-0.840735
4.85651,-0.840693
4.85648,-0.840653
4.85646,-0.840613
4.85644,-0.840573
4.34202,-0.676423
4.19772,-0.286247
4.19841,-0.28691
4.19908,-0.287564
4.19975,-0.288211
4.20042,-0.288849
4.20107,-0.289481
PILLAR: 5.
5.56932,-2.25853
5.56932,-2.25853
5.56932,-2.25853
5.56932,-2.25853
5.56932,-2.25853
5.56932,-2.25853
5.56932,-2.25853
5.11357,-2.74923
5.11357,-2.74923
5.11357,-2.74923
5.26302,-2.40915
5.26149,-2.40946
5.26027,-2.40971
5.2593,-2.40991
5.18906,-2.40327
5.35933,-2.40336
5.35933,-2.40336
5.31298,-2.35911
5.31209,-2.35922
5.3113,-2.35933
5.31061,-2.35942
5.30999,-2.35951
5.30944,-2.35958
5.30894,-2.35965
5.36236,-2.353
5.36236,-2.353
5.36236,-2.353
5.73984,-2.51674
5.74435,-2.51714
5.74855,-2.51749
5.75248,-2.51782
5.75616,-2.51811
5.7596,-2.51838
5.76284,-2.51863
5.49155,-2.55265
5.19094,-2.55122
5.19032,-2.55156
5.88481,-2.28924
5.88687,-2.28826
5.88882,-2.28735
5.89066,-2.28649
5.8924,-2.28567
5.89405,-2.2849
5.89561,-2.28417
5.89709,-2.28348
5.4841,-2.33492
5.48403,-2.33473
5.81549,-3.21248
6.04032,-1.72607
5.82109,-3.21367
5.8201,-3.22959
6.04717,-1.7425
6.05062,-1.72759
5.16532,-2.42428
5.16418,-2.42434
5.16309,-2.42438
5.49072,-2.51289
5.4909,-2.51336
5.49108,-2.51381
5.49126,-2.51424
5.49144,-2.51465
5.49162,-2.51505
5.49179,-2.51544
5.49197,-2.51581
5.20614,-2.49538
5.20519,-2.4956
5.93485,-2.14148
5.93603,-2.14069
5.93717,-2.13991
5.93826,-2.13917
5.93933,-2.13845
5.94035,-2.13776
5.94134,-2.13709
5.9423,-2.13644
5.94322,-2.13582
4.36216,-2.2183
4.36048,-2.21837
4.35885,-2.21845
4.35728,-2.21852
4.35576,-2.2186
4.35429,-2.21867
4.35287,-2.21874
4.35149,-2.21881
4.82314,-2.38116
4.72685,-2.33059
4.72599,-2.33076
4.72515,-2.33092
4.72434,-2.33108
4.4483,-2.42124
4.44598,-2.42151
4.45959,-2.41929
4.40291,-2.42839
4.48693,-2.5232
4.50142,-2.5215
4.59094,-2.47068
4.5902,-2.47108
4.58947,-2.47147
4.93315,-2.41762
5.01219,-2.41983
4.99535,-2.41958
4.98015,-2.4193
4.96634,-2.41902
4.95371,-2.41872
5.27815,-2.6133
5.2471,-2.42702
4.45598,-2.30504
4.45549,-2.30518
4.45501,-2.30531
4.71835,-2.15318
4.71306,-2.15435
4.70815,-2.15544
4.70357,-2.15647
4.69929,-2.15743
5.11338,-2.4395
5.11153,-2.43986
4.48265,-2.32596
4.48217,-2.32612
4.4817,-2.32627
4.50941,-2.3248
4.35708,-2.40008
4.35812,-2.39978
4.3591,-2.3995
4.36002,-2.39923
4.36089,-2.39898
4.65025,-2.52285
4.90924,-2.62898
4.90902,-2.62939
4.9088,-2.6298
4.90859,-2.63019
4.90839,-2.63058
4.90818,-2.63096
4.90798,-2.63133
4.90779,-2.63169
4.9076,-2.63205
4.65523,-2.33295
4.65468,-2.33289
4.65414,-2.33283
4.65361,-2.33277
4.86231,-2.40075
5.02272,-2.49438
5.02259,-2.49453
5.02246,-2.49468
5.39288,-3.5734
5.39024,-3.57463
5.38783,-3.57584
5.3856,-3.57703
5.40019,-3.01633
5.39682,-3.00813
5.39366,-3.00043
5.39068,-2.99317
4.671,-2.37668
4.67316,-2.37718
4.67523,-2.37765
4.52976,-2.4406
4.53239,-2.43981
4.53493,-2.43904
4.53737,-2.4383
4.51722,-2.62121
4.99263,-2.42896
4.99251,-2.42895
4.86566,-1.7141
5.29177,-3.19101
5.29244,-3.19581
5.29313,-3.20057
4.86313,-1.72469
4.8612,-1.72035
4.85931,-1.71603
5.06906,-2.05421
5.16216,-2.61482
5.16218,-2.61495
5.3,-2.60481
5.29816,-2.60529
5.29639,-2.60576
5.29466,-2.60621
5.29299,-2.60666
5.29137,-2.60709
5.28979,-2.60752
5.28826,-2.60793
5.1335,-2.62899
5.1332,-2.62915
5.13291,-2.62932
5.13263,-2.62948
5.13235,-2.62963
5.13209,-2.62979
5.09085,-2.61037
5.09965,-2.46077
5.73931,-3.15985
5.73742,-3.15762
5.78688,-2.61469
5.77183,-2.61126
5.75869,-2.60809
5.74708,-2.60515
5.73675,-2.60241
5.83839,-2.61832
5.55409,-2.65996
5.55031,-2.65806
5.54669,-2.65624
5.13719,-2.57813
5.04904,-2.37444
5.04899,-2.3744
5.21843,-3.18584
5.01662,-1.76202
5.21676,-3.18609
4.58121,-2.32634
4.59145,-2.32695
4.6007,-2.32757
4.60909,-2.32819
4.61673,-2.32881
5.82762,-2.11424
5.8282,-2.1154
5.82868,-2.11654
5.82908,-2.11766
5.82941,-2.11875
5.04021,-2.32575
5.04017,-2.32571
5.36118,-3.08707
4.98109,-1.82579
5.12782,-1.80513
5.58869,-2.94829
5.59017,-2.95118
5.59163,-2.95405
5.59306,-2.9569
5.59446,-2.95973
5.73394,-2.41329
5.73098,-2.4131
5.17827,-2.23613
5.99789,-2.33291
5.99469,-2.33291
6.36123,-2.55087
6.37146,-2.56367
6.36656,-2.56217
6.36182,-2.56072
6.35725,-2.55931
6.35283,-2.55795
6.34855,-2.55662
5.6204,-3.05527
6.06554,-2.99699
6.06279,-2.99705
6.06012,-2.99711
6.05754,-2.99717
6.05503,-2.99722
6.05611,-2.99717
6.05368,-2.99723
5.9487,-2.42522
4.61992,-3.19077
4.88561,-2.48145
5.17917,-2.5419
4.30109,-2.33041
4.30117,-2.33043
4.30125,-2.33046
4.50997,-2.12023
4.50964,-2.12048
4.50932,-2.12073
4.50901,-2.12097
4.5087,-2.12121
5.07332,-2.47685
5.07307,-2.47689
5.55258,-2.36994
5.55213,-2.37006
5.27612,-2.83701
4.90938,-2.87931
4.90917,-2.88034
4.90896,-2.88136
4.90874,-2.88237
4.37203,-2.57212
4.37133,-2.57189
4.37063,-2.57165
4.55497,-2.40094
4.55474,-2.40097
4.55451,-2.40101
5.39362,-2.34081
5.39366,-2.34074
5.3937,-2.34068
5.39374,-2.34062
5.39378,-2.34056
5.39382,-2.3405
5.39385,-2.34044
5.39389,-2.34038
5.53633,-2.29698
5.53628,-2.29694
5.53623,-2.2969
5.53618,-2.29687
5.53613,-2.29683
5.53609,-2.29679
5.50393,-2.31982
4.81871,-2.48094
4.85045,-2.55029
PILLAR: 6.
12.3215,-0.329206
12.3213,-0.329987
12.321,-0.330748
12.3208,-0.331491
12.3206,-0.332215
13.2018,-0.248366
13.2006,-0.249768
13.1995,-0.251131
13.1984,-0.252457
13.67,-0.414808
13.8567,0.207872
13.6418,-0.122976
13.6547,-0.11807
13.6128,-0.186843
13.6654,-0.156313
13.6791,-0.151657
12.7906,-0.187623
12.7744,-0.189814
12.7599,-0.191786
12.7467,-0.193575
12.7346,-0.195212
12.9882,-0.155471
13.2543,-0.139325
13.2255,-0.160048
13.2249,-0.1602
12.4585,-0.392508
12.4537,-0.39618
12.4494,-0.399645
12.4453,-0.402922
12.4415,-0.406025
12.7364,-0.226271
12.7342,-0.22537
12.7345,-0.0145628
12.7325,-0.00975412
12.7307,-0.00515811
12.7289,-0.000761086
12.7273,0.00344994
12.7147,0.173288
12.8283,-0.204643
13.1867,-0.107291
13.1876,-0.106419
13.1884,-0.105589
13.1892,-0.104799
13.19,-0.104045
13.4279,-0.0385414
13.7839,-0.180993
13.7927,-0.176606
12.9342,-0.218629
12.9338,-0.218895
12.9334,-0.21915
12.933,-0.219395
12.9327,-0.219631
12.9323,-0.219858
12.932,-0.220077
13.5642,0.240372
13.5673,0.239688
13.5702,0.239067
13.5731,0.238504
13.4973,0.236759
12.8702,-0.198268
12.8691,-0.198498
12.868,-0.198904
12.867,-0.199304
12.8659,-0.199698
12.8649,-0.199911
12.8639,-0.200118
13.0736,-0.538297
12.4253,-0.235626
12.4233,-0.235631
12.4213,-0.235635
12.4195,-0.235635
12.4176,-0.235633
12.4159,-0.235629
12.4142,-0.235623
12.4125,-0.235614
12.8324,-0.170111
12.832,-0.170002
12.8316,-0.169895
12.8313,-0.169791
12.8309,-0.169688
12.8305,-0.169588
12.8275,-0.273013
12.8491,-0.16613
12.84,-0.175899
12.842,-0.175808
12.3339,0.53803
12.332,0.540257
12.767,0.29049
12.7559,0.284333
12.7464,0.278872
12.738,0.273991
12.7306,0.269598
12.6782,0.32736
13.004,0.242682
13.0019,0.234389
11.9832,-0.630057
11.9835,-0.629975
11.9837,-0.629921
11.9838,-0.62989
11.9839,-0.629881
12.5383,-0.243094
12.5372,-0.24354
12.6778,-0.193577
12.5585,-0.500335
12.5592,-0.500953
12.5598,-0.50159
12.5605,-0.502245
12.5611,-0.502915
12.6559,-0.40209
12.6571,-0.400589
12.851,0.041529
12.8486,0.0400818
12.4589,-0.320066
12.5974,-0.0566473
12.5947,-0.0579889
12.792,0.165711
12.7531,0.266367
12.7493,0.265575
12.7455,0.264814
12.7419,0.264084
12.7384,0.263382
12.735,0.262708
13.0732,-0.00748479
12.5231,-0.208841
12.7992,0.136601
12.7971,0.135159
12.795,0.133763
12.793,0.13241
12.7911,0.131099
12.7917,0.132222
12.7898,0.130947
12.9228,0.128835
13.0154,-0.139649
13.0149,-0.139606
12.9601,1.00977
12.9603,1.01158
12.9605,1.01335
12.9607,1.0151
12.9609,1.01681
12.9611,1.0185
12.9613,1.02015
12.9614,1.02178
12.9616,1.02338
12.3769,-0.509335
12.2027,-0.327719
12.2024,-0.328208
12.2021,-0.328689
12.2019,-0.329164
12.2016,-0.329631
12.5912,-0.0534927
12.5909,-0.0533814
13.1997,0.144332
13.2,0.144553
13.2003,0.144771
13.2006,0.144986
13.2139,-0.026655
13.061,-0.0231729
13.0614,-0.0231182
13.6319,0.499753
13.5732,-0.452069
13.5736,-0.455201
13.574,-0.458313
13.5743,-0.461407
13.1471,-0.584374
13.1473,-0.588081
13.1475,-0.591767
13.2974,-0.0718694
13.2967,-0.0718718
PILLAR: 7.
13.9114,-1.4879
13.91,-1.48945
13.9086,-1.49096
13.9073,-1.49243
13.9061,-1.49385
14.3777,-1.6562
14.6808,-0.895063
14.4367,-1.24715
14.4499,-1.24201
14.4007,-1.31592
14.4686,-1.27454
14.4827,-1.26963
13.2945,-1.40294
13.3184,-1.46276
13.3019,-1.46512
13.287,-1.46724
13.2734,-1.46917
13.261,-1.47094
13.553,-1.41469
13.7511,-1.42688
13.7223,-1.44761
13.7217,-1.44776
14.7123,-1.21165
14.7213,-1.20709
13.6576,-1.35255
13.6543,-1.35133
13.6512,-1.35016
13.6484,-1.34905
13.663,-0.78835
13.6596,-0.780156
13.6564,-0.772451
13.6535,-0.765193
13.8856,-0.401548
13.8818,-0.374524
13.878,-0.348322
14.0771,-1.46953
14.0798,-1.4703
14.0825,-1.471
14.0851,-1.47163
14.0436,-1.46273
13.5079,-1.05836
13.5041,-1.05646
13.5005,-1.05464
13.1317,-1.19405
13.763,-1.2538
13.7621,-1.25396
13.7613,-1.25404
13.3264,-1.81186
13.3363,-1.80761
13.3453,-1.80378
13.3534,-1.8003
13.3609,-1.79713
13.2343,-1.55578
13.2315,-1.55732
13.2045,-1.54385
13.2015,-1.54531
13.4982,-1.27711
13.4847,-1.16373
13.4803,-1.16478
13.476,-1.1658
13.4719,-1.16677
13.468,-1.16771
13.4641,-1.16861
13.9202,-1.37235
12.8889,-1.63044
12.8864,-1.6319
12.884,-1.63332
12.8817,-1.63469
12.8803,-1.63488
12.8781,-1.63617
12.863,-1.63947
13.8803,-1.93359
13.882,-1.94199
13.9513,-0.779917
13.9538,-0.771985
13.8899,-1.93459
13.8915,-1.94254
13.893,-1.95039
13.4828,-1.34092
13.4823,-1.34088
12.6341,-1.41965
12.6034,-1.42895
12.6006,-1.42975
12.5979,-1.43054
12.5952,-1.43131
12.9011,-1.30279
12.4347,-1.44422
12.4328,-1.44486
12.4309,-1.44548
12.4291,-1.44608
12.541,-1.34629
13.1891,-1.09773
13.0222,-1.45774
13.021,-1.45848
13.0199,-1.45921
13.0188,-1.45992
13.0177,-1.46062
13.327,-1.57688
13.3264,-1.57758
12.2801,-1.42616
12.279,-1.42637
12.2779,-1.42657
12.2768,-1.42677
12.2758,-1.42697
12.9984,-1.37497
12.9976,-1.37497
PILLAR: 8.
21.3829,0.462779
21.386,0.460812
21.3889,0.45899
21.3918,0.457299
21.31,0.612749
21.1976,0.446062
20.7442,0.481721
20.7423,0.482246
20.7405,0.482762
20.7387,0.48327
20.737,0.483772
21.1222,0.858227
21.1218,0.858609
21.1214,0.858983
21.1336,0.623464
21.16,0.684515
21.1502,0.682223
21.1523,0.680646
21.867,0.651398
22.1653,1.06381
22.1737,1.07298
22.1812,1.08132
22.188,1.08894
22.1942,1.09593
21.0403,0.849739
20.9046,0.487267
20.8967,0.474093
20.8892,0.461515
20.882,0.449478
20.875,0.437935
20.8684,0.426847
20.8619,0.416176
21.5971,0.317008
20.8304,0.393417
21.4942,0.787207
21.4942,0.789217
21.4941,0.791119
21.494,0.792922
21.4938,0.794632
20.8285,0.559134
21.3658,0.792169
21.3661,0.794422
21.3663,0.796605
21.3666,0.798723
21.3668,0.80078
21.4616,0.901605
21.4628,0.903106
21.5668,1.32673
20.4596,0.211762
20.4557,0.208207
20.4519,0.204776
20.4483,0.201464
20.4448,0.198264
20.4414,0.195172
20.7579,0.573879
PILLAR: 9.
21.1912,-0.765455
21.1894,-0.764902
21.1877,-0.764359
21.186,-0.763824
21.1843,-0.763296
21.2705,-0.695726
21.2701,-0.695332
21.2695,-0.694567
21.257,-0.932246
21.2748,-0.871852
21.2664,-0.87404
20.7433,-1.06933
20.7304,-1.08644
20.7191,-1.10175
20.7092,-1.11555
20.7004,-1.12807
20.6274,-1.18275
20.9532,-1.26743
20.9511,-1.27573
21.2428,-1.11869
21.0757,-1.48413
21.0668,-1.49739
21.0583,-1.51006
21.0501,-1.52217
21.0423,-1.5338
21.0347,-1.54496
21.0274,-1.5557
20.9948,-1.56793
20.9904,-1.57891
20.1743,-1.40515
