PILLARS.
Pillar: 1.
-3.51972,-2.60256
-3.51972,-2.60256
-3.51972,-2.60256
-3.51972,-2.60256
-3.51972,-2.60256
-3.51972,-2.60256
-3.51972,-2.60256
-3.51972,-2.60256
-3.51972,-2.60256
-3.51972,-2.60256
-3.51972,-2.60256
-3.66819,-2.55668
-3.66819,-2.55668
-3.66819,-2.55668
-3.66819,-2.55668
-3.66819,-2.55668
-3.66819,-2.55668
-3.55821,-2.57028
-3.56006,-2.57016
-3.56155,-2.57006
-3.56277,-2.56999
-3.50457,-2.51005
-3.50675,-2.51174
-3.50854,-2.51313
-3.51003,-2.51428
-3.51127,-2.51525
-3.51233,-2.51608
-3.51323,-2.51678
-3.51401,-2.5174
-3.51468,-2.51793
-3.51527,-2.51839
-3.50884,-2.52711
-3.50884,-2.52711
-3.44814,-2.52965
-3.44963,-2.52955
-3.45094,-2.52945
-3.4521,-2.52936
-3.45313,-2.52929
-3.45405,-2.52922
-3.45488,-2.52916
-3.45563,-2.5291
-3.34568,-2.57027
-3.34568,-2.57027
-3.83544,-2.59637
-3.82798,-2.59572
-3.82134,-2.59515
-3.81541,-2.59463
-3.81009,-2.59417
-3.80529,-2.59376
-3.80094,-2.59338
-3.797,-2.59304
-3.96297,-2.44768
-3.96297,-2.44768
-4.26293,-2.54302
-4.25849,-2.54269
-4.25442,-2.54239
-4.25067,-2.54211
-4.24722,-2.54186
-4.24402,-2.54162
-4.24106,-2.5414
-4.23831,-2.54119
-3.67065,-2.39759
-3.21723,-2.69853
-3.20906,-2.69635
-3.20118,-2.69436
-3.19356,-2.69255
-3.18619,-2.6909
-3.17904,-2.68939
-3.17212,-2.68802
-3.16539,-2.68676
-3.57983,-2.66909
-3.57879,-2.66839
-3.27882,-2.68539
-3.28013,-2.68445
-3.28133,-2.68356
-3.28243,-2.68274
-3.28345,-2.68197
-3.28439,-2.68124
-3.28525,-2.68056
-3.71593,-2.52296
-3.30624,-2.49169
-3.30137,-2.49083
-3.29661,-2.49
-3.4901,-2.78055
-3.49,-2.78045
-3.08902,-2.85988
-3.09137,-2.85913
-3.14673,-2.66875
-3.15579,-2.6688
-3.16369,-2.66881
-3.17065,-2.66878
-3.17682,-2.66872
-3.40821,-2.7736
-3.40789,-2.77404
-3.40758,-2.77446
-2.85458,-2.70099
-2.85276,-2.70168
-2.85097,-2.70236
-2.84922,-2.70303
-2.8475,-2.70368
-3.49183,-2.43289
-3.49179,-2.43278
-3.20393,-2.50235
-3.20325,-2.50255
-3.20258,-2.50274
-2.87146,-2.5827
-2.87095,-2.5831
-2.87045,-2.5835
-2.86997,-2.58389
-2.86949,-2.58427
-3.16461,-2.20775
-3.16429,-2.20682
-3.16398,-2.20591
-3.16368,-2.20502
-3.12502,-1.98989
-3.12492,-1.98876
-3.12483,-1.98765
-3.12473,-1.98656
-2.93789,-2.34668
-2.93691,-2.34649
-2.93594,-2.3463
-2.93499,-2.34611
-2.93406,-2.34593
-2.93314,-2.34575
Pillar: 2.
-3.42318,-0.869143
-3.42318,-0.869143
-3.42318,-0.869143
-3.42318,-0.869143
-3.42318,-0.869143
-3.42318,-0.869143
-3.42318,-0.869143
-3.42318,-0.869143
-3.42318,-0.869143
-3.42318,-0.869143
-3.42318,-0.869143
-3.27471,-0.915024
-3.27471,-0.915024
-3.27471,-0.915024
-3.27471,-0.915024
-3.27471,-0.915024
-3.27471,-0.915024
-3.17251,-0.926781
-3.1744,-0.926651
-3.17593,-0.926548
-3.17718,-0.926466
-3.19097,-0.852802
-3.19373,-0.854383
-3.19601,-0.85568
-3.1979,-0.856757
-3.1995,-0.857661
-3.20086,-0.858429
-3.20202,-0.859086
-3.20303,-0.859654
-3.20391,-0.860148
-3.20469,-0.860579
-3.3323,-0.915861
-3.3323,-0.915861
-3.20111,-0.9277
-3.20259,-0.92759
-3.2039,-0.927494
-3.20506,-0.927408
-3.2061,-0.927332
-3.20702,-0.927264
-3.20785,-0.927203
-3.2086,-0.927147
-3.45965,-0.875384
-3.45965,-0.875384
-3.72317,-0.901366
-3.71564,-0.900723
-3.70894,-0.900152
-3.70295,-0.899643
-3.69758,-0.899186
-3.69273,-0.898775
-3.68834,-0.898403
-3.68436,-0.898065
-2.95382,-1.00557
-2.95382,-1.00557
-3.35123,-1.03742
-3.34698,-1.03698
-3.34308,-1.03657
-3.3395,-1.03619
-3.33619,-1.03585
-3.33314,-1.03552
-3.33031,-1.03522
-3.32769,-1.03494
-3.33419,-1.07203
-3.09333,-1.33656
-3.08495,-1.3344
-3.07688,-1.33243
-3.0691,-1.33063
-3.06158,-1.32899
-3.05431,-1.3275
-3.04727,-1.32613
-3.04045,-1.32488
-3.79696,-0.933112
-3.79498,-0.932293
-3.53694,-0.955037
-3.53777,-0.954019
-3.53852,-0.953069
-3.53921,-0.952182
-3.53984,-0.951352
-3.54041,-0.950575
-3.54094,-0.949845
-3.44811,-1.18725
-3.03521,-1.15662
-3.03021,-1.15579
-3.02532,-1.15499
-3.60996,-0.728236
-3.60938,-0.728113
-3.43839,-0.833979
-3.44029,-0.833146
-3.26874,-0.51604
-2.98987,-1.14288
-2.9905,-1.14229
-2.9911,-1.14172
-2.99168,-1.14117
-3.21367,-0.933812
-3.20919,-0.934855
-3.20514,-0.935817
-3.20146,-0.936706
-3.32804,-0.999106
-3.32806,-0.999165
-3.25245,-0.941734
-3.31867,-1.10709
-3.31868,-1.10735
-3.3187,-1.10761
-2.97115,-1.42324
-2.96933,-1.42465
-2.96752,-1.42604
-2.96572,-1.42741
-2.96395,-1.42875
-3.16824,-1.24441
-3.16816,-1.24493
-3.16808,-1.24543
-3.168,-1.24593
-3.23116,-1.16167
-3.23106,-1.16157
-3.11376,-1.20781
-3.11317,-1.208
-3.11259,-1.20819
-2.85394,-1.28514
-2.85346,-1.28554
-2.853,-1.28594
-2.85254,-1.28633
-2.8521,-1.28671
-2.99185,-0.997423
-2.99147,-0.997372
-2.99109,-0.997321
-2.99071,-0.997271
-2.99035,-0.997222
-2.98998,-0.997174
-2.98963,-0.997127
-2.98928,-0.99708
-3.41162,-0.960745
-3.41161,-0.960603
-3.41161,-0.960465
-3.4116,-0.960328
-3.41159,-0.960193
-2.96305,-1.01341
-2.96277,-1.01338
-2.96249,-1.01335
-2.96221,-1.01333
-2.96194,-1.0133
-2.96167,-1.01328
-3.16264,-1.12361
-3.16168,-1.12342
-3.16074,-1.12323
-3.15981,-1.12305
-3.15889,-1.12287
-3.15799,-1.1227
Pillar: 3.
-1.39663,-0.282815
-1.39663,-0.282815
-1.39663,-0.282815
-1.39663,-0.282815
-1.39663,-0.282815
-1.39663,-0.282815
-1.39663,-0.282815
-1.39663,-0.282815
-1.39663,-0.282815
-1.39663,-0.282815
-1.39663,-0.282815
-1.60452,-0.396434
-1.60744,-0.397466
-1.60985,-0.3983
-1.61186,-0.398984
-1.61355,-0.399551
-1.615,-0.400027
-1.61624,-0.400431
-1.61731,-0.400776
-1.61825,-0.401074
-1.61907,-0.401332
-1.66906,-1.16039
-1.67049,-1.16733
-1.67177,-1.17355
-1.67292,-1.17914
-1.67396,-1.18418
-1.6749,-1.18875
-1.67576,-1.1929
-1.67654,-1.19669
-1.67725,-1.20015
-0.859882,-0.0894034
-0.851308,-0.0875908
-0.843065,-0.0859307
-0.835128,-0.0844077
-0.827477,-0.0830099
-0.820089,-0.0817243
-0.812949,-0.0805404
-0.806039,-0.0794494
-0.9429,-0.41534
-0.940641,-0.416058
-0.695925,-0.369916
-0.696592,-0.369687
-0.697194,-0.36947
-0.697741,-0.369264
-0.698238,-0.36907
-0.698692,-0.368886
-0.699107,-0.368712
-0.69701,-0.542464
-0.774367,-0.446851
-1.01227,-0.299232
-0.597247,-0.274466
-0.592157,-0.273878
-0.587184,-0.273308
-1.0158,-0.492376
-1.01517,-0.492864
-0.887068,-0.308549
-0.88885,-0.308287
-0.650184,-0.317436
-0.689604,-0.267388
-0.698529,-0.267575
-0.706303,-0.267712
-0.713135,-0.267811
-0.719185,-0.267878
-0.574959,-0.205374
-0.575489,-0.205029
-0.575997,-0.204696
-0.576485,-0.204377
-0.724863,-0.215077
-0.720691,-0.215051
-0.716926,-0.215026
-0.713512,-0.215002
-0.670135,-0.192709
-0.522439,-0.555993
-0.523233,-0.55548
-0.523985,-0.554993
-0.879573,-0.598562
-0.637445,-0.356503
-0.636219,-0.35679
-0.635093,-0.357058
-0.634053,-0.357308
-0.0703683,-0.611959
-0.0707629,-0.611551
-0.0711362,-0.61116
-0.0714918,-0.610783
-0.0419751,-0.692894
-0.0426969,-0.692714
-0.0433825,-0.692544
-0.0440314,-0.692381
-0.0317786,-0.648946
-0.0321489,-0.648585
-0.0325024,-0.648237
-0.0328414,-0.647902
-0.0331659,-0.647578
-0.0334764,-0.647264
-0.0337757,-0.646962
-0.0340622,-0.646669
-0.0343376,-0.646386
-0.907822,-0.469832
-0.944244,-0.113699
-0.943422,-0.114186
-0.942644,-0.11465
-0.941904,-0.115094
-0.941202,-0.115518
-0.0464456,-0.618349
-0.0464953,-0.618177
-0.0465433,-0.618009
-0.0465881,-0.617847
-0.0597604,-0.619797
-0.0597266,-0.619733
0.177308,-0.400528
0.174114,-0.401137
0.171131,-0.401717
-0.0228518,-0.494924
-0.480994,-0.657822
-0.484278,-0.657756
-0.487523,-0.657694
-0.490728,-0.657636
-0.493896,-0.657584
-0.430682,-0.460067
-0.430487,-0.460083
-0.430296,-0.460099
-0.430112,-0.460114
-0.42993,-0.460129
-0.429753,-0.460143
-0.42958,-0.460157
-0.429411,-0.460171
-0.429247,-0.460183
-0.288321,-0.582642
-0.288336,-0.582584
-0.288349,-0.582527
-0.288363,-0.582471
-0.288375,-0.582417
-0.288387,-0.582365
-0.288399,-0.582313
-0.28841,-0.582262
-0.288421,-0.582213
-0.750083,-1.16067
-0.683776,-0.481651
-0.755405,-0.409853
-0.755321,-0.409863
-0.755238,-0.409873
-0.755155,-0.409884
-0.755074,-0.409894
-0.754996,-0.409904
-0.754918,-0.409913
-0.711635,-0.431472
-0.711655,-0.431531
-0.602467,-0.560504
-0.812299,-0.165881
-0.812353,-0.166037
-0.812405,-0.166188
-0.565216,-0.248836
-0.563667,-0.249681
-0.56213,-0.250509
-0.560607,-0.25132
-0.559095,-0.252116
-0.690415,-0.462978
-0.690401,-0.462987
-0.690389,-0.462996
-0.6723,-0.360095
-0.672404,-0.360015
-0.672504,-0.359936
-0.672596,-0.35986
-0.801587,-0.138493
-0.801577,-0.138857
-0.801568,-0.139212
-0.801558,-0.13956
-0.851959,-0.261831
-0.85164,-0.262266
-0.851329,-0.262691
-0.410961,-0.0795125
-0.409704,-0.0796762
-0.408474,-0.0798361
-0.407269,-0.0799923
-0.40609,-0.0801454
0.141806,-0.656417
0.140549,-0.656355
0.139332,-0.656297
0.138154,-0.656245
0.137012,-0.656196
-0.763487,-0.445108
-0.763356,-0.445124
-0.762611,-0.171026
-0.762092,-0.171049
-0.761584,-0.171072
-0.564555,-0.118284
-0.564105,-0.118636
-0.563664,-0.11898
-0.563234,-0.119318
-0.562815,-0.11965
0.0268258,-0.682255
0.0272188,-0.68226
0.0276043,-0.682264
0.0279842,-0.682269
0.0283572,-0.682274
0.0287232,-0.682279
0.0290833,-0.682284
0.0294372,-0.682289
0.123815,-0.645123
-0.85161,-0.911564
-0.851123,-0.910937
-0.850648,-0.910323
-0.850181,-0.909721
-0.711022,-0.893225
-0.710864,-0.89223
-0.710708,-0.891254
-0.710555,-0.890298
-0.602568,-0.375815
-0.953452,-0.426004
-0.953552,-0.426022
-0.953651,-0.426039
-0.940417,-0.148198
-0.940382,-0.148181
-0.94035,-0.148163
-0.940316,-0.148147
-0.940284,-0.148129
-0.406359,-0.555035
-0.660477,-0.601523
-0.660601,-0.60159
-0.660722,-0.601657
-0.660843,-0.601723
0.11705,-0.624033
0.117065,-0.623962
0.117079,-0.623893
0.117095,-0.623826
0.117112,-0.623759
0.0781449,-0.552057
0.078332,-0.552031
-0.811245,-0.378872
-0.810962,-0.378838
-0.810683,-0.378805
-0.810409,-0.378772
-0.810139,-0.37874
-0.809875,-0.378708
-0.711507,-0.364918
Pillar: 4.
4.86128,-1.01822
4.86128,-1.01822
4.86128,-1.01822
4.86128,-1.01822
4.86128,-1.01822
4.86128,-1.01822
4.86128,-1.01822
4.62634,-1.02807
4.62634,-1.02807
4.62634,-1.02807
4.72899,-1.0024
4.72709,-1.00209
4.72557,-1.00183
4.72432,-1.00161
4.80588,-1.01064
4.80588,-1.01064
4.80588,-1.01064
4.80588,-1.01064
5.53315,-0.962494
5.54068,-0.962226
5.54738,-0.961994
5.55337,-0.961791
5.55874,-0.961613
5.56358,-0.961456
5.56797,-0.961316
5.57195,-0.961192
5.71562,-0.871131
5.71984,-0.869545
5.72372,-0.868079
5.72729,-0.866721
5.73058,-0.865459
5.73361,-0.864286
5.73643,-0.863191
5.73904,-0.862169
5.35456,-0.145219
5.35313,-0.152158
5.35185,-0.158373
5.3507,-0.163961
5.34966,-0.169005
5.34872,-0.173573
5.34787,-0.177726
5.34709,-0.181511
5.34637,-0.184971
4.76414,-0.695818
4.76339,-0.697106
4.7627,-0.698297
4.76207,-0.699401
4.7615,-0.700428
4.76098,-0.701385
4.7605,-0.702278
4.77145,-0.663058
4.68605,-0.766917
4.85885,-0.724001
4.86821,-0.723056
4.82749,-0.841385
4.81853,-0.841886
4.81073,-0.842322
4.80386,-0.842706
4.79779,-0.843045
5.18098,-0.695434
5.17956,-0.697063
5.17828,-0.698533
4.18813,-0.824047
4.18754,-0.824189
4.18697,-0.824326
4.18642,-0.824458
3.96421,-1.25544
3.96883,-1.2534
3.97301,-1.25152
3.9768,-1.24977
4.01835,-1.23574
5.32083,-0.880879
5.31891,-0.880524
5.3171,-0.88019
5.31538,-0.879873
5.31376,-0.879575
4.93273,-0.964046
4.93668,-0.962836
4.94027,-0.961711
4.94356,-0.960662
4.94659,-0.959682
4.87269,-0.757022
4.87187,-0.757098
4.8711,-0.757172
4.51683,-0.761866
4.72543,-0.9789
4.72677,-0.978199
4.728,-0.977541
4.72914,-0.976921
4.87032,-0.914527
4.87249,-0.913982
4.51793,-0.566904
4.51755,-0.567457
4.51718,-0.567991
4.51684,-0.568504
4.5418,-0.484244
4.5411,-0.484542
4.54044,-0.484827
4.53981,-0.485099
4.82039,-0.661159
4.8654,-0.667251
4.59643,-0.686633
4.59605,-0.686768
4.5957,-0.686899
4.59535,-0.687027
4.59502,-0.687152
4.59471,-0.687273
4.59441,-0.687391
4.59412,-0.687505
4.59384,-0.687617
5.00474,-0.784286
5.00455,-0.78431
5.02154,-0.847457
4.89444,-1.21357
4.89549,-1.21283
4.89649,-1.21211
4.89745,-1.21143
4.89835,-1.21077
4.88573,-0.961664
4.88682,-0.961282
4.54538,-0.714495
4.54532,-0.714593
4.54527,-0.714688
4.54522,-0.714781
4.53209,-0.71476
4.53212,-0.714749
4.73948,-0.930313
4.73646,-0.929473
4.73363,-0.928679
4.73884,-0.0984743
4.28977,-0.92382
4.28647,-0.923992
4.28321,-0.924162
4.27999,-0.924333
4.27681,-0.924503
4.5,-0.449553
4.50019,-0.449962
4.50038,-0.450361
4.50057,-0.45075
4.50075,-0.451129
4.50093,-0.4515
4.5011,-0.451861
4.50127,-0.452214
4.50144,-0.452558
4.33036,-1.00139
5.00452,-0.896496
5.00435,-0.896392
5.00419,-0.896291
5.00403,-0.896192
5.00387,-0.896095
4.70825,-0.798518
4.70824,-0.798505
4.70822,-0.798491
4.70821,-0.798478
4.70819,-0.798465
4.70818,-0.798453
4.70817,-0.798441
4.70815,-0.798429
4.70814,-0.798417
4.94714,-0.863959
4.67127,-1.51275
4.68732,-0.750999
4.6874,-0.751046
4.68748,-0.751092
4.68756,-0.751137
4.68764,-0.751181
4.68772,-0.751224
4.68779,-0.751267
4.68878,-0.72252
4.68888,-0.722573
4.56165,-0.949638
4.56341,-0.949262
4.5651,-0.9489
4.56672,-0.94855
4.56827,-0.948213
4.56976,-0.947887
4.5712,-0.947572
4.66331,-0.839909
4.6634,-0.839887
4.6641,-0.839812
5.03919,-0.798609
5.0376,-0.798834
5.03608,-0.79905
5.0346,-0.79926
5.03317,-0.799462
5.03178,-0.799658
5.03044,-0.799847
5.0266,-0.570966
5.02506,-0.571307
5.02357,-0.57164
5.02212,-0.571965
5.02071,-0.572281
5.01935,-0.572589
5.01802,-0.572889
5.01673,-0.573182
4.79959,-0.597318
4.79911,-0.597486
4.79865,-0.597651
4.7982,-0.597813
4.79776,-0.59797
4.71966,-0.609825
4.72321,-0.609386
4.63455,-0.78335
4.63506,-0.783363
4.63556,-0.783376
4.63605,-0.783389
4.62659,-0.796833
4.62657,-0.796753
4.62654,-0.796673
4.90899,-0.361722
4.91057,-0.361274
4.91213,-0.360827
4.91368,-0.360382
4.91521,-0.359937
5.0272,-0.638077
5.02586,-0.638291
4.82775,-0.70282
4.82776,-0.702838
4.82778,-0.702857
4.83318,-0.804403
4.83307,-0.80431
4.83297,-0.804219
4.83288,-0.80413
4.85146,-0.728997
4.8514,-0.728963
4.85133,-0.72893
3.8334,-1.03348
3.83486,-1.03272
3.83629,-1.03198
3.8377,-1.03125
3.83907,-1.03054
4.70982,-0.48772
4.70857,-0.487755
4.70736,-0.487791
4.70618,-0.487828
4.70504,-0.487868
4.39703,-0.933408
4.3976,-0.933065
4.39816,-0.93273
4.62969,-0.590453
4.63015,-0.590683
4.6306,-0.590908
4.63104,-0.59113
4.63147,-0.591348
4.44322,-0.659927
4.44362,-0.660014
4.444,-0.6601
4.44438,-0.660185
4.44476,-0.660268
4.44512,-0.66035
4.44548,-0.660432
4.44584,-0.660512
4.5402,-0.669974
4.93098,-0.775321
4.93093,-0.775319
4.67937,-0.681768
4.67989,-0.681861
4.68039,-0.681954
4.68088,-0.682046
4.81965,-1.13032
4.8198,-1.12964
4.81994,-1.12897
4.82008,-1.12831
4.90839,-0.899169
4.98783,-1.28998
4.98754,-1.28924
5.04781,-0.810329
5.04771,-0.810303
5.04762,-0.810278
4.99989,-1.08397
4.99995,-1.08378
5.00001,-1.08359
5.00007,-1.08341
5.00012,-1.08322
4.92417,-0.863526
4.92425,-0.86348
5.30328,-0.683447
5.30316,-0.683466
5.30304,-0.683484
5.30291,-0.683503
4.28505,-0.818168
4.28506,-0.818182
4.28507,-0.818195
4.28509,-0.818209
4.2851,-0.818222
4.24187,-0.82278
4.24206,-0.822792
4.60372,-0.872161
4.60378,-0.872133
4.60384,-0.872105
4.46293,-0.991544
4.46322,-0.991493
4.4635,-0.991444
4.46377,-0.991394
4.46404,-0.991345
4.46431,-0.991297
4.56053,-0.995763
4.83842,-0.880722
4.8384,-0.880695
4.83838,-0.880668
4.83837,-0.880641
4.83835,-0.880615
4.18834,-0.89997
4.1893,-0.899657
4.19024,-0.89935
4.19117,-0.899049
4.19208,-0.898753
4.19297,-0.898462
Pillar: 5.
5.50956,-2.35908
5.50956,-2.35908
5.50956,-2.35908
5.50956,-2.35908
5.50956,-2.35908
5.50956,-2.35908
5.50956,-2.35908
5.13889,-2.38983
5.13889,-2.38983
5.13889,-2.38983
5.24799,-2.36172
5.24613,-2.36139
5.24463,-2.36112
5.24341,-2.3609
5.32124,-2.37135
5.32124,-2.37135
5.32124,-2.37135
5.32124,-2.37135
5.15538,-2.35303
5.15389,-2.35292
5.15258,-2.35282
5.15142,-2.35273
5.15039,-2.35265
5.14946,-2.35258
5.14863,-2.35251
5.14788,-2.35245
4.94483,-2.47257
4.94358,-2.47391
4.94244,-2.47515
4.94139,-2.47629
4.94042,-2.47736
4.93952,-2.47835
4.9387,-2.47928
5.01875,-2.43177
4.86864,-2.54348
5.01971,-2.50266
5.02897,-2.50172
4.49,-2.39786
4.48775,-2.3988
4.80702,-2.33475
4.8051,-2.33439
4.80328,-2.33406
4.80157,-2.33374
4.79995,-2.33344
4.41822,-2.41767
4.4222,-2.41647
4.42583,-2.41535
4.42914,-2.41432
4.43219,-2.41334
4.6023,-2.31443
4.60132,-2.31448
4.60038,-2.31452
4.25734,-2.32113
4.33406,-2.51039
4.33568,-2.50976
4.33718,-2.50917
4.33857,-2.50861
4.45502,-2.4397
4.45721,-2.43916
4.42377,-2.46371
4.42299,-2.46425
4.42224,-2.46476
4.42153,-2.46526
4.51534,-2.3832
4.51444,-2.3835
4.51359,-2.38378
4.51278,-2.38405
4.85509,-2.55999
4.91859,-2.56565
4.30229,-2.309
4.30174,-2.3091
4.30122,-2.3092
4.30071,-2.3093
4.30023,-2.3094
4.29976,-2.30949
4.29931,-2.30958
4.29887,-2.30967
4.29846,-2.30975
4.71642,-2.40769
4.71624,-2.40772
4.74259,-2.32648
4.43672,-2.64738
4.43808,-2.64673
4.43937,-2.64611
4.4406,-2.64551
4.44177,-2.64494
4.35361,-2.36956
4.35471,-2.36918
4.32081,-2.32811
4.32065,-2.32819
4.32051,-2.32827
4.32037,-2.32835
4.30793,-2.32843
4.30795,-2.32841
4.36338,-2.51547
4.36086,-2.51475
4.35851,-2.51407
3.62368,-2.22763
3.62031,-2.22777
3.61699,-2.22791
3.61371,-2.22805
3.61047,-2.22819
4.70064,-2.75587
4.70065,-2.75629
4.70066,-2.7567
4.70067,-2.75711
4.70068,-2.7575
4.7007,-2.75789
4.70071,-2.75826
4.70072,-2.75863
4.70073,-2.75899
3.87787,-2.43273
4.51041,-2.32312
4.51024,-2.32302
4.51007,-2.32292
4.50991,-2.32282
4.50976,-2.32272
4.34099,-2.29178
4.34096,-2.29176
4.34093,-2.29175
4.3409,-2.29173
4.34088,-2.29171
4.34085,-2.2917
4.34083,-2.29168
4.3408,-2.29167
4.34078,-2.29165
4.535,-2.34546
4.67512,-1.71453
4.58452,-3.2874
4.82714,-2.52226
4.82722,-2.52231
4.82729,-2.52236
4.82735,-2.5224
4.82742,-2.52245
4.82749,-2.52249
4.82755,-2.52254
4.7951,-2.49611
4.79519,-2.49616
4.43498,-2.33862
4.43644,-2.33822
4.43786,-2.33783
4.43921,-2.33746
4.44052,-2.3371
4.44178,-2.33675
4.443,-2.33642
4.80012,-2.38087
4.80022,-2.38085
4.7997,-2.38088
4.94119,-2.34252
4.9396,-2.34275
4.93807,-2.34296
4.93659,-2.34317
4.93515,-2.34337
4.93376,-2.34357
4.93242,-2.34376
5.04785,-2.54087
5.0463,-2.54121
5.0448,-2.54154
5.04335,-2.54187
5.04194,-2.54218
5.04057,-2.54249
5.03925,-2.54279
5.03796,-2.54309
4.94518,-2.55107
4.94467,-2.55124
4.94418,-2.55141
4.9437,-2.55157
4.94324,-2.55173
4.872,-2.56306
4.87546,-2.56263
5.5205,-2.53349
5.51417,-2.53147
5.50831,-2.52958
5.50287,-2.52781
5.4978,-2.52614
5.15127,-2.11378
5.15128,-2.11516
5.15128,-2.1165
5.15125,-2.11779
5.1512,-2.11904
5.50336,-2.34626
5.49962,-2.34601
5.49603,-2.34577
5.9255,-2.30146
5.92016,-2.30114
5.91504,-2.30084
4.57419,-2.3443
5.04862,-2.56506
5.04867,-2.56496
5.04872,-2.56487
5.49662,-2.08202
5.49861,-2.08143
5.50057,-2.08085
5.50251,-2.08027
5.50444,-2.07969
5.75643,-2.3033
5.75504,-2.30354
4.76088,-2.47207
4.76089,-2.47209
4.7609,-2.4721
4.70074,-2.56995
4.70064,-2.56986
4.70055,-2.56977
4.70046,-2.56968
4.69656,-2.49272
4.69646,-2.49268
4.69636,-2.49265
5.02154,-2.36862
5.02112,-2.36866
4.14723,-2.29035
4.14759,-2.29043
4.14795,-2.29051
4.1483,-2.29059
4.14864,-2.29067
4.14898,-2.29075
4.14931,-2.29082
4.14964,-2.2909
4.2268,-2.29714
4.61508,-2.402
4.61503,-2.402
4.79318,-2.40218
4.7931,-2.40216
4.79301,-2.40214
4.59963,-2.64558
4.59974,-2.6454
4.59984,-2.64523
4.59995,-2.64505
4.60005,-2.64488
4.44971,-2.40422
4.4498,-2.40417
4.49317,-2.3031
4.23614,-2.35772
4.23603,-2.35775
4.23592,-2.35778
4.23582,-2.3578
4.63324,-2.25885
4.63322,-2.25887
4.63321,-2.25889
4.63319,-2.25891
4.63317,-2.25893
4.56352,-2.26962
4.56369,-2.26963
4.92569,-2.31892
4.92575,-2.3189
4.92581,-2.31887
4.93663,-2.27695
4.93692,-2.27689
4.9372,-2.27684
4.93748,-2.27679
4.93776,-2.27674
4.93803,-2.27669
5.02979,-2.28279
4.68981,-2.31151
4.68979,-2.31148
4.68977,-2.31146
4.68976,-2.31143
4.68974,-2.3114
Pillar: 6.
12.1972,-0.841909
12.2048,-0.841904
12.2121,-0.841839
12.2192,-0.84172
12.226,-0.841555
12.9863,-0.431262
12.9858,-0.434129
12.9853,-0.436804
12.9849,-0.439305
12.9793,-0.0798446
12.9097,-0.483611
13.0854,-0.541221
13.0948,-0.540797
12.0885,-0.621452
12.0796,-0.622365
12.0718,-0.623194
12.0649,-0.623953
12.0589,-0.624651
12.4453,-0.685694
12.4439,-0.687323
12.4426,-0.688793
13.1037,-0.37322
13.1079,-0.367252
13.1118,-0.361744
13.1152,-0.356647
13.1583,-0.358728
13.389,-0.391928
13.393,-0.390508
13.3966,-0.389203
13.3998,-0.388001
13.4029,-0.386891
13.8036,-0.478251
13.2915,-0.312718
13.2927,-0.310439
13.2938,-0.308301
13.2949,-0.306294
13.4458,-0.38252
13.4479,-0.381891
12.7244,-0.585282
12.7237,-0.58643
12.723,-0.587528
12.7224,-0.588578
13.002,-0.498678
13.0451,-0.425094
13.0468,-0.429286
13.0453,-0.429914
13.044,-0.430487
13.0428,-0.431012
13.351,-0.169115
13.3519,-0.166586
13.3527,-0.164164
13.3534,-0.161842
13.3541,-0.159615
13.3854,-0.361192
13.3865,-0.360744
12.9816,-0.462613
12.9816,-0.462699
13.3194,-0.150422
13.3213,-0.151918
13.3231,-0.153308
13.3249,-0.154602
13.3266,-0.155809
13.3282,-0.156936
13.3298,-0.157991
12.4696,-0.510136
12.4681,-0.510385
12.4665,-0.510625
12.465,-0.510857
12.4636,-0.511082
12.4622,-0.511299
12.4609,-0.511509
12.3454,-0.543851
12.3439,-0.54421
12.3424,-0.544558
12.3409,-0.544896
12.3395,-0.545224
12.3382,-0.545543
12.3368,-0.545853
12.3355,-0.546154
12.6417,-0.514898
12.6412,-0.515176
12.6408,-0.515446
12.6403,-0.51571
12.6399,-0.515967
12.5615,-0.500273
12.565,-0.500238
12.5985,-0.457372
12.6041,-0.456255
12.6091,-0.455327
12.462,-0.0928211
12.4568,-0.0942191
12.4521,-0.0955137
12.4477,-0.0967158
12.4436,-0.0978341
12.6624,-0.441481
12.6642,-0.440994
11.8777,-0.406352
13.005,-0.440199
13.0055,-0.440212
13.006,-0.440225
13.0065,-0.440238
12.646,-0.474883
12.3309,-0.965217
12.3306,-0.964502
12.3303,-0.963832
12.3299,-0.963203
12.3296,-0.962611
12.5495,-0.885741
12.5513,-0.882647
12.6311,-0.312239
12.6279,-0.313902
12.6248,-0.315496
12.5725,-0.34593
12.5678,-0.347651
12.5632,-0.349305
13.6177,-0.33175
13.6139,-0.332665
11.616,-0.704949
11.6146,-0.70539
12.8787,-0.369762
12.8786,-0.369652
12.8785,-0.369542
12.8784,-0.369435
12.9018,-0.396822
12.9018,-0.396948
12.9017,-0.39707
12.8871,-0.407203
12.8866,-0.407421
12.8862,-0.407632
12.7486,-0.655888
12.7487,-0.655363
12.7487,-0.654855
12.7488,-0.654364
12.5496,-0.549994
12.5483,-0.550193
12.5471,-0.55039
12.5459,-0.550583
12.5448,-0.550773
12.6585,-0.595888
12.658,-0.595655
11.756,-0.706406
11.7565,-0.706468
11.7569,-0.70653
11.7574,-0.706592
11.7578,-0.706654
12.4217,-0.258383
12.4219,-0.258135
12.4221,-0.257891
12.4223,-0.25765
12.5454,-0.422317
12.5223,0.0456073
12.522,0.0463421
12.9523,-0.224112
12.9523,-0.223691
12.9524,-0.223277
12.9524,-0.22287
12.9524,-0.222468
12.9086,-0.384912
12.9087,-0.384803
Pillar: 7.
13.3966,-1.63682
13.3958,-1.63978
13.3951,-1.64254
13.3945,-1.64512
13.4356,-1.26879
13.3223,-1.68841
13.4832,-1.75097
13.4925,-1.75057
14.0721,-1.63947
14.076,-1.63803
14.0796,-1.63671
14.083,-1.6355
14.086,-1.63438
14.0026,-1.4874
14.004,-1.48499
14.0054,-1.48273
14.0066,-1.48061
14.1384,-1.56819
14.1406,-1.56756
13.1435,-1.89354
13.1426,-1.89473
13.1418,-1.89587
13.141,-1.89696
13.463,-1.79276
13.5186,-1.71463
13.4828,-1.73197
13.4814,-1.7326
13.48,-1.73318
13.4788,-1.7337
13.1748,-1.48021
13.172,-1.47669
13.1693,-1.47335
13.7065,-1.89247
13.708,-1.89405
13.7095,-1.89552
13.711,-1.89688
13.7123,-1.89816
13.7137,-1.89935
13.715,-1.90046
12.9142,-1.76789
12.9158,-1.76762
12.9174,-1.76737
12.9188,-1.76714
12.9202,-1.76693
12.9214,-1.76674
12.9047,-1.93092
12.9011,-1.93265
12.8976,-1.93432
12.5107,-1.95108
12.5055,-1.95279
12.5005,-1.95442
13.6094,-1.93807
13.6059,-1.93899
13.365,-1.73528
13.3648,-1.73517
13.3648,-1.73506
13.3647,-1.73495
13.3707,-1.76842
13.3706,-1.76856
13.3705,-1.76869
13.3185,-1.79103
13.3181,-1.79124
13.3177,-1.79145
13.4072,-1.60265
13.4073,-1.60208
13.4074,-1.60153
13.4075,-1.601
12.8922,-1.71416
12.8909,-1.71436
12.8897,-1.71457
12.8885,-1.71477
12.8873,-1.71496
13.2638,-1.64765
13.2634,-1.6474
Pillar: 8.
20.2215,-0.165373
20.2201,-0.165621
20.2187,-0.165861
20.2174,-0.166092
20.319,-0.642324
20.3176,-0.642655
20.3163,-0.642975
20.315,-0.643287
20.69,-0.382473
20.6896,-0.382832
20.6106,-0.338859
20.6142,-0.33924
20.6484,-0.34034
20.6541,-0.340803
20.6591,-0.341213
20.548,-0.341652
20.548,-0.341652
20.548,-0.341652
20.4351,-0.482826
20.4298,-0.488158
20.4249,-0.493111
20.4203,-0.497725
20.4161,-0.502035
20.6449,-0.377104
20.6466,-0.377258
20.5882,-0.382091
20.5882,-0.382091
20.5882,-0.382091
21.2501,-0.0272951
20.8801,-0.045068
20.9663,0.00650835
20.968,0.00664514
20.9696,0.00677067
20.971,0.00688624
20.9724,0.00699365
20.9736,0.00709337
20.6472,-0.0930779
20.6466,-0.0899382
20.6461,-0.086946
20.6455,-0.0840922
20.6449,-0.0813678
20.8479,0.143474
20.8496,0.146568
20.1242,-0.341226
20.1203,-0.340505
Pillar: 9.
20.6386,-1.4939
20.6372,-1.49415
20.6358,-1.49439
20.6344,-1.49462
20.5827,-2.10544
20.5813,-2.10578
20.58,-2.1061
20.5787,-2.10641
20.6615,-1.92225
20.661,-1.9226
20.5875,-1.87872
20.5909,-1.8791
20.6167,-1.88005
20.6221,-1.88051
20.6269,-1.88091
20.5152,-1.88134
20.5151,-1.88134
20.5151,-1.88134
20.1826,-1.99269
20.1766,-1.9979
20.1709,-2.00274
20.1657,-2.00724
20.1609,-2.01145
20.4787,-1.89889
20.4803,-1.89903
20.3866,-1.89959
20.3866,-1.89959
20.3866,-1.89959
20.6679,-2.28347
20.3002,-2.19807
20.7474,-2.21244
20.7491,-2.2123
20.7506,-2.21217
20.752,-2.21205
20.7534,-2.21194
20.7546,-2.21184
20.0028,-1.80244
19.9993,-1.80175
FEATURES.
Feature: 1.
-3.51972,-2.60256
-3.51972,-2.60256
-3.51972,-2.60256
-3.51972,-2.60256
-3.51972,-2.60256
-3.51972,-2.60256
-3.51972,-2.60256
-3.51972,-2.60256
-3.51972,-2.60256
-3.51972,-2.60256
-3.51972,-2.60256
-3.91472,-2.7802
-3.89769,-2.76476
-3.88038,-2.74906
-3.86189,-2.7323
-3.84593,-2.71783
-3.8316,-2.70483
-3.81853,-2.69298
-3.79677,-2.68302
-3.77832,-2.67467
-3.76185,-2.66716
-3.96865,-2.64953
-3.95524,-2.67084
-3.94185,-2.68461
-3.92833,-2.69345
-3.9141,-2.69831
-3.89947,-2.69674
-3.88394,-2.69556
-3.86827,-2.69342
-3.85222,-2.69
-3.83542,-2.68259
-3.29999,-2.18606
-3.31292,-2.21097
-3.32606,-2.23597
-3.31922,-2.24595
-3.31467,-2.25736
-3.31246,-2.26964
-3.31109,-2.28578
-3.31246,-2.29957
-3.31577,-2.31251
-3.32002,-2.32498
-3.29927,-2.85618
-3.30327,-2.83662
-3.30729,-2.81668
-3.29562,-2.76297
-3.29195,-2.71937
-3.28915,-2.68459
-3.29383,-2.6556
-3.30309,-2.63126
-3.31584,-2.61174
-3.33027,-2.59685
-3.8301,-2.43633
-3.83929,-2.43666
-3.84864,-2.43703
-3.91011,-2.46397
-3.96312,-2.48719
-4.00848,-2.50683
-4.05438,-2.52257
-4.08856,-2.53607
-4.11599,-2.54732
-4.13878,-2.55654
-3.63827,-1.59184
-3.64074,-1.64737
-3.65633,-1.72775
-3.66667,-1.80385
-3.66981,-1.8759
-3.66529,-1.9438
-3.65363,-2.00734
-3.63586,-2.06641
-3.61326,-2.121
-4.61652,-0.414575
-4.63221,-0.605566
-4.62847,-0.7801
-4.59735,-0.942158
-4.55166,-1.08498
-4.49854,-1.21095
-4.4399,-1.32179
-4.37191,-1.4238
-4.30534,-1.51284
-0.745022,-4.38825
-0.970358,-4.35985
-1.14752,-4.30846
-1.31407,-4.24284
-1.89661,-3.62919
-1.99492,-3.61661
-2.08736,-3.60263
-2.16167,-3.56395
-3.60493,-2.26056
-3.586,-2.28507
-3.56652,-2.30719
-3.54629,-2.32833
-3.52635,-2.348
-3.83271,-2.20067
-3.78911,-2.23017
-3.74279,-2.26332
-3.69631,-2.2988
-3.63383,-2.30622
-3.56866,-2.31314
-3.51253,-2.32219
-3.4614,-2.33201
-2.78071,-3.14081
-2.8077,-3.12873
-2.8363,-3.11563
-2.86869,-3.07687
-2.90155,-3.03588
-2.9338,-2.99403
-2.95544,-2.93829
-2.97011,-2.88947
-2.98354,-2.84209
-2.98876,-2.81207
-1.41346,-3.0659
-1.53407,-3.05359
-1.65335,-3.0351
-1.76647,-3.01267
-1.87322,-2.98616
-1.95762,-2.95969
-2.04261,-2.92756
-2.11956,-2.89133
-2.43147,-2.1244
-2.46449,-2.13357
-2.49932,-2.14667
-2.53183,-2.15858
-2.56165,-2.16975
-2.58897,-2.18035
Feature: 2.
-3.42318,-0.869143
-3.42318,-0.869143
-3.42318,-0.869143
-3.42318,-0.869143
-3.42318,-0.869143
-3.42318,-0.869143
-3.42318,-0.869143
-3.42318,-0.869143
-3.42318,-0.869143
-3.42318,-0.869143
-3.42318,-0.869143
-3.52124,-1.13854
-3.50422,-1.12311
-3.4869,-1.10741
-3.46841,-1.09064
-3.45246,-1.07618
-3.43812,-1.06318
-3.42505,-1.05133
-3.40431,-1.04113
-3.38677,-1.03256
-3.37107,-1.02486
-3.50832,-1.02691
-3.51407,-1.0429
-3.51743,-1.05223
-3.51855,-1.05733
-3.51711,-1.05904
-3.51365,-1.0548
-3.50788,-1.05136
-3.50072,-1.0473
-3.49211,-1.04224
-3.48179,-1.03342
-3.12345,-0.574808
-3.13639,-0.599724
-3.14953,-0.624717
-3.13337,-0.635749
-3.12074,-0.648114
-3.11152,-0.661256
-3.10406,-0.678164
-3.10015,-0.692644
-3.09889,-0.706199
-3.09916,-0.719206
-3.41324,-1.16129
-3.41724,-1.14173
-3.42126,-1.12179
-3.37981,-1.06634
-3.35025,-1.02165
-3.32495,-0.986255
-3.31009,-0.956962
-3.30237,-0.932548
-3.30037,-0.91309
-3.30199,-0.898373
-2.82096,-0.994224
-2.83014,-0.994554
-2.8395,-0.994924
-2.91357,-1.01314
-2.97759,-1.02885
-3.03259,-1.04202
-3.08692,-1.05218
-3.12846,-1.06086
-3.16231,-1.06795
-3.19072,-1.07357
-3.3018,-0.266287
-3.30428,-0.321815
-3.34751,-0.395482
-3.38193,-0.466225
-3.40603,-0.53399
-3.41975,-0.598429
-3.42393,-0.659178
-3.41993,-0.715976
-3.40929,-0.768709
-4.37079,1.31758
-4.44718,1.13412
-4.49622,0.964395
-4.51658,0.805478
-4.51558,0.66415
-4.50123,0.538547
-4.47619,0.427338
-4.43732,0.32448
-4.39596,0.234309
-0.919095,-3.03712
-1.08624,-3.00249
-1.21228,-2.94771
-1.33434,-2.88069
-2.54617,-1.6787
-2.57648,-1.64477
-2.60924,-1.61417
-2.66101,-1.5697
-4.68931,1.80639
-2.4775,-1.77069
-2.49783,-1.7444
-2.51985,-1.71743
-2.54228,-1.69077
-2.56543,-1.66342
-2.58042,-1.64748
-2.59968,-1.62851
-2.62306,-1.60542
-2.81919,-0.76524
-2.85495,-0.77977
-2.89435,-0.795936
-2.92033,-0.847195
-2.99994,-0.77803
-3.06148,-0.751494
-3.12164,-0.729441
-3.18277,-0.700682
-3.23274,-0.685331
-3.27021,-0.682427
-3.29532,-0.690193
-3.39195,0.603058
-3.42018,0.485994
-3.43603,0.368877
-3.44003,0.253188
-2.78565,-1.84315
-2.7774,-1.8314
-2.77542,-1.81939
-2.80395,-1.7808
-2.83347,-1.73999
-2.86283,-1.69829
-2.89151,-1.64219
-2.91371,-1.59302
-2.93227,-1.54543
-2.94195,-1.51524
-3.53318,-0.496611
-3.50437,-0.5216
-3.47418,-0.545487
-3.44026,-0.569403
-3.40243,-0.603087
-3.36404,-0.627059
-3.32629,-0.651003
-3.29006,-0.674691
-2.94914,-1.2996
-2.98236,-1.28133
-3.0166,-1.26125
-3.04989,-1.24132
-3.08538,-1.2186
-2.98219,-1.19311
-2.982,-1.18357
-2.98178,-1.17304
-2.98164,-1.1608
-2.98144,-1.14774
-2.98113,-1.13456
-2.71103,-0.912681
-2.73686,-0.920213
-2.76544,-0.931927
-2.79251,-0.942662
-2.81762,-0.952836
-2.84085,-0.962578
Feature: 3.
-1.39663,-0.282815
-1.39663,-0.282815
-1.39663,-0.282815
-1.39663,-0.282815
-1.39663,-0.282815
-1.39663,-0.282815
-1.39663,-0.282815
-1.39663,-0.282815
-1.39663,-0.282815
-1.39663,-0.282815
-1.39663,-0.282815
-1.88746,-0.714024
-1.897,-0.710941
-1.90386,-0.703674
-1.90817,-0.694329
-1.90961,-0.683472
-1.90875,-0.668296
-1.9053,-0.655332
-1.90022,-0.642977
-1.89345,-0.630699
-1.88476,-0.615601
-1.96577,-1.31182
-1.94526,-1.30146
-1.9245,-1.29143
-1.90474,-1.28232
-1.88401,-1.2732
-1.86329,-1.26452
-1.84329,-1.25658
-1.82452,-1.24954
-1.80726,-1.24345
-0.902537,0.55872
-0.96461,0.534821
-1.0162,0.506912
-1.05581,0.476038
-1.08345,0.44339
-1.10005,0.410056
-1.10708,0.376911
-1.10619,0.344598
-1.48084,1.06876
-1.5503,0.986487
-1.59619,0.904554
-1.61605,0.831155
-1.61666,0.763954
-1.60523,0.702561
-1.58387,0.646945
-1.54905,0.592205
-1.51186,0.543672
-1.47076,0.49882
-1.44285,0.445841
1.10404,-1.41576
1.00465,-1.46951
0.934787,-1.49445
0.859058,-1.49835
-0.102656,-0.776191
-0.10314,-0.827515
-0.112399,-0.87181
-0.155931,-0.855651
-2.06506,1.70858
-0.998204,-0.0224726
-0.998385,-0.0249239
-0.995628,-0.028042
-0.990015,-0.0327938
-0.982832,-0.0383424
-0.148924,-0.635584
-0.156937,-0.634908
-0.168487,-0.630322
-0.181973,-0.623202
-0.197485,-0.612911
-0.193972,-0.639704
-0.197856,-0.657969
-0.208396,-0.667268
-0.224388,-0.668125
0.235166,-0.812611
0.17857,-0.794142
0.116995,-0.774398
0.0538461,-0.75435
-0.030124,-0.739207
-0.0567721,-0.756964
-0.0840487,-0.765624
-0.114776,-0.768271
-0.273035,-0.671617
-0.239294,-0.705192
-0.204471,-0.737459
-0.171039,-0.765834
-0.139843,-0.788993
-0.125128,-0.786011
-0.111871,-0.782292
-0.1029,-0.779016
-0.427712,-0.0595703
-0.388327,-0.120782
-0.355173,-0.172521
-0.325969,-0.217985
-0.299873,-0.258713
-0.276375,-0.295326
-0.252166,-0.332948
-0.232331,-0.363815
-0.212183,-0.394998
-1.01487,1.78156
-1.17098,1.77346
-1.22636,1.70576
-1.25993,1.62947
-1.28577,1.54148
-1.29723,1.44672
0.968582,-2.15015
0.912997,-2.16462
0.857216,-2.15565
0.804077,-2.13166
0.754158,-2.09699
0.703295,-2.0454
0.653294,-1.98029
0.657373,-1.97972
0.658133,-1.95531
-0.575566,0.761109
-0.628936,0.798709
-0.641789,0.717682
-0.649414,0.639722
-0.653228,0.553965
-0.654449,0.47799
-1.10007,1.24641
-1.14614,1.24142
-1.17402,1.22252
-1.18327,1.18898
-1.1753,1.14195
-1.16058,1.09155
-1.13295,1.03148
-1.09505,0.963456
-1.04979,0.889554
-0.328299,-0.158742
-0.368828,-0.129295
-0.40161,-0.109054
-0.429711,-0.0948781
-0.451348,-0.0876278
-0.46596,-0.0872204
-0.473844,-0.093009
-0.475805,-0.104066
-0.472887,-0.119376
0.0732517,-1.29519
0.0106491,-1.29924
-0.0235943,-1.30167
-0.140695,-1.19839
-0.250618,-1.10072
-0.329965,-1.02966
-0.394479,-0.970966
-0.458231,-0.911595
-0.507363,-0.862911
-0.202783,-0.197606
-0.238546,-0.212136
-0.277948,-0.228302
-0.29875,-0.303981
-0.389991,-0.181417
-0.462525,-0.108704
-0.532883,-0.046708
-0.612536,0.0487614
-0.680007,0.121706
-0.733743,0.174362
-0.773785,0.209604
-1.7068,0.550014
-1.70706,0.521657
-1.69243,0.492659
-1.66763,0.462694
-1.61731,0.433816
-1.56509,0.40489
-1.5044,0.374579
-0.878778,1.31585
-0.922676,1.25187
-0.953038,1.18058
-0.970331,1.10448
-1.27646,0.311099
-1.23286,0.281602
-1.18653,0.248449
-1.14006,0.212969
-1.09214,0.220292
-1.03976,0.226165
-0.994856,0.228252
-0.953587,0.22812
1.62401,-2.76677
1.51039,-2.76682
1.40169,-2.73379
1.29852,-2.68105
1.20521,-2.61742
-0.516789,-0.636858
-0.476632,-0.687158
-0.448314,-0.729707
-0.473606,-0.698065
-0.500344,-0.663266
-0.527309,-0.626767
-0.561837,-0.557992
-0.590382,-0.495301
-0.613299,-0.438528
-0.626796,-0.400376
-0.503676,-0.312686
-0.475967,-0.320355
-0.446807,-0.329218
-0.413848,-0.3401
-0.377582,-0.353932
-0.339921,-0.369227
-0.302827,-0.385646
-0.267179,-0.402808
-0.233583,-0.420358
0.766699,-1.55693
0.664735,-1.57193
0.561396,-1.57738
0.461926,-1.5759
0.366889,-1.56773
0.307929,-1.58223
0.244419,-1.58608
0.185662,-1.58137
0.123873,-1.5679
-0.533589,-0.785635
-0.544193,-0.789011
-0.557362,-0.788675
-0.572635,-0.784926
-0.563002,-0.793718
-0.561993,-0.792112
-0.564343,-0.783917
-0.570306,-0.768992
-1.07674,-0.254412
-1.02879,-0.276725
-1.00044,-0.302608
-0.970401,-0.330006
-0.940119,-0.357565
0.589487,-1.09225
0.555232,-1.05692
0.520023,-1.02203
0.485841,-0.98926
0.449536,-0.955401
0.419386,-0.927031
0.391694,-0.896806
-0.821616,-0.58908
-0.82256,-0.575513
-0.823325,-0.561492
-0.824045,-0.546215
-0.824606,-0.530518
-0.824946,-0.515051
-0.825045,-0.500271
Feature: 4.
4.86128,-1.01822
4.86128,-1.01822
4.86128,-1.01822
4.86128,-1.01822
4.86128,-1.01822
4.86128,-1.01822
4.86128,-1.01822
4.43264,-1.20369
4.44859,-1.18922
4.46293,-1.17623
4.476,-1.16438
4.4968,-1.14924
4.51441,-1.13637
4.53015,-1.12491
4.54454,-1.11453
4.56832,-1.10503
4.5882,-1.09708
4.60584,-1.09003
5.76109,0.0476797
5.82167,-0.058313
5.86553,-0.154098
5.90151,-0.240872
5.92434,-0.317799
5.93799,-0.385713
5.94439,-0.446495
5.94602,-0.501504
6.21853,-1.42779
6.14789,-1.36711
6.08629,-1.31414
6.03297,-1.26753
5.97979,-1.22565
5.93901,-1.18902
5.90563,-1.15666
5.87749,-1.12792
5.05785,-0.29664
5.07836,-0.286284
5.09913,-0.276256
5.11888,-0.267146
5.13961,-0.258025
5.16034,-0.249346
5.18033,-0.241404
5.1991,-0.234362
5.21636,-0.228279
3.65546,-0.624731
3.6784,-0.542647
3.71118,-0.474076
3.74873,-0.41711
3.79061,-0.369686
3.8416,-0.334818
3.89161,-0.30549
3.9429,-0.282737
3.98261,-0.249067
4.03703,-0.250031
4.10173,-0.247349
4.47045,-0.950704
4.47796,-0.906666
4.48706,-0.869409
4.49794,-0.839109
4.50951,-0.814235
4.52422,-0.781076
4.58165,-0.763517
4.63002,-0.749725
4.64912,-0.855966
4.6384,-0.907922
4.62402,-0.949071
4.60773,-0.981697
4.58951,-1.00595
4.58518,-1.11873
4.57327,-1.21125
4.55486,-1.28466
4.53137,-1.34086
5.12801,-0.816745
5.14155,-0.820333
5.15631,-0.82434
5.17144,-0.828563
5.1838,-0.832122
5.19458,-0.835317
5.17143,-0.849099
5.15244,-0.860234
5.13583,-0.869826
5.12096,-0.878289
5.62889,-1.04813
5.5725,-1.02511
5.51109,-1.0015
5.44807,-0.978169
5.36443,-0.955054
5.33536,-1.0265
5.30556,-1.08163
5.27233,-1.12448
5.24142,-1.15547
5.22806,-1.18617
4.29808,-0.272319
4.33565,-0.352483
4.37342,-0.425356
4.40913,-0.489129
4.44186,-0.539002
4.45687,-0.541467
4.47038,-0.542539
4.47957,-0.543485
4.48838,-0.543307
4.51067,-0.531678
4.20057,-0.032261
4.23999,-0.102037
4.27317,-0.161278
4.30239,-0.213318
4.32849,-0.259817
4.35198,-0.3015
4.37618,-0.34358
4.39601,-0.378373
4.41614,-0.413019
4.43576,-0.446275
4.49698,-0.484359
4.51523,-0.390505
4.44339,-0.170468
4.42464,-0.128954
4.41558,-0.127945
4.41561,-0.130103
4.4256,-0.149887
4.44388,-0.182907
4.493,-0.247913
5.50832,-1.45383
5.46744,-1.57205
5.42251,-1.65344
5.37734,-1.70809
5.33324,-1.74185
5.28658,-1.74947
5.23961,-1.73582
5.248,-1.83735
5.25065,-1.90146
4.1551,0.0890192
4.11952,0.26665
4.11045,0.220606
4.10591,0.17301
4.1046,0.1136
4.10544,0.0604815
3.71749,0.196304
3.69945,0.329319
3.69269,0.430798
3.69935,0.50212
3.71928,0.546346
3.74301,0.575308
3.77741,0.584191
3.8204,0.576068
3.86948,0.554175
4.60866,-1.41913
5.26852,-1.7764
5.24111,-1.71828
5.2117,-1.6541
5.18214,-1.58728
5.15383,-1.52059
4.61628,-0.909443
4.58589,-0.809882
4.5611,-0.728662
4.53933,-0.661472
4.52273,-0.608146
4.51214,-0.567704
4.50749,-0.538713
4.50814,-0.519561
4.51318,-0.508636
4.52161,-0.504431
5.43586,-1.8531
5.39479,-1.91874
5.2817,-1.77918
5.17506,-1.64999
5.09841,-1.55156
5.03613,-1.46908
4.97423,-1.38907
4.92665,-1.32246
4.88754,-1.26525
4.86142,-1.2269
5.32799,-1.35944
5.2629,-1.31886
5.19229,-1.27983
5.12061,-1.24317
5.0512,-1.20931
4.99889,-1.18306
4.95496,-1.1611
5.5123,-1.22914
5.44782,-1.21811
5.38198,-1.20994
5.31297,-1.19476
5.34747,-1.34954
5.37168,-1.4728
5.38525,-1.56465
5.38913,-1.62728
5.38492,-1.66412
5.37438,-1.67917
4.77469,-0.706287
4.83674,-0.847021
4.89694,-0.967157
4.95151,-1.06396
4.99845,-1.13706
5.02776,-1.18804
5.05358,-1.22093
5.075,-1.2374
4.59091,0.149582
4.60691,0.104645
4.62222,0.061216
4.63868,0.013265
4.65273,-0.0279719
4.6654,-0.0657824
4.66939,-0.0981849
4.75151,-0.586931
4.74363,-0.60062
4.73497,-0.615698
4.72717,-0.629301
4.97766,-1.76658
4.91517,-1.53601
4.86582,-1.36903
4.81424,-1.22483
4.76326,-0.990708
4.7178,-0.796644
4.68098,-0.638284
4.65398,-0.51085
4.64136,-0.424157
4.62426,-0.333971
3.65047,-0.794384
3.68415,-0.679371
3.72515,-0.583196
3.7705,-0.504013
3.83253,-0.464453
3.89423,-0.433843
3.96263,-0.412379
4.02345,-0.396262
4.0835,-0.384814
4.14003,-0.377471
3.05837,-0.926242
3.11281,-0.894626
3.17076,-0.86751
3.22045,-0.84684
3.26584,-0.830703
5.96855,-1.34543
5.90429,-1.50628
5.83362,-1.61427
5.7598,-1.68491
5.68919,-1.72905
4.72724,-1.37523
4.70001,-1.35901
4.67155,-1.33755
4.64307,-1.31257
4.61219,-1.2157
4.58738,-1.12293
4.5669,-1.04567
4.55546,-0.989709
3.90953,-0.481957
3.93814,-0.464389
3.96796,-0.451347
4.0014,-0.443219
4.03825,-0.428078
4.0761,-0.430704
4.11334,-0.436132
4.14908,-0.443763
4.18275,-0.453046
4.23076,-0.467627
4.32482,-0.484383
6.25121,-0.80547
6.15819,-0.88893
6.06194,-0.95399
5.9681,-1.00443
5.87757,-1.04146
5.82727,-1.1563
5.7698,-1.24741
5.71517,-1.31858
5.65612,-1.37107
5.61855,-1.41721
5.54871,-1.41168
5.4787,-0.662086
5.46916,-0.739248
5.45619,-0.796142
5.44065,-0.842076
5.44805,-0.967127
5.44531,-1.06639
5.43832,-1.14568
5.4273,-1.20663
5.41283,-1.25142
5.40672,-1.29236
4.93509,-0.348743
4.96343,-0.375931
4.99345,-0.404456
5.02372,-0.432987
4.74759,-1.43879
4.71496,-1.3834
4.68108,-1.3311
4.648,-1.28322
4.6126,-1.23624
4.5832,-1.1965
4.55549,-1.16644
4.53031,-1.13907
4.53609,-1.11775
4.54215,-1.09544
4.44337,-1.2763
4.44369,-1.25292
4.44402,-1.23037
4.44423,-1.20769
4.44448,-1.18556
4.44483,-1.1645
4.44532,-1.14486
3.95524,-1.91988
4.01524,-1.84752
4.07642,-1.77386
4.135,-1.70348
4.18976,-1.63781
4.62245,-0.358494
4.59977,-0.409535
4.57373,-0.459021
4.54869,-0.502546
4.52523,-0.54118
4.50335,-0.575622
Feature: 5.
5.50956,-2.35908
5.50956,-2.35908
5.50956,-2.35908
5.50956,-2.35908
5.50956,-2.35908
5.50956,-2.35908
5.50956,-2.35908
4.9452,-2.56545
4.96115,-2.55098
4.97548,-2.53799
4.98856,-2.52614
5.01021,-2.51068
5.02856,-2.49753
5.04495,-2.48583
5.0599,-2.47524
5.08368,-2.46573
5.10356,-2.45778
5.12121,-2.45073
5.26143,-1.68217
5.27134,-1.74181
5.27831,-1.79635
5.28244,-1.84608
5.28536,-1.89474
5.28522,-1.93677
5.28291,-1.97424
5.27947,-2.008
3.43741,-2.39729
3.5127,-2.32086
3.59099,-2.25594
3.66805,-2.2012
3.74421,-2.155
3.82493,-2.12066
3.9007,-2.09138
3.97431,-2.06838
4.04257,-2.03398
4.11317,-2.03433
4.18905,-2.03113
5.42408,-2.49215
5.36186,-2.53855
4.61419,-2.27061
4.62773,-2.2742
4.64249,-2.27821
4.65762,-2.28243
4.66998,-2.28599
4.68077,-2.28918
4.65753,-2.30293
4.63846,-2.31404
4.62179,-2.32361
4.60686,-2.33206
5.34856,-2.60378
5.29347,-2.581
5.23318,-2.55759
5.17112,-2.53442
5.08977,-2.51172
5.04522,-2.58035
5.00204,-2.63292
4.95724,-2.67346
4.91634,-2.70239
4.89102,-2.73053
4.3507,-2.17073
4.36893,-2.25134
4.38985,-2.32443
4.41088,-2.38827
4.43254,-2.43812
4.44529,-2.44058
4.45681,-2.44163
4.46425,-2.44257
4.47152,-2.44238
4.5006,-2.4308
3.92924,-1.65859
3.96566,-1.72787
3.9962,-1.78666
4.02311,-1.83831
4.04718,-1.88445
4.0689,-1.92583
4.09153,-1.96764
4.10998,-2.00219
4.1289,-2.03662
4.14745,-2.06968
4.20866,-2.10777
3.79752,-1.71346
3.78042,-1.52169
3.78799,-1.49277
3.79761,-1.50033
3.81842,-1.51165
3.84659,-1.53916
3.88078,-1.5787
3.93396,-1.64534
5.56508,-3.08201
5.48704,-3.2011
5.40982,-3.28256
5.33662,-3.33675
5.26817,-3.36972
5.20048,-3.37635
5.13526,-3.36163
5.1075,-3.46045
5.07889,-3.52154
3.38164,-0.997922
3.38191,-1.04937
3.38549,-1.10159
3.39126,-1.16497
3.39825,-1.2215
3.41745,-2.09919
3.46508,-1.97381
3.51548,-1.87743
3.57183,-1.80939
3.63493,-1.76714
3.69614,-1.73924
3.76307,-1.73079
3.83428,-1.73891
3.90785,-1.76053
4.21839,-2.86867
4.77441,-3.20303
4.74699,-3.1449
4.71759,-3.08073
4.68803,-3.01391
4.65972,-2.94722
4.09092,-2.35468
4.08106,-2.26242
4.07417,-2.1873
4.068,-2.12522
4.06498,-2.0762
4.06622,-2.03939
4.07186,-2.01348
4.08146,-1.99694
4.09428,-1.98824
4.10947,-1.98594
5.49846,-1.84905
5.50627,-3.62847
5.44449,-3.69482
5.34329,-3.55489
5.24697,-3.42531
5.17928,-3.32649
5.12477,-3.24365
5.06961,-3.16328
5.02788,-3.09635
4.99385,-3.03885
4.96773,-3.00049
5.17029,-2.74525
5.10928,-2.70512
5.04218,-2.66648
4.97351,-2.63015
4.90668,-2.59656
4.85658,-2.57053
4.81454,-2.54876
5.64912,-2.7701
5.58464,-2.75906
5.51758,-2.751
5.44858,-2.73583
5.45235,-2.893
5.44986,-3.01784
5.44022,-3.11069
5.42394,-3.1739
5.40222,-3.21104
5.37648,-3.22619
5.06426,-2.65491
5.09116,-2.80054
5.12077,-2.92442
5.14873,-3.02408
5.17254,-3.09938
5.18175,-3.15203
5.1901,-3.18621
5.19634,-3.20368
4.71582,-1.8056
4.73454,-1.85036
4.75222,-1.89364
4.77073,-1.94145
4.78655,-1.98257
4.80076,-2.02027
4.80699,-2.05252
5.84722,-3.20503
5.82808,-3.22619
5.80917,-3.2348
5.79043,-3.23394
5.77166,-3.22139
5.34789,-1.87752
5.34203,-1.94037
5.33552,-1.99555
5.32827,-2.04466
5.32063,-2.08302
5.51581,-2.28168
5.49351,-2.2064
5.47186,-2.14709
6.61616,-3.09031
6.57922,-3.12399
6.54273,-3.14035
5.01187,-1.64164
5.1218,-3.57875
5.09628,-3.34486
5.07896,-3.17438
5.05515,-3.02669
5.05069,-2.78574
5.04551,-2.58476
5.04359,-2.41965
5.04682,-2.28579
5.06042,-2.19309
5.08519,-2.09246
3.22925,-2.51406
3.30895,-2.40967
3.39012,-2.32172
3.47049,-2.24892
3.55448,-2.21299
3.63528,-2.18531
3.72028,-2.16623
3.79555,-2.15204
3.8652,-2.14181
3.93007,-2.13549
5.62214,-1.75149
5.55694,-1.76376
3.54309,-2.098
3.58094,-2.0825
3.6188,-2.07121
3.65922,-2.06458
3.70671,-2.05164
3.74923,-2.05522
3.7905,-2.06145
3.82976,-2.06978
3.86647,-2.07965
3.91486,-2.09431
4.00892,-2.11106
5.35933,-2.26975
5.33007,-2.34533
5.30182,-2.40083
5.27303,-2.44543
5.24946,-2.56694
5.21989,-2.66264
5.18968,-2.73848
5.15854,-2.79616
5.12663,-2.83791
5.09542,-2.87411
3.82279,-2.00247
3.87074,-2.02479
3.8987,-2.05174
3.92841,-2.08007
3.95841,-2.10842
5.04282,-2.89125
5.01719,-2.83441
4.98939,-2.78084
4.96156,-2.73182
4.93072,-2.68386
4.90528,-2.64324
4.87752,-2.61319
4.85229,-2.58584
4.85806,-2.56452
4.86412,-2.54221
4.89883,-2.56828
4.90156,-2.54404
4.90398,-2.52075
4.90601,-2.49742
4.90783,-2.47472
4.90954,-2.45318
4.91123,-2.43311
3.80663,-3.35067
3.86663,-3.2783
3.92781,-3.20465
3.98639,-3.13427
4.04115,-3.06859
Feature: 6.
11.8296,-1.61685
11.8292,-1.47449
11.8343,-1.35578
11.8446,-1.25687
11.8594,-1.17453
11.9247,-1.34638
11.9829,-1.14175
12.0456,-0.970397
12.1039,-0.822654
12.161,-0.697213
12.2063,-0.532106
12.263,-0.458459
12.3288,-0.404233
11.7306,-1.199
11.7399,-1.09328
11.7502,-1.00251
11.7618,-0.925797
11.7737,-0.860671
11.7886,-0.771336
11.846,-0.753777
11.8944,-0.739985
13.5241,1.11093
13.5564,0.83722
13.5738,0.604966
13.579,0.410346
13.5746,0.249097
13.6506,-0.259136
13.6275,-0.273453
13.6085,-0.285026
13.592,-0.294973
13.5771,-0.303726
14.7375,-0.798733
13.8558,0.355771
13.8393,0.199721
13.8198,0.071253
13.7949,-0.0351492
13.7709,-0.121187
13.7652,-0.217911
12.6251,-0.56622
12.64,-0.578413
12.6535,-0.588043
12.6626,-0.596526
12.6714,-0.602995
12.6938,-0.562088
12.7166,-0.510962
12.7554,-0.501783
12.7905,-0.493466
12.8141,-0.487845
12.9617,-0.377013
12.9454,-0.170319
12.9361,-0.0530068
12.934,0.0733855
12.9406,0.165392
12.9548,0.229596
13.0026,0.189373
13.7174,-0.663512
13.684,-0.779577
14.1014,-0.756299
14.0345,-0.689856
13.9622,-0.628634
13.8891,-0.572938
13.8185,-0.522767
13.765,-0.482555
13.7201,-0.44867
12.6153,0.209308
12.6763,-0.0911861
12.7211,-0.341371
12.7509,-0.543703
12.7674,-0.702446
12.7732,-0.822868
12.7706,-0.910573
12.0215,0.318228
12.1008,0.0467556
12.1741,-0.187129
12.2386,-0.382847
12.2931,-0.541939
12.3281,-0.667637
12.3583,-0.765452
12.383,-0.838326
12.4335,0.149039
12.4495,0.115035
12.4648,0.0810835
12.4812,0.0413473
12.4952,0.00722897
12.5079,-0.0244139
12.5118,-0.0478313
12.5167,-0.0762017
12.5256,-0.105762
12.5353,-0.136847
12.6475,-0.394767
12.6481,-0.464183
12.6462,-0.51525
12.6422,-0.551759
12.6362,-0.572099
12.6291,-0.585978
12.621,-0.523766
13.0378,-0.618519
13.1219,-0.243781
13.1141,-0.257469
13.1054,-0.272547
13.0976,-0.28615
13.7715,-0.44045
12.4792,-0.459367
12.4803,-0.557629
12.4796,-0.643315
12.4773,-0.718668
12.4738,-0.779571
12.4689,-0.831593
12.4769,-0.837402
12.749,-0.662083
12.7142,-0.531859
12.6814,-0.425168
13.1199,-0.701124
13.1035,-0.791392
13.0845,-0.857292
13.0623,-0.899384
13.1058,-0.878924
11.1115,-1.67052
11.1222,-1.4264
11.8208,-0.837716
11.8864,-0.696931
11.9502,-0.578401
12.0196,-0.480587
12.0807,-0.398173
12.1406,-0.342688
12.1969,-0.297135
12.2573,-0.262087
12.3218,-0.259351
12.3844,-0.258572
12.4139,-1.36403
12.4238,-1.14582
12.4353,-0.971101
12.4506,-0.832907
13.5217,0.755754
13.5296,0.315579
13.5133,-0.0369542
13.4803,-0.321259
13.4403,-0.551774
13.3961,-0.736616
13.3172,-0.648301
11.7586,-1.72208
11.7298,-1.58656
11.707,-1.45242
11.6878,-1.34699
11.6774,-1.26654
13.2873,0.868336
13.2705,0.618393
13.2402,0.409449
13.2076,0.23558
13.1665,0.0936283
13.153,-0.081629
13.0832,-0.0760933
13.1819,1.1713
13.2267,0.896188
13.2542,0.66611
13.2716,0.472866
13.2804,0.31273
13.2822,0.181656
13.2978,0.0158327
Feature: 7.
12.1556,-2.59875
12.2378,-2.38946
12.3212,-2.21369
12.3975,-2.06184
12.47,-1.93264
12.535,-1.76243
12.6028,-1.68575
12.6764,-1.62937
14.3342,-1.50635
14.3111,-1.52071
14.292,-1.53232
14.2754,-1.54229
14.2605,-1.55107
14.6535,-0.761888
14.6259,-0.925824
14.5967,-1.06103
14.5633,-1.1732
14.5319,-1.26417
14.5174,-1.36675
13.0559,-1.87064
13.0693,-1.88335
13.0814,-1.89342
13.0893,-1.9023
13.097,-1.90912
13.1242,-1.86668
13.1527,-1.81365
13.1915,-1.80447
13.2265,-1.79615
13.2501,-1.79053
13.6474,-0.860228
13.6732,-1.14906
13.6875,-1.3757
14.4494,-2.50657
14.3877,-2.43909
14.3199,-2.37697
14.2505,-2.32049
14.1831,-2.26965
14.1325,-2.22885
14.09,-2.19447
13.7587,-0.800201
13.6906,-0.888956
13.6291,-0.967587
13.573,-1.03832
13.5214,-1.10221
13.4674,-1.16736
12.9288,-2.29385
12.9064,-2.16221
12.8843,-2.05422
13.164,-2.30686
13.1336,-2.39745
13.1024,-2.46354
13.0696,-2.50571
13.1111,-2.48526
12.1748,-2.24335
12.258,-2.098
12.3371,-1.97533
12.4197,-1.87379
12.4923,-1.78803
12.5598,-1.73028
12.6226,-1.68272
12.6888,-1.64591
12.7533,-1.64317
12.8158,-1.64239
12.9124,-2.40401
12.9442,-2.17501
12.9745,-1.99054
13.0062,-1.84359
14.172,-0.26886
14.1418,-0.732266
14.0916,-1.10382
14.0288,-1.40376
13.9625,-1.64717
13.8954,-1.8427
13.8307,-1.74783
Feature: 8.
20.4353,0.566244
20.4657,0.307225
20.4824,0.0995978
20.4884,-0.0639207
20.256,-0.0193119
20.2959,-0.226575
20.3297,-0.395245
20.357,-0.529663
20.5316,0.119133
20.5456,0.0923221
20.5581,0.0670101
20.562,0.052816
20.5667,0.0323987
20.5757,0.00394946
20.5853,-0.0263789
20.5952,-0.0570408
20.5926,-0.0883742
20.5898,-0.117627
20.6301,-0.355632
20.6307,-0.481617
20.6286,-0.582319
20.6241,-0.662402
20.6175,-0.721022
20.6097,-0.768554
20.6023,-0.673804
20.5961,-0.594382
20.594,-0.573139
20.5922,-0.552673
21.7432,2.87446
21.764,1.58587
21.8009,1.01889
21.734,0.924248
21.6738,0.840488
21.6186,0.765288
21.5679,0.697496
21.5147,0.628954
20.7567,0.725367
20.7636,0.585999
20.7677,0.46492
20.7694,0.359127
20.7693,0.272075
20.7673,0.197622
20.7752,0.191813
19.5685,-0.845256
19.6121,-0.833177
Feature: 9.
20.9816,-0.714585
20.9952,-0.980617
20.9973,-1.19416
20.9906,-1.36267
20.6325,-1.45754
20.6577,-1.66859
20.6786,-1.84042
20.6948,-1.97748
20.4924,-1.42041
20.5078,-1.44725
20.5216,-1.47259
20.5272,-1.48683
20.5334,-1.50728
20.5426,-1.53573
20.5524,-1.56606
20.5624,-1.59673
20.5598,-1.62806
20.557,-1.65731
20.4591,-1.87689
20.449,-2.00162
20.4374,-2.10117
20.4246,-2.18018
20.4107,-2.23783
20.3965,-2.28447
20.3954,-2.19058
20.3945,-2.11188
20.3924,-2.09064
20.3906,-2.07017
21.9495,0.553532
21.6149,-0.638847
21.5943,-1.20124
21.5259,-1.29573
21.4642,-1.37935
21.4078,-1.45443
21.356,-1.52213
21.3018,-1.59058
19.4614,-2.30759
19.5032,-2.29537
