PILLARS.
Pillar: 1.
-3.53261,-1.16268
-3.53261,-1.16268
-3.53261,-1.16268
-3.53261,-1.16268
-3.53261,-1.16268
-3.53261,-1.16268
-3.53261,-1.16268
-3.53261,-1.16268
-3.53261,-1.16268
-3.37871,-1.21072
-3.35251,-1.22013
-3.35289,-1.22015
-3.35316,-1.22016
-3.35338,-1.22017
-3.35355,-1.22018
-3.28732,-1.22138
-3.28837,-1.22127
-3.2892,-1.22119
-3.28987,-1.22112
-3.30754,-1.22434
-3.29496,-1.15595
-3.29516,-1.15608
-3.29532,-1.15619
-3.29547,-1.15629
-3.29559,-1.15637
-3.2957,-1.15645
-3.2958,-1.15652
-3.29589,-1.15658
-3.29597,-1.15663
-3.42353,-1.21606
-3.42355,-1.21607
-3.42357,-1.21609
-3.22677,-1.21383
-3.22886,-1.21397
-3.23069,-1.21408
-3.23232,-1.21418
-3.23376,-1.21427
-3.23506,-1.21435
-3.23622,-1.21442
-2.98134,-1.2102
-3.19134,-1.14502
-3.19361,-1.14523
-3.19568,-1.14543
-3.19757,-1.14561
-3.19931,-1.14578
-3.20091,-1.14593
-3.20239,-1.14607
-3.20375,-1.1462
-3.37695,-1.16609
-3.37696,-1.16609
-3.95252,-1.1967
-3.94948,-1.19651
-3.94667,-1.19634
-3.94405,-1.19618
-3.94162,-1.19603
-3.93935,-1.19589
-3.93723,-1.19576
-3.93524,-1.19564
-4.39434,-1.17538
-2.95407,-1.32569
-2.95407,-1.32569
-3.31786,-1.39689
-3.3165,-1.39689
-3.31523,-1.39689
-3.31402,-1.39689
-3.31289,-1.39689
-3.31181,-1.39689
-3.3108,-1.39688
-3.30983,-1.39688
-3.68623,-1.67427
-3.68576,-1.67351
-3.68532,-1.6728
-3.68489,-1.67212
-3.68449,-1.67146
-3.6841,-1.67084
-3.68373,-1.67024
-3.68338,-1.66967
-3.34813,-0.765319
-3.35031,-0.759216
-3.34367,-1.26592
-3.34373,-1.26591
-3.34378,-1.2659
-3.34384,-1.26589
-3.34389,-1.26588
-3.34394,-1.26587
-3.34399,-1.26586
-3.34404,-1.26585
-3.34408,-1.26584
-3.34412,-1.26583
-3.58676,-1.45442
-3.58456,-1.45284
-3.15766,-1.55295
-3.15089,-1.55071
-3.14437,-1.54864
-3.13808,-1.54673
-3.132,-1.54495
-3.12612,-1.54331
-3.12042,-1.54179
-3.89103,-1.19248
-3.63218,-1.18091
-3.63149,-1.18057
-3.63085,-1.18025
-3.63024,-1.17995
-3.62968,-1.17966
-3.62916,-1.17939
-3.62866,-1.17913
-2.91914,-1.47309
-2.91984,-1.47212
-2.92053,-1.47119
-2.9212,-1.4703
-2.92185,-1.46945
-2.92248,-1.46864
-2.96079,-1.52167
-2.95916,-1.51969
-3.6302,-1.00122
-3.62976,-1.00126
-3.48256,-1.09778
-3.4831,-1.09736
-3.33134,-0.799856
-3.74583,-0.822604
-4.05791,-1.44625
-3.50176,-1.27731
-3.50152,-1.27721
-3.40038,-1.27378
-3.40031,-1.27367
-3.099,-1.26866
-3.11153,-1.26918
-3.12259,-1.26963
-3.13241,-1.27001
-3.1412,-1.27034
-4.10609,-1.26591
-4.10566,-1.26567
-4.10524,-1.26543
-4.10484,-1.26519
-4.02289,-0.957451
-4.02181,-0.958981
-4.02082,-0.960456
-4.0199,-0.961881
-4.01903,-0.963257
-3.47007,-1.41696
-3.46999,-1.41659
-3.13351,-1.38198
-3.13377,-1.38156
-3.13402,-1.38116
-3.2653,-1.22362
-3.26315,-1.22415
-3.26117,-1.22465
-3.25933,-1.22512
-3.2079,-1.37644
-3.39096,-1.39925
-3.39099,-1.39924
-3.39101,-1.39922
-2.93328,-1.85472
-2.93556,-1.8545
-2.93776,-1.8543
-2.93987,-1.85412
-2.94191,-1.85395
-3.34781,-1.34142
-3.34779,-1.34143
-3.34778,-1.34144
-3.1641,-1.51911
-3.16394,-1.51922
-3.16378,-1.51933
-3.28609,-1.43163
-3.28571,-1.4317
-3.28533,-1.43177
-3.28496,-1.43183
-3.39756,-1.0095
-3.39757,-1.00967
-3.08092,-1.04115
-3.08015,-1.04138
-3.07939,-1.04161
-3.07864,-1.04184
-3.31469,-1.40675
-3.31468,-1.40667
-2.81719,-1.97371
-2.81497,-1.97645
-2.81277,-1.97916
-2.81059,-1.98186
-2.80842,-1.98454
-3.06028,-1.26905
-3.05993,-1.26909
-3.05959,-1.26913
-2.95521,-1.25844
-2.955,-1.25852
-2.95478,-1.25861
-2.95457,-1.2587
-2.95436,-1.25878
-3.60729,-1.16454
-3.60738,-1.16442
-3.60748,-1.1643
-3.60758,-1.16418
-3.60768,-1.16407
-3.69064,-1.07335
-3.69079,-1.07331
-3.69093,-1.07327
-3.1093,-1.35673
-3.10946,-1.3567
-3.57175,-1.47031
-3.57198,-1.47039
-3.35421,-1.33358
-3.39492,-1.33103
-3.39498,-1.33093
-3.39505,-1.33083
-3.39511,-1.33073
-3.39518,-1.33063
-3.35242,-1.3365
-3.18314,-1.30286
-3.18308,-1.30281
-3.18302,-1.30276
-3.09643,-1.29764
-3.0963,-1.29759
-3.09617,-1.29754
-3.09605,-1.29749
-3.09592,-1.29744
-3.0958,-1.29739
-3.05489,-1.56746
-3.18952,-1.62657
-3.18959,-1.62653
-3.18966,-1.6265
-3.18973,-1.62647
-3.1898,-1.62643
-3.02612,-1.65072
-3.53155,-1.18996
-3.41112,-1.1879
-3.41129,-1.18793
-3.41146,-1.18796
-3.41163,-1.18799
-3.4118,-1.18802
-3.21337,-1.31472
-3.35525,-1.41608
-3.35496,-1.416
-3.35467,-1.41592
-3.35439,-1.41584
-3.35411,-1.41576
-3.35384,-1.41568
Pillar: 2.
-3.61085,-2.90304
-3.61085,-2.90304
-3.61085,-2.90304
-3.61085,-2.90304
-3.61085,-2.90304
-3.61085,-2.90304
-3.61085,-2.90304
-3.61085,-2.90304
-3.61085,-2.90304
-3.76475,-2.855
-3.69249,-2.87455
-3.6925,-2.87464
-3.69251,-2.87471
-3.69252,-2.87476
-3.69252,-2.87481
-3.64929,-2.87112
-3.65032,-2.87102
-3.65115,-2.87094
-3.65181,-2.87088
-3.21084,-2.87012
-3.7453,-2.85382
-3.57318,-2.82011
-3.57336,-2.82024
-3.57352,-2.82036
-3.57366,-2.82046
-3.57378,-2.82054
-3.57388,-2.82062
-3.57398,-2.82069
-3.57406,-2.82075
-3.57414,-2.8208
-3.57276,-2.83137
-3.57278,-2.83139
-3.5728,-2.83141
-3.44656,-2.82107
-3.44862,-2.82121
-3.45044,-2.82132
-3.45206,-2.82143
-3.45349,-2.82152
-3.45477,-2.8216
-3.45593,-2.82167
-3.38712,-2.83757
-3.14974,-2.81559
-3.15208,-2.81581
-3.15422,-2.81601
-3.15618,-2.81619
-3.15798,-2.81636
-3.15963,-2.81651
-3.16116,-2.81665
-3.16257,-2.81678
-3.45594,-2.86571
-3.45595,-2.86571
-4.01912,-2.89685
-4.01619,-2.89666
-4.01348,-2.89648
-4.01095,-2.89632
-4.0086,-2.89617
-4.00641,-2.89603
-4.00436,-2.89589
-4.00244,-2.89577
-4.04892,-2.71419
-4.04892,-2.71419
-4.45429,-2.75158
-4.45285,-2.75165
-4.4515,-2.75171
-4.45023,-2.75176
-4.44903,-2.75182
-4.44789,-2.75187
-4.44682,-2.75191
-4.4458,-2.75195
-2.93507,-2.58625
-2.92582,-2.57752
-3.75356,-2.81434
-3.75362,-2.81433
-3.75367,-2.81431
-3.75373,-2.8143
-3.75378,-2.81429
-3.75383,-2.81428
-3.75388,-2.81427
-3.75392,-2.81426
-3.75397,-2.81425
-3.75401,-2.81424
-3.79909,-2.82268
-3.79696,-2.82109
-3.22035,-2.93617
-3.21396,-2.93391
-3.2078,-2.93182
-3.20183,-2.92989
-3.19606,-2.92811
-3.19045,-2.92645
-3.18502,-2.92492
-3.04869,-3.08006
-3.50582,-2.94124
-3.32508,-2.94505
-3.32468,-2.94477
-3.3243,-2.9445
-3.32396,-2.94424
-3.32364,-2.94399
-3.32335,-2.94376
-3.32308,-2.94354
-3.50716,-3.47076
-3.50518,-3.47689
-3.08883,-2.8414
-3.08984,-2.84039
-3.09082,-2.83942
-3.09177,-2.8385
-3.09269,-2.83762
-3.09358,-2.83677
-3.10164,-2.89324
-3.10076,-2.89119
-3.42268,-3.04922
-3.42281,-3.04932
-3.05804,-3.11201
-3.05879,-3.11165
-3.54989,-2.87895
-3.54975,-2.87885
-3.43846,-2.87569
-3.43843,-2.87558
-3.12327,-2.87084
-3.13596,-2.87136
-3.14718,-2.8718
-3.15716,-2.87218
-3.16608,-2.87251
-3.11334,-2.87363
-2.89766,-2.47237
-2.89805,-2.47294
-2.89843,-2.4735
-2.8988,-2.47405
-3.14897,-2.42446
-3.14753,-2.42577
-3.14618,-2.42703
-3.14493,-2.42826
-3.14376,-2.42945
-3.34818,-2.26344
-3.47233,-3.08105
-3.47222,-3.08122
-2.91981,-3.10777
-2.91884,-3.10799
-2.91789,-3.10821
-2.91696,-3.10842
-3.49081,-2.71196
-3.49083,-2.71187
-2.82514,-3.29072
-2.82265,-3.29346
-2.82018,-3.29618
-2.81774,-3.29888
-2.81531,-3.30156
-2.69713,-2.8736
-3.25069,-2.45258
-3.25062,-2.4521
-3.25056,-2.45162
-3.11352,-2.21985
-3.11349,-2.21919
-3.11347,-2.21854
-3.11345,-2.21791
-3.11343,-2.21729
-3.30272,-2.39748
-3.53007,-2.39999
-3.53027,-2.39952
-3.70453,-2.76272
-3.70469,-2.76268
-3.79102,-2.98127
-3.79132,-2.98134
-3.86536,-2.77227
-3.93499,-2.75911
-3.93511,-2.75899
-3.93522,-2.75887
-3.93533,-2.75876
-3.93543,-2.75865
-3.69142,-2.82107
-3.48705,-2.78519
-3.4228,-2.73792
-3.42275,-2.73787
-3.42271,-2.73782
-3.32911,-2.73384
-3.32899,-2.73379
-3.32886,-2.73374
-3.32874,-2.73369
-3.32861,-2.73364
-3.3285,-2.73359
-3.42518,-2.57459
-3.61438,-2.61192
-3.61447,-2.61188
-3.61456,-2.61184
-3.61464,-2.6118
-3.61473,-2.61175
-3.66934,-2.60413
-3.18547,-2.89407
-3.21178,-2.91532
-3.21143,-2.9153
-3.21108,-2.91527
-3.21073,-2.91524
-3.21039,-2.91521
-3.27784,-2.82212
-3.06418,-2.61979
-3.06388,-2.61971
-3.06359,-2.61963
-3.0633,-2.61955
-3.06302,-2.61947
-3.06274,-2.61939
-3.01949,-2.86085
Pillar: 3.
-1.42487,-0.591848
-1.42487,-0.591848
-1.42487,-0.591848
-1.42487,-0.591848
-1.42487,-0.591848
-1.42487,-0.591849
-1.42487,-0.591849
-1.42486,-0.591849
-1.42487,-0.591849
-1.52332,-0.562901
-1.52384,-0.562525
-1.52422,-0.56224
-1.52452,-0.562018
-1.52476,-0.561843
-1.44955,-0.588552
-1.4506,-0.588434
-1.45143,-0.58834
-1.45211,-0.588265
-1.54144,-0.530295
-1.64702,-0.682288
-1.64722,-0.682408
-1.64739,-0.682512
-1.64753,-0.682602
-1.64766,-0.682682
-1.64777,-0.682753
-1.64787,-0.682815
-1.64796,-0.68287
-1.64804,-0.68292
-1.23444,-0.416023
-1.23218,-0.414577
-0.931832,-0.265569
-0.924703,-0.263949
-0.917852,-0.26245
-0.911256,-0.261064
-0.904898,-0.259778
-0.898759,-0.258585
-0.892825,-0.257475
-1.24415,-0.0612771
-1.03084,-0.505319
-0.744286,-0.621538
-0.743502,-0.621673
-0.74277,-0.621802
-0.742086,-0.621924
-0.741446,-0.622039
-0.740847,-0.622149
-0.740284,-0.622254
-0.500574,-0.74338
-1.39893,-0.674086
-1.40137,-0.676889
-0.507992,-0.473853
-0.508467,-0.473425
-0.508937,-0.473016
-0.509399,-0.472625
-0.509854,-0.472251
-0.510303,-0.471892
-0.571213,-0.471889
-0.568988,-0.471255
-1.07458,-0.630565
-1.07404,-0.631308
-0.980974,-0.456967
-0.981447,-0.456817
-0.703301,-0.388088
-1.1818,-0.114165
-1.06179,-0.509692
-1.0615,-0.509754
-0.96527,-0.490875
-0.96518,-0.490829
-0.670736,-0.464782
-0.683174,-0.46557
-0.694151,-0.466259
-0.703903,-0.466866
-0.71262,-0.467403
-0.659897,-0.468503
-1.03218,-0.921716
-1.03151,-0.923568
-1.03087,-0.925364
-1.03024,-0.927108
-0.95893,-1.38126
-0.95775,-1.38201
-0.956656,-1.38276
-0.955638,-1.3835
-0.954686,-1.38422
-1.1478,-1.24224
-1.05704,-0.443223
-1.05695,-0.442845
-0.704224,-0.449518
-0.704422,-0.449267
-0.704617,-0.449023
-0.779767,-0.45352
-0.777816,-0.453434
-0.776013,-0.453354
-0.774345,-0.453279
-0.716541,-0.426304
-1.50954,-0.532186
-1.73013,-0.52943
-0.103239,-0.892741
-0.104069,-0.892294
-0.10487,-0.891861
-0.420165,-1.13436
-0.235077,-0.890618
-0.233831,-0.890218
-0.232682,-0.889835
-0.23162,-0.889469
-0.572182,-0.764766
-0.572497,-0.764605
-0.572803,-0.764449
-0.671203,-0.638424
-0.697748,-0.594368
-0.696174,-0.59457
-0.69469,-0.594765
-0.72445,-0.582496
-0.135485,-0.826914
-0.13561,-0.826774
-0.135731,-0.826638
0.0562975,-0.959626
0.0511094,-0.958616
0.0463986,-0.9577
0.0421007,-0.956865
0.0381653,-0.956103
-0.0536963,-0.656901
-0.054267,-0.660542
-0.0548131,-0.664155
-0.0553399,-0.66774
-0.055847,-0.671297
-0.854398,-0.267091
-0.854477,-0.26749
-0.854558,-0.267876
-0.854636,-0.268249
-0.854713,-0.26861
0.136767,-0.93546
0.00960313,-0.862519
0.00942282,-0.862364
0.0092461,-0.862212
-0.0791072,-0.907325
-0.0788902,-0.907175
-0.0786803,-0.90703
-0.078479,-0.906888
-0.078285,-0.906751
-0.153807,-0.830314
-0.43237,-0.673335
-0.432181,-0.673352
-0.361833,-0.674188
-0.361601,-0.673834
-0.361374,-0.673485
-0.753733,-0.647231
-0.753699,-0.647236
-0.753667,-0.647241
-0.753633,-0.647246
-1.17059,-0.367496
-1.17316,-0.367449
-1.1757,-0.367404
-1.17822,-0.367361
-1.18073,-0.367318
-0.689104,-0.465527
-0.914963,-0.377726
-0.914993,-0.377695
-0.915023,-0.377665
-0.606818,-0.527443
-0.608908,-0.527559
-0.610922,-0.527679
-0.61286,-0.527801
-0.614734,-0.527926
-0.509283,-0.280562
-0.586938,-0.703907
-0.586812,-0.703999
-0.385631,-0.542923
-0.430564,-0.518515
-0.431026,-0.518387
-0.431475,-0.518262
-0.431907,-0.518139
-0.853559,-0.562342
-0.853545,-0.562356
-0.853531,-0.562369
-0.874284,-0.260159
-0.874174,-0.260164
-0.874067,-0.26017
-0.955694,-0.249484
-0.955367,-0.249434
-0.955047,-0.249384
-0.954736,-0.249333
-0.736923,-0.480176
-0.833249,-0.641607
-0.833281,-0.641627
-0.575022,-0.384243
-0.574314,-0.384244
-0.573616,-0.384245
-0.572928,-0.384246
-0.868439,-0.611444
-0.868402,-0.611429
-0.492559,-0.872444
-0.490565,-0.874704
-0.488589,-0.876948
-0.48663,-0.879178
-0.484687,-0.881393
-0.28686,-0.532746
-0.0136445,-0.923227
-0.0132923,-0.923301
-0.0129451,-0.923373
0.0916487,-0.914605
0.0918638,-0.914686
0.0920771,-0.914766
0.0922877,-0.914845
0.0924946,-0.914922
-0.93778,-1.14179
-0.93761,-1.1415
-0.937443,-1.14122
-0.698572,-1.10822
-0.698506,-1.10765
-0.69844,-1.1071
-0.698379,-1.10655
-0.698318,-1.10601
-0.856826,-1.2278
-1.06916,-1.26225
-1.06928,-1.26195
-0.97845,-0.501388
-0.978552,-0.501257
-0.978652,-0.501128
-0.978751,-0.501001
-0.978851,-0.500875
-0.553995,-1.14692
-0.554146,-1.14694
-0.554294,-1.14695
-0.211376,-0.317366
-0.211558,-0.317582
0.166958,-0.861585
0.13506,-0.930191
0.135006,-0.930204
0.134953,-0.930217
0.134902,-0.93023
0.134851,-0.930242
0.0604251,-0.833953
-0.00310704,-0.783292
-0.958461,-0.735965
-0.958396,-0.735937
-0.958333,-0.735909
-0.874536,-0.719933
-0.874406,-0.719886
-0.874277,-0.719841
-0.87415,-0.719795
-0.874024,-0.719751
-0.873901,-0.719706
-0.726963,-0.624657
Pillar: 4.
5.04619,-1.23271
5.04619,-1.23271
5.04619,-1.23271
5.04619,-1.23271
5.04619,-1.23271
5.04619,-1.23271
5.04619,-1.23271
4.88083,-1.04309
4.88059,-1.04205
4.8804,-1.04123
4.94832,-1.15704
4.94727,-1.15688
4.94644,-1.15674
4.94577,-1.15663
4.84703,-1.19615
5.00363,-1.1674
5.00363,-1.1674
4.79726,-1.23458
4.79518,-1.23463
4.79334,-1.23468
4.79171,-1.23471
4.79027,-1.23475
4.78897,-1.23478
4.78781,-1.23481
4.62611,-1.22797
4.89025,-1.23432
4.89025,-1.23432
4.32386,-1.27958
4.32159,-1.28013
4.31951,-1.28063
4.31762,-1.2811
4.31587,-1.28152
4.31427,-1.28192
4.31279,-1.28229
4.31142,-1.28263
5.60372,-1.02467
5.60677,-1.02509
5.60959,-1.02548
5.61222,-1.02583
5.61466,-1.02615
5.61694,-1.02644
5.61906,-1.02671
5.62106,-1.02695
5.15078,-1.05254
5.15022,-1.05286
5.73141,-0.900312
5.36172,-1.14975
5.36306,-1.14926
5.36432,-1.14879
5.36552,-1.14835
5.36664,-1.14794
5.36771,-1.14755
5.36871,-1.14718
5.36966,-1.14683
5.03265,-1.19757
5.03262,-1.19752
5.30406,-0.70505
5.30453,-0.704299
5.30497,-0.703583
5.30539,-0.702899
5.3058,-0.702247
5.30618,-0.701623
5.30655,-0.701027
5.30691,-0.700457
4.31084,-1.33997
4.88395,-0.878285
4.8847,-0.87934
4.88539,-0.880341
4.88603,-0.88129
4.88664,-0.882191
4.8872,-0.883046
4.88773,-0.883861
4.81832,-0.826078
4.38262,-0.925289
4.38204,-0.92596
4.38148,-0.926601
4.38092,-0.927216
4.38037,-0.927804
4.37984,-0.928367
4.32782,-0.820261
4.32985,-0.822366
5.19714,-1.11945
4.9545,-0.867578
4.71635,-1.0446
4.73498,-1.04161
4.64899,-1.09039
4.64907,-1.09048
4.94849,-1.01586
4.93599,-1.01726
4.92496,-1.01851
4.91515,-1.01964
4.90639,-1.02066
4.95912,-1.0217
4.25973,-1.08983
4.25948,-1.08991
4.25925,-1.08999
4.1311,-1.42004
4.13329,-1.41874
4.13532,-1.41751
4.1372,-1.41635
4.19298,-1.39964
5.24059,-1.02693
5.03421,-0.300003
5.09211,-0.986797
5.09171,-0.986972
5.09132,-0.987142
4.899,-0.932917
4.89816,-0.933008
4.89736,-0.933096
4.56677,-0.741366
4.76687,-0.957768
4.76811,-0.957463
4.76926,-0.957174
4.77032,-0.956901
5.02066,-1.14966
5.10558,-1.2023
4.95012,-0.941871
4.9498,-0.941986
4.94948,-0.942098
4.83575,-1.08633
4.80076,-1.13621
4.80241,-1.13562
4.80397,-1.13506
4.77237,-1.14119
4.8419,-1.10536
4.84684,-1.10503
4.61138,-0.743505
4.61126,-0.743823
4.61115,-0.744133
4.79285,-0.636039
4.78777,-0.636533
4.78315,-0.636992
4.77894,-0.637419
4.77508,-0.637819
4.99023,-0.862507
4.98849,-0.862514
4.60053,-1.82732
4.60011,-1.83037
4.59971,-1.83341
4.59932,-1.83643
4.59896,-1.83943
4.98161,-1.33566
5.12584,-1.45243
5.12594,-1.45195
5.12603,-1.45149
5.12611,-1.45104
5.12619,-1.45061
5.09417,-0.412757
4.80166,-0.996731
4.67355,-0.974571
4.67336,-0.974618
4.67318,-0.974664
4.58601,-0.948053
4.58622,-0.948017
4.58643,-0.947983
4.58663,-0.947949
4.58683,-0.947917
4.82764,-1.13441
4.72634,-0.808093
4.44738,-0.607188
4.44757,-0.607559
5.24201,-1.11841
5.24167,-1.11836
5.24134,-1.11831
4.71464,-0.27748
4.71455,-0.272957
4.71445,-0.26846
5.17626,-1.07222
4.81345,-0.91857
4.81348,-0.918678
4.8135,-0.918785
4.81353,-0.918889
4.33109,-1.26118
4.32842,-1.26177
4.32577,-1.26235
4.32315,-1.26293
4.32054,-1.2635
4.73972,0.121692
4.73715,0.120677
4.73473,0.119685
4.73247,0.118714
4.97608,-1.12116
4.72586,-1.17211
4.72687,-1.17182
4.72784,-1.17153
4.72878,-1.17125
4.72969,-1.17098
4.73056,-1.17072
4.7314,-1.17046
4.80454,-1.04922
4.80457,-1.04921
5.16231,-1.77764
5.16184,-1.78268
5.12468,-1.02071
5.12395,-1.02083
5.12324,-1.02095
5.15859,-1.78831
5.12197,-1.02543
5.26415,-0.768356
5.26283,-0.76871
5.26154,-0.769056
5.26029,-0.769396
5.25906,-0.769727
5.25786,-0.770053
5.37857,-0.782377
5.13064,-0.79007
4.98268,-0.815341
4.98225,-0.815513
4.95578,-0.828078
4.95633,-0.82808
4.95679,-0.828091
4.95719,-0.828109
4.95752,-0.828133
4.63052,-0.703573
4.62966,-0.702002
4.93213,-1.3108
4.70564,-1.13485
4.71162,-1.13731
4.52202,-1.44637
4.52498,-1.44684
4.9766,-1.10054
4.97656,-1.10052
4.87103,-1.11875
4.87114,-1.1187
4.87124,-1.11865
4.63669,-0.999707
4.64028,-0.999981
4.64371,-1.00025
4.64698,-1.00052
4.65012,-1.00078
4.4596,-1.32847
4.45973,-1.32838
5.30543,-1.10498
5.30495,-1.10503
5.37745,-1.11912
5.73074,-1.1049
4.5757,-0.391881
4.57433,-0.391707
4.52484,-1.0814
4.75091,-1.00945
4.75089,-1.00937
4.75086,-1.0093
5.09343,-0.435535
5.09135,-0.43646
5.08935,-0.43736
5.08742,-0.438237
5.08556,-0.43909
5.18598,-0.933061
5.18359,-0.932987
4.57107,-1.35908
4.88019,-0.893355
4.88031,-0.893403
5.06408,-1.01828
5.01275,-1.06228
5.01229,-1.06215
5.01184,-1.06202
5.01141,-1.06189
5.1088,-0.96413
5.1084,-0.964109
5.10801,-0.964089
4.71363,-1.14121
4.71378,-1.14096
4.71393,-1.14072
4.59985,-1.31578
4.60023,-1.31544
4.6006,-1.31512
4.60097,-1.3148
4.56483,-1.21886
4.58433,-1.01452
4.5848,-1.01463
3.74005,-1.22288
3.74084,-1.22247
3.74161,-1.22208
3.74237,-1.22169
4.84493,-1.25445
4.847,-1.25562
4.84905,-1.25678
4.85109,-1.25794
4.85311,-1.25909
5.03531,-1.08877
4.56982,-0.869783
4.57017,-0.869906
4.57052,-0.870027
4.67515,-0.864151
4.67536,-0.86422
4.67558,-0.864288
4.67579,-0.864355
4.67599,-0.864421
5.08211,-1.02426
5.08206,-1.02427
4.82369,-0.910493
4.82388,-0.910677
4.82407,-0.910858
5.06194,-1.36227
5.062,-1.36192
5.06205,-1.36158
5.06211,-1.36124
5.06216,-1.3609
4.81199,-0.874465
5.19811,-0.922938
5.19801,-0.923074
5.24351,-1.32664
5.24341,-1.32649
5.24331,-1.32633
5.24321,-1.32618
5.24312,-1.32604
5.09955,-1.09879
5.09956,-1.09876
5.09957,-1.09874
5.49228,-0.79574
5.49214,-0.795865
5.492,-0.795989
4.37418,-1.19748
4.57755,-0.977689
4.5775,-0.977845
4.57744,-0.977999
4.57739,-0.97815
4.57734,-0.978299
4.49986,-1.00559
4.43294,-1.02731
4.76237,-1.09972
4.76239,-1.0997
4.60895,-1.18239
4.60908,-1.18235
4.60921,-1.18232
4.60933,-1.18228
4.60946,-1.18225
4.60958,-1.18221
4.74763,-1.18264
4.73014,-1.10107
5.25344,-0.513675
5.25339,-0.513809
5.25335,-0.513943
5.2533,-0.514075
5.25326,-0.514205
5.19849,-0.505939
5.03467,-1.07562
5.03464,-1.07561
4.46615,-1.11022
4.46644,-1.11011
4.46673,-1.11
4.46701,-1.10989
4.46729,-1.10978
4.46756,-1.10967
4.42541,-0.974573
Pillar: 5.
5.68577,-2.58097
5.68577,-2.58097
5.68577,-2.58097
5.68576,-2.58097
5.68576,-2.58097
5.68576,-2.58097
5.68576,-2.58097
5.42047,-2.39905
5.42041,-2.39795
5.42035,-2.39707
5.46935,-2.52026
5.46832,-2.52009
5.4675,-2.51996
5.46683,-2.51984
5.34724,-2.56715
5.52175,-2.53173
5.52175,-2.53173
5.40505,-2.47716
5.40298,-2.47721
5.40116,-2.47724
5.39954,-2.47728
5.3981,-2.47731
5.39682,-2.47733
5.39566,-2.47736
5.22951,-2.47269
5.51499,-2.46847
5.51499,-2.46847
5.80481,-2.63617
5.80775,-2.63661
5.81048,-2.63701
5.81302,-2.63737
5.81538,-2.6377
5.81759,-2.638
5.81965,-2.63827
5.82158,-2.63853
5.34782,-2.66454
5.34727,-2.66486
5.74869,-2.82738
5.92616,-2.46146
5.92758,-2.46094
5.92891,-2.46044
5.93017,-2.45997
5.93136,-2.45953
5.93248,-2.45911
5.93354,-2.45872
5.93455,-2.45835
5.61081,-2.50329
5.61079,-2.50324
5.06338,-2.65936
5.06383,-2.66045
5.06425,-2.66148
5.06463,-2.66245
5.06499,-2.66338
5.06531,-2.66426
5.06562,-2.66509
4.98227,-2.60865
4.39685,-2.60109
4.3959,-2.60176
4.39497,-2.6024
4.39407,-2.60302
4.3932,-2.60361
4.39235,-2.60418
4.37733,-2.49539
4.37842,-2.49752
4.79515,-2.57093
4.79445,-2.57139
5.17721,-2.86314
4.81445,-2.60575
4.64081,-2.78677
4.65992,-2.7838
5.44524,-2.6741
5.41371,-1.91587
5.15269,-2.64552
5.15228,-2.6457
5.15189,-2.64587
4.37348,-2.39176
4.37249,-2.39179
4.37153,-2.39183
4.16951,-2.24022
4.23349,-2.41376
4.23471,-2.41344
4.23583,-2.41314
4.23686,-2.41286
4.53968,-2.62379
4.49557,-2.57362
4.73427,-2.51247
4.73387,-2.51258
4.73348,-2.51268
4.54308,-2.64445
4.48154,-2.6891
4.48341,-2.68856
4.48518,-2.68805
4.44839,-2.69309
4.50901,-2.65538
4.51406,-2.65507
4.58968,-2.66108
4.58938,-2.6614
4.58909,-2.66171
4.86825,-2.55226
4.86256,-2.55277
4.85738,-2.55326
4.85266,-2.5537
4.84833,-2.55412
5.12497,-2.77547
5.12303,-2.77549
5.55945,-2.5227
4.68576,-2.89324
4.68607,-2.89283
4.68636,-2.89243
4.68664,-2.89204
4.68691,-2.89167
4.17279,-2.34089
4.42698,-2.43578
4.42673,-2.43581
4.42649,-2.43585
4.36181,-2.41286
4.36199,-2.41282
4.36216,-2.41278
4.36233,-2.41274
4.36249,-2.4127
4.65148,-2.60577
4.63789,-2.66217
4.51759,-2.63531
5.07475,-2.9935
5.07477,-2.99392
4.66266,-2.51664
4.66233,-2.51659
4.662,-2.51654
4.72365,-2.54834
5.03496,-2.69598
5.03496,-2.6961
5.03496,-2.69621
5.03495,-2.69632
4.35197,-3.05222
4.34909,-3.05281
4.34624,-3.0534
4.34341,-3.05398
4.34061,-3.05455
5.41378,-3.7329
5.41133,-3.73389
5.40905,-3.73486
5.40691,-3.73581
5.25031,-2.67928
5.2477,-2.67867
5.24523,-2.67809
5.24288,-2.67755
4.89713,-2.53123
4.69361,-2.58402
4.69434,-2.58372
4.69505,-2.58343
4.69574,-2.58314
4.69641,-2.58287
4.69706,-2.5826
4.69769,-2.58234
5.04914,-2.60648
5.04916,-2.60647
5.30744,-3.3473
5.30785,-3.35226
5.1323,-2.59704
5.13159,-2.59717
5.1309,-2.59729
5.30576,-3.35778
5.13036,-2.60177
5.6422,-3.15575
5.43412,-2.77311
5.43285,-2.77346
5.43161,-2.77381
5.4304,-2.77414
5.42922,-2.77447
5.42807,-2.77479
5.59079,-2.7831
5.72148,-2.58522
5.40423,-2.77267
5.2714,-2.7958
5.27099,-2.79597
5.25753,-2.80659
5.25801,-2.80661
5.25841,-2.80663
5.25875,-2.80665
5.25904,-2.80668
5.26033,-2.64744
6.07527,-2.81988
5.93675,-2.74696
5.9314,-2.74598
5.92638,-2.74505
5.92164,-2.74415
5.91717,-2.74329
4.98299,-2.14073
4.98598,-2.14118
4.93027,-2.48971
4.97232,-2.5773
4.97228,-2.57727
4.94708,-2.59355
4.94719,-2.5935
4.94729,-2.59345
4.57328,-2.47511
4.5773,-2.4754
4.58113,-2.47569
4.5848,-2.47597
4.58832,-2.47625
5.46983,-2.34466
5.46996,-2.34457
4.99425,-1.92018
4.83581,-1.93182
4.83338,-1.92997
4.831,-1.92811
4.82868,-1.92626
4.8264,-1.9244
5.21826,-2.46955
5.21779,-2.4696
5.75181,-3.18621
5.31395,-2.485
5.45263,-3.17352
5.45206,-3.17662
5.45151,-3.17971
5.45099,-3.18277
5.90278,-2.5299
5.41611,-2.24545
6.17534,-2.49517
6.17026,-2.495
5.69473,-3.24564
5.69268,-3.24574
5.2806,-2.76921
5.28059,-2.76913
5.28057,-2.76905
5.842,-2.11392
5.83969,-2.11495
5.83746,-2.11595
5.83531,-2.11693
5.83323,-2.11788
6.08354,-2.53671
6.08105,-2.5367
4.89293,-2.66382
4.89307,-2.66387
4.98413,-2.78699
4.91059,-2.82984
4.91013,-2.82971
4.90969,-2.82958
4.90926,-2.82945
4.97623,-2.72967
4.9758,-2.72965
4.97539,-2.72962
5.20223,-2.60452
5.38756,-2.55432
4.3129,-2.50682
4.31324,-2.50694
4.31357,-2.50706
4.41716,-2.50102
4.41738,-2.50109
4.4176,-2.50116
4.41781,-2.50122
4.41803,-2.50129
4.87095,-2.66783
4.87092,-2.66783
5.43375,-2.3866
5.4336,-2.3867
5.14866,-2.53616
5.14844,-2.53629
4.89665,-2.9029
4.89655,-2.90275
4.89646,-2.9026
4.89637,-2.90245
4.89628,-2.90231
4.67289,-2.65535
4.6729,-2.65533
4.67292,-2.6553
4.57337,-2.58777
4.57319,-2.58788
4.57302,-2.58799
5.05137,-2.26372
4.99018,-2.43062
4.99008,-2.43079
4.98997,-2.43095
4.98988,-2.43112
4.98978,-2.43128
4.87171,-2.46948
4.78087,-2.49707
5.17395,-2.55294
5.17397,-2.55293
5.06364,-2.49515
5.06376,-2.49511
5.06389,-2.49508
5.06401,-2.49504
5.06413,-2.49501
5.06426,-2.49498
5.17936,-2.50313
4.85775,-2.52689
4.65875,-3.01761
4.65865,-3.01773
4.65856,-3.01785
4.65846,-3.01797
4.65837,-3.01809
4.60379,-3.00987
4.9636,-2.66049
5.01064,-1.88833
5.01068,-1.88583
5.01072,-1.88333
5.01076,-1.88085
5.0108,-1.87837
4.95237,-1.85951
4.8923,-2.56106
4.89227,-2.56105
Pillar: 6.
12.6084,0.0845101
13.2923,-0.384451
13.2931,-0.386634
13.2937,-0.388708
13.2944,-0.390678
13.295,-0.392553
13.2291,-0.40052
13.5101,-0.911723
13.5095,-0.914109
13.509,-0.916394
13.4545,-0.606684
13.4566,-0.613892
14.4653,-0.318262
14.376,-0.298017
14.3945,-0.292361
12.322,-0.585636
12.3096,-0.58783
12.2986,-0.58982
12.2888,-0.591633
12.2801,-0.593294
12.3328,-0.594268
13.2792,-0.413407
13.2801,-0.41057
13.2809,-0.407931
13.2817,-0.405474
13.2825,-0.403179
13.0993,-0.417132
13.5308,-0.308759
13.5327,-0.305114
13.5345,-0.301682
13.5361,-0.298446
13.5942,-0.301401
14.0968,-0.558225
13.6622,-0.413586
13.6634,-0.41345
13.6646,-0.413329
13.6657,-0.413222
13.8908,-0.287756
13.8578,-0.282568
13.7489,-0.29696
13.8771,-0.24429
13.8786,-0.242396
13.88,-0.240591
13.8514,-0.277088
13.9257,-0.293419
13.9306,-0.292439
13.5816,-0.372316
13.5777,-0.373509
13.5743,-0.374549
13.6711,0.0435268
13.5171,-0.516696
13.5157,-0.51474
13.4143,-0.325667
13.4093,-0.3289
13.4047,-0.331862
13.4006,-0.334585
13.3968,-0.337098
13.5979,-0.285107
13.5962,-0.286013
13.4621,-0.314258
13.6534,-0.302129
13.6514,-0.30307
13.1199,-0.39627
13.1193,-0.398254
13.1187,-0.400239
13.1181,-0.402223
13.1176,-0.404206
13.3187,-0.125885
13.5889,-0.043727
13.5888,-0.0420096
13.5887,-0.0403464
13.5886,-0.038735
13.5885,-0.0371737
13.6735,-0.34887
13.6801,-0.372668
13.6803,-0.372853
13.6805,-0.373035
13.6807,-0.373211
13.6809,-0.373384
13.898,-0.261812
13.872,-0.269904
13.8315,-0.0316281
13.8327,-0.0331296
13.8339,-0.0345437
13.835,-0.035877
13.8361,-0.0371353
13.8372,-0.0383239
13.8382,-0.0394486
13.0422,-0.461725
13.041,-0.462324
13.0893,-0.397309
13.0886,-0.397343
13.0879,-0.397374
13.0368,-0.462128
13.0863,-0.398209
12.8385,0.173451
12.6357,-0.481949
12.6344,-0.48213
12.6331,-0.482306
12.6319,-0.482477
12.6306,-0.482644
12.6294,-0.482806
12.7425,-0.340552
12.9102,-0.253931
13.0986,-0.321291
13.106,-0.323311
12.77,-0.463449
13.0483,-0.415693
13.0478,-0.415787
13.0186,-0.375373
13.0191,-0.375641
13.0196,-0.375891
13.02,-0.376126
13.0204,-0.376348
13.0478,-0.302372
13.1179,-0.352437
13.121,-0.352479
13.0539,0.216756
13.0034,0.0788668
12.999,0.0772927
12.995,0.0758103
12.9911,0.0744122
12.9875,0.0730916
13.2478,-0.335737
13.2485,-0.335575
13.2948,-0.332351
13.294,-0.332407
13.0958,-0.598083
12.8953,-1.42307
12.9014,-1.42194
13.4601,-0.313118
13.4602,-0.313072
13.4603,-0.313027
13.2635,-1.00788
13.2671,-1.00566
13.2705,-1.00353
13.2738,-1.00149
13.2769,-0.999537
13.3334,-1.03814
13.1698,-1.00213
13.1674,-1.0008
13.1651,-0.999484
13.1628,-0.998182
13.1606,-0.996894
13.3045,-0.430459
13.3044,-0.430063
12.7244,-0.475279
12.7239,-0.475291
12.9924,-0.376743
12.7844,-0.360892
12.8078,-0.679337
12.8066,-0.680628
12.8054,-0.681912
12.8043,-0.68319
13.1771,-0.572692
13.1777,-0.571883
13.1367,-0.242599
13.2561,-0.140541
12.8471,-0.715477
13.133,-0.262902
13.1287,-0.264939
14.1591,-0.254744
13.4746,-0.135019
13.4733,-0.136973
12.6267,-0.714682
12.6246,-0.716677
12.6226,-0.718608
12.6206,-0.720482
12.6187,-0.722297
12.7136,-0.52851
12.7112,-0.528951
13.4246,-0.412123
13.4238,-0.412122
13.423,-0.41212
13.0122,-0.510078
13.2375,-0.292622
13.237,-0.292479
13.2366,-0.29234
13.2362,-0.292203
13.3456,-0.336202
13.3452,-0.336295
13.3448,-0.336385
13.3961,-0.358935
13.3956,-0.359134
13.419,-0.517946
13.4194,-0.517161
13.4197,-0.516397
13.42,-0.515651
13.3918,-0.513087
13.427,-0.54391
13.4274,-0.543444
13.5795,-0.931795
13.4865,-0.960937
13.2722,-0.513337
13.2722,-0.513008
12.8656,-0.450398
12.8658,-0.450445
12.866,-0.450492
12.8662,-0.450538
12.8664,-0.450584
13.2574,-0.376875
13.2573,-0.376827
12.6575,-0.231855
12.6576,-0.231791
12.6577,-0.231727
12.6578,-0.231664
12.6579,-0.2316
12.9145,-0.651897
12.9143,-0.652002
13.5307,-0.120862
13.5306,-0.120678
13.5305,-0.120496
13.5304,-0.120316
13.5303,-0.120137
13.4374,-0.316489
13.4374,-0.316423
13.4374,-0.316358
Pillar: 7.
14.2734,-1.65156
14.2746,-1.65144
14.2758,-1.65133
14.2768,-1.65123
14.5459,-1.50309
14.5071,-1.50103
14.6752,-1.22471
14.6364,-1.44252
14.6381,-1.44052
14.6397,-1.43861
14.607,-1.47764
14.6745,-1.49829
14.6794,-1.49726
14.3611,-1.55753
14.3572,-1.55872
14.3538,-1.55976
14.6017,-0.771893
14.4166,-1.36627
14.4152,-1.36432
13.8608,-1.63492
13.8554,-1.63829
13.8505,-1.64138
13.846,-1.64422
13.8419,-1.64685
14.0848,-1.57989
14.083,-1.58084
13.8799,-1.63298
14.1078,-1.6087
14.1058,-1.60964
14.0055,-1.55158
14.003,-1.5523
14.0006,-1.55298
13.9984,-1.55363
14.0314,-1.46781
14.0288,-1.4672
14.0263,-1.46662
14.024,-1.46607
14.3274,-1.74683
14.3283,-1.74843
14.3291,-1.74994
14.33,-1.75136
14.3308,-1.7527
14.3316,-1.75397
14.3323,-1.75517
13.1765,-2.00054
13.1795,-2.00067
13.0136,-1.78543
13.0149,-1.78532
13.4895,-1.84743
13.3179,-1.78255
13.1918,-1.86817
13.1869,-1.87023
14.1635,-1.86108
13.604,-1.89958
13.6023,-1.90157
13.0749,-1.92729
13.0726,-1.92935
13.0704,-1.93135
13.0683,-1.93328
13.0663,-1.93515
13.2698,-1.69553
13.2674,-1.696
13.8135,-1.64501
13.8128,-1.64501
13.812,-1.64501
13.7458,-1.46031
13.6883,-1.61331
13.6878,-1.61317
13.6874,-1.61303
13.6869,-1.61289
13.7735,-1.66445
13.7731,-1.66455
13.7727,-1.66465
13.8109,-1.69135
13.8104,-1.69155
14.1044,-1.45632
14.1048,-1.4555
14.1052,-1.4547
14.1056,-1.45393
14.0674,-1.45856
14.0772,-1.50703
14.0777,-1.50652
13.9545,-1.53277
13.9545,-1.53244
Pillar: 8.
22.1388,0.981309
22.1401,0.978656
22.1413,0.976145
22.1425,0.973762
21.1028,0.343064
21.1021,0.343122
20.9539,0.984905
21.1002,0.34596
21.3518,0.123376
20.9121,0.087888
20.9108,0.0879071
20.9096,0.0879265
21.0089,0.403758
21.1871,0.362026
21.372,0.340243
21.3791,0.341589
21.3996,0.480527
21.4002,0.479983
21.4007,0.479484
21.4011,0.479023
21.4015,0.478596
21.4378,0.460605
21.5007,0.486431
21.5038,0.486479
21.3931,0.485626
21.393,0.485619
21.2344,0.302568
21.2302,0.298022
21.2262,0.293722
21.2224,0.28965
21.2189,0.285787
21.4446,0.447365
21.4453,0.447379
21.4246,0.442249
21.4246,0.442259
22.0014,0.636226
22.0381,1.21128
22.043,1.21641
22.1691,1.10803
22.172,1.10825
22.0371,1.15354
22.0961,1.0498
22.0975,1.04974
22.3083,1.0239
22.3113,1.02873
22.3141,1.03337
22.3169,1.03782
22.3195,1.0421
21.4783,1.10111
21.476,1.10192
21.4739,1.1027
21.4717,1.10344
21.4697,1.10416
21.7566,0.989423
21.7567,0.988987
20.5962,0.421794
21.3359,0.580739
21.3017,0.687781
21.3001,0.688586
21.2986,0.689381
21.2972,0.690167
21.6643,0.835312
21.6649,0.83612
21.7987,1.52836
21.5409,0.470456
21.5409,0.470955
Pillar: 9.
21.5749,-1.08522
21.5742,-1.08515
21.5734,-1.08509
21.5499,-0.395975
21.5722,-1.08204
20.8633,-1.87236
21.1833,-1.21522
21.1821,-1.2152
21.1809,-1.21517
21.3075,-0.89336
21.4656,-0.93957
21.6576,-0.959799
21.6652,-0.958337
21.4457,-1.09019
21.4463,-1.09073
21.4467,-1.09123
21.4471,-1.0917
21.4474,-1.09212
21.4666,-1.11053
21.5436,-1.08438
21.5467,-1.08433
21.4296,-1.08534
21.4296,-1.08535
20.717,-1.48192
21.0327,-1.24902
21.0279,-1.2535
21.0233,-1.25773
21.0191,-1.26173
21.0151,-1.26553
21.3488,-1.11436
21.3495,-1.11434
21.282,-1.11589
21.2819,-1.11588
21.885,-1.28408
21.891,-1.27901
22.1467,-1.39192
22.1496,-1.3917
22.0722,-1.34626
21.998,-1.44833
21.9994,-1.44838
21.3508,-1.49963
21.1897,-1.41779
21.1873,-1.41696
21.185,-1.41617
21.1827,-1.4154
21.1805,-1.41466
21.264,-1.49762
21.2638,-1.49801
20.8786,-1.90113
21.4175,-1.01223
21.4175,-1.01173
FEATURES.
Feature: 1.
-3.53261,-1.16268
-3.53261,-1.16268
-3.53261,-1.16268
-3.53261,-1.16268
-3.53261,-1.16268
-3.53261,-1.16268
-3.53261,-1.16268
-3.53261,-1.16268
-3.53261,-1.16268
-3.62898,-1.41823
-3.61167,-1.40388
-3.60101,-1.39814
-3.59011,-1.39121
-3.57901,-1.38368
-3.56685,-1.3736
-3.55573,-1.36509
-3.53426,-1.35321
-3.5148,-1.34242
-3.49452,-1.33115
-3.60223,-1.0685
-3.58091,-1.07944
-3.59445,-1.11565
-3.60235,-1.14496
-3.60766,-1.16692
-3.60798,-1.18498
-3.6057,-1.19731
-3.60049,-1.205
-3.59269,-1.21255
-3.58287,-1.21628
-3.17215,-1.02608
-3.18895,-1.0411
-3.20573,-1.0559
-3.22172,-1.06982
-3.20378,-1.06764
-3.18714,-1.06995
-3.17569,-1.07249
-3.1677,-1.07586
-3.16093,-1.08211
-3.15591,-1.09024
-2.73703,-1.11936
-1.6475,-1.97504
-1.68701,-1.88637
-1.73062,-1.79903
-1.78082,-1.72169
-1.83417,-1.65197
-1.88934,-1.58892
-1.94476,-1.5316
-2.00188,-1.47966
-4.72991,-0.92848
-4.63721,-0.952596
-4.54338,-0.976403
-4.50222,-0.999644
-4.46303,-1.02064
-4.42587,-1.03945
-4.39092,-1.05627
-4.35809,-1.07133
-4.32312,-1.08638
-4.29316,-1.09878
-3.46818,-1.02992
-3.24906,-1.12269
-3.23008,-1.13861
-3.21068,-1.15466
-3.20602,-1.1668
-3.20351,-1.17899
-3.20164,-1.19459
-3.2021,-1.20584
-3.20391,-1.21679
-3.20667,-1.22735
-3.21003,-1.23747
-3.10132,-0.712512
-3.14899,-0.773731
-3.197,-0.83648
-3.24233,-0.896899
-3.2841,-0.953713
-3.32222,-1.00665
-3.35687,-1.05581
-3.38833,-1.10139
-4.01789,-1.87921
-4.01789,-1.87921
-2.57819,-1.00678
-2.63266,-1.01846
-2.68807,-1.03083
-2.74098,-1.04317
-2.79671,-1.05673
-2.85261,-1.071
-2.90669,-1.08552
-2.9576,-1.09994
-3.00454,-1.11396
-3.04714,-1.12739
-4.47173,-0.513338
-4.45739,-0.600475
-4.43571,-0.674907
-4.41193,-0.749268
-4.37686,-0.810366
-4.33147,-0.861882
-4.27737,-0.906407
-4.21645,-0.945777
-4.1507,-0.981299
-4.74738,0.786651
-4.82077,0.59877
-4.82651,0.447454
-4.8126,0.313225
-4.78585,0.194786
-4.74911,0.0910015
-4.70449,-0.000747472
-4.65321,-0.0826076
-1.77954,-3.04849
-1.84762,-2.96621
-1.91068,-2.8812
-1.97019,-2.80216
-2.02841,-2.72572
-2.08494,-2.64628
-2.14044,-2.5652
-2.20838,-2.48492
-3.37904,-1.1503
-3.35342,-1.14003
-3.3293,-1.14194
-3.33568,-1.14066
-5.31351,2.10138
-5.27197,1.89391
-5.70383,0.237464
-3.00583,-1.45347
-3.01961,-1.45033
-3.03603,-1.44845
-3.04888,-1.44424
-3.06312,-1.43975
-3.05846,-1.42849
-3.05629,-1.41836
-3.05629,-1.40906
-3.05781,-1.40064
-2.91096,-1.6847
-3.01497,-1.67358
-3.1195,-1.66021
-3.22972,-1.64283
-3.32172,-1.62766
-3.31206,-1.61002
-3.31515,-1.5905
-3.32512,-1.57025
-3.33976,-1.55406
-3.81872,-1.48961
-3.79433,-1.48177
-3.77015,-1.47418
-3.71547,-1.4633
-3.65822,-1.45337
-3.60126,-1.44442
-3.54631,-1.43726
-3.49308,-1.43286
-3.44408,-1.42937
-0.666357,-0.372707
-0.856305,-0.414837
-1.0942,-0.442709
-1.33544,-0.483824
-1.5695,-0.535272
-1.81154,-0.547548
-2.02316,-0.583772
-2.20355,-0.637075
-2.35431,-0.701568
-4.4096,-0.0953481
-4.28637,-0.173695
-4.16423,-0.256366
-4.04777,-0.34074
-4.05578,-0.392743
-4.04618,-0.441736
-4.02318,-0.497798
-3.98185,-0.5465
-3.93471,-0.592662
-3.88365,-0.637195
-3.68017,-1.11711
-3.60211,-1.11144
-3.5317,-1.11362
-3.50407,-1.08326
-3.4805,-1.0636
-3.45844,-1.04814
-1.98974,-3.89678
-2.10623,-3.8037
-2.21204,-3.70269
-2.27724,-3.60561
-2.33686,-3.5016
-2.39129,-3.39368
-2.44073,-3.28481
-3.3297,-1.48054
-3.32287,-1.45715
-3.31464,-1.43541
-3.30563,-1.41549
-3.28598,-1.39078
-3.26488,-1.36622
-3.24292,-1.34301
-3.22064,-1.32189
-3.06849,-2.42648
-3.08783,-2.3709
-3.10513,-2.31529
-3.12683,-2.2577
-3.14761,-2.19875
-4.18508,-0.393813
-4.16828,-0.433781
-4.14912,-0.47235
-2.61217,-1.47903
-2.64687,-1.47219
-2.68215,-1.46511
-2.78059,-1.50819
-2.88798,-1.54346
-2.92794,-1.52975
-2.96492,-1.51394
-2.99874,-1.49933
-3.03071,-1.48348
-3.0592,-1.47145
-3.15977,-1.68381
-3.17688,-1.65833
-3.17246,-1.61485
-3.16493,-1.58388
-3.16145,-1.54937
-3.1525,-1.51933
-3.14483,-1.4931
-3.1383,-1.47004
-3.13096,-1.44876
-3.12356,-1.42941
-3.36294,-1.26968
-3.34003,-1.28773
-3.32044,-1.29994
-3.3037,-1.31439
-3.2887,-1.32981
-3.27609,-1.34556
-3.04632,-1.38642
-4.26441,-0.594662
-4.23467,-0.698571
-4.1833,-0.759245
-4.12753,-0.812417
-4.06976,-0.858685
-4.01206,-0.898764
-3.71401,-1.16402
-2.70722,-1.88052
-2.75,-1.83157
-2.79117,-1.78706
-2.83063,-1.74677
-2.86655,-1.71062
-2.90266,-1.67721
Feature: 2.
-3.61085,-2.90304
-3.61085,-2.90304
-3.61085,-2.90304
-3.61085,-2.90304
-3.61085,-2.90304
-3.61085,-2.90304
-3.61085,-2.90304
-3.61085,-2.90304
-3.61085,-2.90304
-4.01501,-3.06251
-3.9977,-3.04816
-3.981,-3.04383
-3.96479,-3.03811
-3.94904,-3.03164
-3.93282,-3.02246
-3.91814,-3.01474
-3.89661,-3.00287
-3.8771,-2.99209
-3.85678,-2.98083
-3.27039,-3.05209
-4.04,-2.69798
-4.01868,-2.70892
-4.0114,-2.75058
-4.00116,-2.78441
-3.99068,-2.81013
-3.97727,-2.83134
-3.96304,-2.8463
-3.94744,-2.8562
-3.93061,-2.86562
-3.91294,-2.87094
-3.32138,-2.6414
-3.33818,-2.65641
-3.35496,-2.67122
-3.37095,-2.68514
-3.36233,-2.68207
-3.35377,-2.68357
-3.34933,-2.68536
-3.34742,-2.68807
-3.34594,-2.69372
-3.34549,-2.70132
-3.11045,-2.75446
-1.28155,-3.60557
-1.36327,-3.52581
-1.4437,-3.44531
-1.526,-3.37324
-1.60732,-3.30759
-1.68682,-3.24769
-1.76342,-3.19282
-1.83894,-3.14279
-4.8089,-2.6281
-4.7162,-2.65222
-4.62237,-2.67602
-4.57958,-2.69934
-4.53899,-2.7204
-4.50062,-2.73926
-4.46463,-2.75613
-4.43092,-2.77122
-4.39519,-2.7863
-4.36458,-2.79873
-4.34391,-2.51119
-4.32493,-2.52712
-4.30553,-2.54317
-4.30641,-2.55092
-4.30868,-2.5593
-4.3094,-2.57282
-4.31364,-2.58102
-4.3187,-2.58933
-4.32429,-2.5976
-4.33009,-2.60573
-3.84208,-3.73811
-3.84208,-3.73811
-2.98808,-2.5552
-3.04254,-2.56688
-3.09795,-2.57925
-3.15087,-2.59158
-3.2066,-2.60515
-3.2625,-2.61942
-3.31658,-2.63394
-3.36748,-2.64835
-3.41442,-2.66238
-3.45703,-2.67581
-4.9373,-1.81735
-4.89035,-1.91568
-4.84014,-1.99916
-4.77233,-2.08618
-4.69875,-2.15707
-4.61977,-2.21617
-4.53639,-2.2666
-4.45,-2.31058
-4.36209,-2.3497
-4.2741,-2.38515
-4.93327,-0.994353
-4.93123,-1.1885
-4.88179,-1.34237
-4.81997,-1.47744
-4.75166,-1.59557
-4.67888,-1.6983
-4.60303,-1.78855
-4.52468,-1.86867
-1.29932,-4.46538
-1.4679,-4.4446
-1.63188,-4.41935
-1.7417,-4.34092
-1.84111,-4.25823
-1.93227,-4.18043
-2.01801,-4.10447
-2.09849,-4.02501
-2.1748,-3.94356
-2.2568,-3.86286
-2.83752,-3.13628
-2.85526,-3.13733
-2.86905,-3.14832
-2.88014,-3.1481
-2.94549,-3.0547
-2.97356,-3.05203
-3.0024,-3.05047
-3.0247,-3.04643
-3.04715,-3.04203
-3.04779,-3.03082
-3.05024,-3.02071
-3.05428,-3.01142
-3.05933,-3.003
-3.06529,-2.99521
-1.76945,-2.95466
-1.86444,-2.93537
-1.96131,-2.91498
-2.06501,-2.89155
-2.1515,-2.87121
-2.178,-2.88664
-2.2132,-2.89494
-2.25156,-2.89815
-2.29122,-2.9018
-2.33465,-2.89634
-3.50619,-3.18269
-3.46084,-3.17951
-3.41885,-3.18344
-3.38486,-3.15272
-3.35573,-3.13273
-3.32883,-3.11697
-1.73899,-5.18972
-1.91118,-5.10622
-2.06565,-5.01157
-2.15112,-4.9166
-2.22833,-4.81416
-2.29801,-4.70742
-2.36067,-4.59941
-2.41254,-4.51015
-1.27144,-3.56332
-1.41213,-3.54677
-1.55038,-3.52199
-1.69266,-3.48895
-1.79534,-3.45429
-1.89268,-3.41145
-1.98283,-3.36461
-2.07207,-3.31146
-2.94422,-2.42347
-2.97883,-2.42138
-3.02538,-2.42411
-3.2074,-2.88502
-3.2421,-2.87818
-3.27738,-2.8711
-3.32799,-2.93348
-3.39336,-2.98419
-3.43408,-2.97021
-3.47554,-2.95281
-3.51327,-2.93682
-3.54979,-2.91932
-3.58107,-2.90628
-3.23173,-3.15244
-3.2944,-3.13249
-3.31151,-3.10702
-3.32098,-3.06217
-3.32221,-3.03028
-3.32962,-2.99455
-3.3292,-2.96349
-3.32892,-2.93634
-3.3288,-2.91244
-3.32704,-2.89041
-3.32447,-2.8704
-3.7248,-2.27987
-3.703,-2.29752
-3.69165,-2.30673
-3.68204,-2.31852
-3.67323,-2.33159
-3.66598,-2.34526
-3.66008,-2.35904
-4.26985,-2.33354
-4.19348,-2.43697
-4.12122,-2.49703
-4.04725,-2.54945
-3.97363,-2.59492
-3.90209,-2.63417
-3.83393,-2.66802
-2.27715,-3.04185
-2.33794,-2.99942
-2.39484,-2.96033
-2.44801,-2.92459
-2.49587,-2.89225
-2.54238,-2.86206
-2.58717,-2.83409
Feature: 3.
-1.42487,-0.591848
-1.42487,-0.591848
-1.42487,-0.591848
-1.42487,-0.591848
-1.42487,-0.591848
-1.42487,-0.591848
-1.42487,-0.591848
-1.42487,-0.591848
-1.42487,-0.591848
-1.76484,-0.797979
-1.75643,-0.785448
-1.74751,-0.772576
-1.73816,-0.759853
-1.72755,-0.745239
-1.71778,-0.732767
-1.69633,-0.720821
-1.67689,-0.709974
-1.65663,-0.698645
-1.63646,-0.687352
-1.89491,-0.76728
-1.91257,-0.782006
-1.92426,-0.792709
-1.93303,-0.798552
-1.93649,-0.802642
-1.93702,-0.802863
-1.93433,-0.800051
-1.92877,-0.798496
-1.92093,-0.794338
-1.96622,0.0646928
-1.96706,0.0397612
-1.95979,0.0189984
-1.96033,0.0261744
-1.94851,0.0350935
-1.92491,0.0437245
-1.8909,0.0508928
-1.8483,0.0559767
-1.79909,0.0587033
-1.74519,0.0590187
-1.81643,0.536842
-1.88189,0.473052
-1.88515,0.412432
-1.87135,0.356914
-1.8464,0.306731
-1.81252,0.262104
-1.77133,0.221608
-1.72375,0.184141
-1.3858,-0.0964269
0.626891,-1.54037
0.48276,-1.53583
0.339288,-1.52444
0.316543,-1.50726
0.291276,-1.47994
0.263363,-1.45184
0.231664,-1.42027
0.19745,-1.38027
0.16081,-1.33379
0.105307,-1.27705
-0.919189,-0.364376
-0.877037,-0.407845
-0.839494,-0.456786
-0.844282,-0.461331
-2.65709,1.96156
-2.61271,1.82695
-0.623382,-0.522545
-0.62895,-0.540691
-0.638392,-0.557385
-0.646024,-0.567329
-0.655804,-0.575157
-0.648299,-0.571874
-0.643659,-0.568702
-0.641528,-0.565484
-0.641194,-0.562378
-0.642473,-0.559234
0.177061,-1.50702
0.071708,-1.47391
-0.0340956,-1.44175
-0.145491,-1.40832
-0.238564,-1.37948
-0.223055,-1.45041
-0.223133,-1.5078
-0.232033,-1.55426
-0.246919,-1.5959
-0.269447,-1.62375
-1.40569,-0.515872
-1.3813,-0.508029
-1.35712,-0.500438
-1.30026,-0.494983
-1.24111,-0.48979
-1.18251,-0.484968
-1.11792,-0.502462
-1.05657,-0.519462
-1.00069,-0.534529
-0.95141,-0.546861
-2.20263,1.33657
-2.20408,1.22882
0.111225,-1.87804
0.0979249,-1.85137
0.0854847,-1.81547
0.0734674,-1.77194
0.0158118,-1.69312
0.00321206,-1.66664
-0.00940585,-1.6373
-0.021434,-1.60568
-0.108281,-0.985132
-0.152802,-0.9561
-0.199347,-0.92742
-0.245351,-0.900431
-0.276698,-0.902017
-0.303323,-0.909373
-0.325455,-0.908871
-0.346044,-0.904169
-0.480461,-1.14508
-0.434663,-1.16495
-0.391385,-1.17985
-0.347034,-1.19099
-0.305158,-1.17313
-0.265039,-1.15529
-0.227725,-1.13795
-0.193802,-1.12142
-0.366632,-0.332024
-0.372732,-0.311637
-0.375079,-0.297983
-0.373783,-0.289245
-0.368559,-0.286127
-1.15169,1.75636
-1.18638,1.66208
-1.20687,1.55613
-1.21424,1.44257
-1.21053,1.32525
0.317013,-1.73856
0.370487,-1.79668
0.396213,-1.83446
0.409484,-1.84898
0.405102,-1.84853
0.384365,-1.83089
0.362668,-1.80304
0.340066,-1.76663
0.316819,-1.72367
-1.11853,1.9756
-1.18269,1.90899
-1.2491,1.83875
-0.687582,0.660061
-0.850152,0.748378
-0.987435,0.810188
-0.174499,-0.484147
-0.26837,-0.447538
-0.362002,-0.41687
-0.449607,-0.393243
-0.527684,-0.376665
-0.557347,-0.4333
-0.592533,-0.479391
-0.631336,-0.515356
-0.672096,-0.542101
1.90212,0.386903
1.70614,0.364876
1.45819,0.369327
1.20789,0.356174
0.965708,0.328922
0.701245,0.37982
0.468897,0.397928
0.269575,0.391379
0.101698,0.367141
-1.8918,0.0310628
-1.78978,0.0304052
-1.76139,0.0165272
-1.72019,0.00587648
-1.63753,0.00256139
-1.5447,-0.00216997
-1.46416,-0.0101011
-1.39018,-0.0196201
-1.91536,0.683727
-1.79213,0.60538
-1.66998,0.522709
-1.55352,0.438335
-1.58292,0.451772
-1.59329,0.459136
-1.58867,0.451637
-1.55976,0.434167
-1.52373,0.415004
-1.48256,0.393828
-1.21339,-0.0254579
-1.17842,-0.444607
-1.09002,-0.478616
-1.01116,-0.515354
-0.985388,-0.477246
-0.963447,-0.450833
-0.942829,-0.429483
0.0734666,-2.36059
0.0209824,-2.35745
-0.032421,-2.3367
-0.0767502,-2.2735
-0.118708,-2.19911
-0.158169,-2.11704
-0.194883,-2.03068
-0.224471,-1.96037
-0.27547,-1.20989
-0.269529,-1.17658
-0.262109,-1.14624
-0.253816,-1.11886
-0.234774,-1.08792
-0.214218,-1.05796
-0.192731,-1.03006
-0.17087,-1.00487
0.868443,-1.98579
0.752361,-2.00318
0.635062,-2.00821
0.510651,-2.0013
0.439309,-2.01415
0.368367,-2.01311
0.300499,-2.00297
0.230134,-1.98197
-0.462091,-1.33278
-0.501339,-1.32022
-0.550036,-1.31811
-0.595021,-1.31631
-0.589447,-1.31798
-0.586192,-1.31254
-0.590869,-1.29883
-0.597484,-1.27821
-1.06108,-0.684614
-1.04175,-0.696014
-1.02061,-0.70977
0.860754,-1.20192
0.751403,-1.12549
0.631266,-1.05736
0.591566,-1.04551
0.556084,-1.04067
0.523525,-1.03561
0.493013,-1.03092
0.465394,-1.02575
0.43983,-1.02063
0.409592,-1.00638
-0.999333,-0.931096
-0.988038,-0.90854
-0.976277,-0.890795
-0.967634,-0.872798
-0.954736,-0.855719
-0.943698,-0.840755
-0.934282,-0.827488
-0.924481,-0.81472
-0.914969,-0.802777
-0.906183,-0.791852
Feature: 4.
5.04619,-1.23271
5.04619,-1.23271
5.04619,-1.23271
5.04619,-1.23271
5.04619,-1.23271
5.04619,-1.23271
5.04619,-1.23271
4.64579,-1.39038
4.65685,-1.35963
4.66892,-1.32925
4.67993,-1.303
4.7014,-1.29082
4.72086,-1.27977
4.74114,-1.26826
4.76132,-1.2568
4.77471,-1.25328
4.79344,-1.24598
4.79553,-0.739389
4.81525,-0.783463
4.83321,-0.825934
4.84565,-0.86333
4.85437,-0.896966
4.86167,-0.929478
4.8671,-0.960418
4.86928,-0.986211
4.85644,-1.01127
4.86033,-1.03019
5.75017,-0.644325
5.74254,-0.747031
5.72261,-0.826511
5.68993,-0.894442
5.64949,-0.951146
5.60381,-0.998059
5.55531,-1.03635
5.50322,-1.06752
5.01386,-0.874022
5.05491,-0.888085
5.09401,-0.90119
5.13108,-0.913225
5.16596,-0.924234
5.19871,-0.934302
5.23362,-0.945077
5.26353,-0.95382
5.29481,-0.962917
5.28207,-0.969562
6.50669,0.73319
5.45743,-0.644622
5.46405,-0.69138
5.46816,-0.733574
5.47084,-0.765434
5.47153,-0.800478
5.47066,-0.832037
5.46867,-0.860436
5.46595,-0.885996
5.46261,-0.909032
5.42091,-0.930519
5.88896,0.256704
5.8413,0.195485
5.79329,0.132736
5.74796,0.0723168
5.70619,0.0155029
5.66807,-0.037438
5.63342,-0.0865957
5.60196,-0.132175
3.28458,-2.6232
3.53331,-1.08214
3.57544,-0.97501
3.62441,-0.883927
3.67667,-0.806216
3.73184,-0.739421
3.78967,-0.68295
3.85032,-0.636099
3.91013,-0.597054
5.20357,-0.845747
5.19921,-0.976721
5.18625,-1.07857
5.16627,-1.163
5.13936,-1.22938
5.10772,-1.27462
5.07211,-1.30229
5.01667,-1.29565
3.19909,-0.988069
3.25911,-0.868953
3.32375,-0.775776
3.37114,-0.700837
4.99707,-0.905113
4.98729,-0.948287
4.97548,-0.984973
4.9816,-1.00032
4.98498,-1.0134
4.98597,-1.02437
4.98529,-1.03364
4.98309,-1.04131
3.61703,-1.05602
3.67263,-1.06174
3.73065,-1.06629
3.78826,-1.06997
3.84664,-1.13799
3.90221,-1.19864
3.95278,-1.25141
3.99724,-1.29629
4.4205,-0.0573574
4.44269,-0.0477077
4.41095,0.0584758
4.4758,-0.020837
4.54217,-0.103689
5.10486,-1.58213
5.09399,-1.5997
5.08334,-1.6023
5.07264,-1.59227
5.01389,-1.48532
5.00266,-1.49505
4.99103,-1.49717
4.97969,-1.49288
4.96873,-1.4837
5.09196,-1.55322
5.40771,-1.30306
5.36422,-1.25548
5.31853,-1.21073
5.27322,-1.16982
5.24067,-1.19495
5.21221,-1.23515
5.18832,-1.26305
5.1661,-1.2829
5.1405,-1.29998
5.12537,-1.31335
4.2402,-0.640072
4.2916,-0.71534
4.33921,-0.778454
4.38694,-0.83154
4.42917,-0.818405
4.46961,-0.804867
4.50721,-0.791437
4.54139,-0.778476
4.57193,-0.766212
4.60766,-0.750909
4.18117,-1.86475
4.19072,-1.79711
4.20159,-1.74223
4.21408,-1.69753
4.22881,-1.66304
4.47702,-1.74741
4.64922,-0.119221
4.64276,-0.123816
4.6457,-0.151437
4.65784,-0.196629
4.67787,-0.2543
4.70396,-0.320085
4.93694,-1.08957
5.00254,-1.24078
5.03795,-1.36622
5.05828,-1.45702
5.05902,-1.5229
5.0414,-1.55346
5.02201,-1.56751
5.00111,-1.56751
4.9791,-1.55618
4.95645,-1.53621
3.62277,0.819583
3.59329,0.905811
3.555,0.980242
4.75951,-0.765056
4.79477,-0.786781
4.83344,-0.81094
4.2624,-0.533952
4.14507,-0.239406
4.0402,0.0033915
3.95735,0.198262
5.33218,-1.34647
5.24988,-1.2324
5.16541,-1.13437
5.08509,-1.05218
5.01284,-0.98471
4.9789,-1.07909
4.93979,-1.15802
4.8974,-1.22256
4.85341,-1.27418
6.07244,1.52207
5.89323,1.62343
5.74008,1.69615
5.60132,1.72482
4.43477,-1.9611
4.45985,-1.87357
4.45016,-1.77363
4.44366,-1.67793
4.44141,-1.58919
4.44369,-1.50903
4.45023,-1.43818
4.46044,-1.37671
5.64961,-1.88509
5.57525,-1.84768
5.49434,-1.80459
5.49606,-1.88315
5.4927,-1.94888
5.49957,-2.0636
5.50085,-2.11878
5.4935,-2.14579
5.45467,-2.11856
5.07478,-1.2795
5.13034,-1.40612
5.18485,-1.50697
5.23413,-1.5813
5.27597,-1.63038
5.30027,-1.66331
5.32128,-1.67628
4.83231,0.0440462
4.86837,-0.0260357
4.88399,-0.0905402
4.89907,-0.154939
4.90567,-0.209621
4.91102,-0.249064
4.91608,-0.283627
4.921,-0.315825
4.93164,-0.805152
4.90886,-0.813046
5.42641,-1.45521
5.40069,-1.50704
5.3989,-1.69617
4.88095,-1.18485
4.88098,-1.31444
4.66586,-0.807598
4.68884,-0.828091
4.71148,-0.848365
4.70115,-0.799811
4.69565,-0.765255
4.69351,-0.741523
4.71597,-0.846257
4.72986,-0.927073
4.74132,-0.996552
4.74997,-1.05373
5.53067,-2.16131
5.40661,-2.06818
5.40347,-1.6258
5.42427,-1.72584
5.4518,-1.7622
5.58752,-1.67689
3.6758,1.97893
3.55554,2.1279
7.07024,-0.537754
7.28548,-0.806535
7.05188,-0.731476
6.81333,-0.683177
6.5808,-0.656968
6.33925,-0.465242
6.12392,-0.324537
5.9372,-0.224469
5.77862,-0.156059
5.64608,-0.11191
5.55494,-0.0732867
3.18855,-1.04745
3.56024,-1.11089
3.6136,-1.00072
3.67414,-0.903219
3.76608,-0.849652
3.86514,-0.813874
3.95085,-0.786596
4.02913,-0.765518
4.11246,-0.749976
4.19375,-0.736125
4.26687,-0.726123
3.74808,-1.53501
3.76882,-1.38122
3.79899,-1.25093
3.83652,-1.15094
3.8856,-1.09851
3.93842,-1.05673
3.99361,-1.02482
4.04977,-1.00183
4.09019,-0.981455
4.12663,-0.961536
3.28317,-1.45443
3.31181,-1.40311
3.33622,-1.36517
3.35897,-1.33376
5.31307,-2.09083
5.2719,-2.11036
5.23165,-2.10769
5.19289,-2.08775
5.1562,-2.05521
5.1262,-2.03148
4.30792,-1.26938
4.31403,-1.22119
4.32156,-1.17793
4.32991,-1.13934
4.34899,-1.09906
4.36956,-1.06098
4.39104,-1.02603
4.4129,-0.994714
4.43463,-0.967228
4.49465,-0.933962
6.5611,-1.06834
6.45878,-1.1756
6.35228,-1.25889
6.23639,-1.32011
6.17832,-1.45571
6.11677,-1.56147
6.05544,-1.64422
5.98954,-1.70398
5.21514,-1.1613
5.77027,-1.07379
5.72108,-1.05944
5.67565,-1.04707
5.68576,-1.19322
5.69026,-1.31327
5.68462,-1.40852
5.67564,-1.48246
5.66328,-1.53734
5.64976,-1.58872
5.63263,-1.61883
4.995,-0.75335
5.0147,-0.709391
5.03576,-0.675096
4.8398,-1.3764
5.03394,-0.987884
4.99862,-0.996899
4.96616,-1.00389
4.93573,-1.01327
4.90813,-1.01674
4.88258,-1.01914
4.85229,-1.02771
4.81788,-1.03737
4.81355,-1.04316
4.53106,-1.08938
4.54258,-1.10473
4.55227,-1.11793
4.5604,-1.1291
4.56899,-1.13755
4.57739,-1.14402
4.58516,-1.14909
4.41791,-0.738202
5.01774,0.346291
5.0504,0.265722
5.07804,0.191819
5.10217,0.124698
5.12244,0.063991
5.13945,0.00929937
4.4706,-1.98697
4.51199,-1.90771
5.0245,-0.660548
4.99967,-0.731368
4.97258,-0.791045
4.94421,-0.841369
4.91706,-0.883979
4.88792,-0.919022
4.85774,-0.947812
Feature: 5.
5.68577,-2.58097
5.68577,-2.58097
5.68577,-2.58097
5.68577,-2.58097
5.68577,-2.58097
5.68577,-2.58097
5.68577,-2.58097
5.15629,-2.75758
5.17121,-2.72538
5.18665,-2.69373
5.2006,-2.66636
5.22212,-2.65417
5.24162,-2.6431
5.26193,-2.63157
5.28215,-2.6201
5.29283,-2.61761
5.31156,-2.61032
5.45712,-1.95418
5.46982,-2.00205
5.48167,-2.04778
5.48879,-2.08799
5.49289,-2.12404
5.49617,-2.15864
5.4981,-2.19137
5.49724,-2.21872
5.48118,-2.24542
5.48507,-2.26434
5.20319,-2.48695
5.24579,-2.50083
5.28622,-2.51378
5.32444,-2.52568
5.3603,-2.53657
5.39389,-2.54653
5.42952,-2.55722
5.46005,-2.56589
5.49185,-2.57492
5.47911,-2.58157
6.80754,-1.17033
6.06136,-1.93862
6.06281,-1.98778
6.06243,-2.03204
6.06267,-2.06501
6.05979,-2.10168
6.05584,-2.13463
6.05117,-2.16423
6.04612,-2.19082
6.04077,-2.21475
5.99908,-2.23624
3.29473,-2.85626
3.39169,-2.75565
3.48836,-2.66884
3.58209,-2.59381
3.67327,-2.52856
3.76235,-2.47283
3.8501,-2.42619
3.93342,-2.387
5.60057,-2.4739
5.54654,-2.61619
5.49015,-2.72664
5.43224,-2.81761
5.37224,-2.88897
5.31175,-2.93801
5.251,-2.96857
5.17856,-2.96367
4.97328,-2.46779
4.96376,-2.48594
2.67348,-2.65077
2.79845,-2.55081
2.90466,-2.46847
2.99666,-2.40396
4.4028,-1.7171
4.45435,-1.7075
4.47152,-1.60025
4.53637,-1.67956
4.60275,-1.76242
4.67852,-3.07298
4.65446,-3.08671
4.63236,-3.08588
4.61173,-3.0728
4.56132,-2.96842
4.53937,-2.97483
4.51843,-2.97401
4.49903,-2.96711
4.48108,-2.95563
4.48313,-2.92507
5.15186,-2.86764
5.11364,-2.82091
5.0725,-2.77689
5.03115,-2.7366
4.99192,-2.76068
4.95413,-2.79937
4.9222,-2.82592
4.89302,-2.84457
4.86069,-2.86046
4.83854,-2.87256
4.38903,-2.55199
4.418,-2.62887
4.4461,-2.69317
4.47684,-2.74713
4.51716,-2.73409
4.55586,-2.72063
4.59188,-2.70727
4.62462,-2.69437
4.65384,-2.68216
4.69655,-2.66655
5.43163,-2.80367
4.04389,-1.49879
4.05878,-1.51255
4.0804,-1.54788
4.10887,-1.59957
4.14315,-1.66274
4.51984,-2.51374
4.96741,-2.72222
4.97482,-2.84674
4.97086,-2.9363
4.95051,-3.00078
4.91759,-3.03015
4.88493,-3.04302
4.8525,-3.0419
4.82049,-3.02954
4.78916,-3.0086
4.77872,-2.97778
2.97928,-0.903272
3.68331,-1.55995
3.71944,-1.48168
4.18017,-2.16329
4.21543,-2.18501
4.25409,-2.20917
3.50474,-1.27786
5.36326,-3.13737
5.30613,-3.02269
5.24349,-2.92383
5.18211,-2.84072
5.12629,-2.77228
5.08017,-2.86739
5.03044,-2.94689
4.97882,-3.01187
4.92677,-3.06384
5.98166,-2.38996
5.90367,-2.28964
5.83842,-2.2157
5.77595,-2.18437
5.73552,-2.16773
5.70589,-2.22671
5.67448,-2.28437
5.64217,-2.33885
4.35582,-3.37117
4.3809,-3.28364
4.37736,-3.18403
4.37616,-3.08859
4.37848,-3.00006
4.3847,-2.92008
4.39462,-2.84937
4.40775,-2.788
5.89421,-3.44235
5.81984,-3.40494
5.73894,-3.36185
5.7276,-3.44241
5.713,-3.50976
5.68652,-3.62883
5.66425,-3.68664
5.63644,-3.71565
5.59816,-3.68837
6.1431,-4.24277
5.54169,-3.23652
5.55858,-3.37197
5.57939,-3.47986
5.59931,-3.55983
5.61561,-3.61346
5.61769,-3.65006
5.61938,-3.66603
5.6257,-3.63348
5.10139,-1.93918
5.13804,-2.00918
5.15617,-2.07334
5.17344,-2.13744
5.18365,-2.19162
5.19212,-2.23062
5.19989,-2.26479
5.20715,-2.29666
5.21464,-2.33229
6.37149,-3.36545
6.35145,-3.36806
6.32795,-3.39935
6.30374,-3.41497
6.27868,-3.4168
6.25434,-3.4143
5.38885,-1.84565
5.38283,-1.97986
5.37169,-2.09077
4.66158,-2.28435
4.68456,-2.30485
4.7072,-2.32512
4.70746,-2.27656
4.71115,-2.24193
4.71699,-2.2181
4.728,-2.32297
4.732,-2.40383
4.73493,-2.4733
4.73623,-2.53043
6.5409,-3.1775
6.41684,-3.08437
5.29301,-1.98249
5.26664,-2.00246
5.23004,-2.00869
5.19915,-2.01268
5.1714,-2.01491
5.14225,-2.01526
5.46179,-2.99191
5.46342,-3.09263
5.46519,-3.16933
5.47974,-3.12927
5.48567,-3.16974
5.4852,-3.18121
5.48467,-3.19071
5.48368,-3.19776
5.61364,-1.75853
5.64279,-1.75611
6.4796,-2.46285
6.45084,-2.4211
3.96559,-1.07267
3.95731,-0.910978
7.64421,-2.60893
7.43336,-2.5292
7.21451,-2.4766
6.99905,-2.44649
6.80216,-2.24374
6.62533,-2.09256
6.47181,-1.98274
6.34188,-1.90536
6.23406,-1.85306
6.18509,-1.79962
3.2636,-2.85637
3.35741,-2.75259
3.45319,-2.65989
3.56364,-2.60855
3.67589,-2.57424
3.77306,-2.54816
3.86129,-2.52805
3.95326,-2.51331
4.03806,-2.49978
4.11421,-2.49004
6.30782,-1.62692
6.54835,-1.66959
4.01075,-2.89958
4.02216,-2.85235
4.03428,-2.80991
4.04663,-2.77202
4.06903,-2.73231
4.09249,-2.69473
4.11649,-2.6602
4.14053,-2.62925
4.16416,-2.60208
4.23198,-2.57008
5.92128,-1.74366
5.88003,-1.81954
5.69692,-2.6861
5.65088,-2.67189
5.60816,-2.65964
5.58116,-2.8038
5.55347,-2.92144
5.51994,-3.01407
5.48678,-3.08535
5.45346,-3.13762
5.41105,-3.18495
5.36891,-3.21111
3.95409,-2.47738
3.98959,-2.44287
4.02443,-2.41665
5.52126,-2.43991
5.48082,-2.43064
5.441,-2.44105
5.40463,-2.44923
5.36961,-2.45999
5.3392,-2.4643
5.3112,-2.46743
5.27346,-2.47818
5.22946,-2.49059
5.22513,-2.49638
5.04404,-2.38047
5.04794,-2.39883
5.05099,-2.4146
5.05335,-2.42797
5.05692,-2.43832
5.06096,-2.44642
5.06493,-2.45289
4.55744,-2.16291
4.57937,-2.18968
4.59132,-2.26659
4.60101,-2.33717
4.60955,-2.4013
4.6163,-2.45933
4.62158,-2.51164
3.7583,-3.75158
4.0883,-2.16309
4.15667,-2.12364
4.22628,-2.08939
4.29535,-2.05931
4.36236,-2.03269
4.42613,-2.00904
4.32823,-3.47241
4.36963,-3.39315
Feature: 6.
11.6667,-3.4104
11.9882,-1.86898
12.061,-1.59688
12.1304,-1.36112
12.1978,-1.1579
12.2647,-0.983662
12.3284,-0.834093
14.1885,0.230419
14.1876,-0.0163874
14.1756,-0.218905
14.1549,-0.383621
14.1084,-0.469666
12.3003,-2.91386
12.9399,-1.95714
13.015,-1.62918
12.3359,-0.369751
12.344,-0.409458
12.3491,-0.443797
12.3515,-0.47332
12.352,-0.498801
12.3508,-0.520623
13.4541,2.64167
13.5794,2.1762
13.6653,1.77431
13.7239,1.42751
13.7623,1.12439
13.7821,0.869142
13.0743,0.762762
13.1509,0.600208
13.2214,0.457638
13.2843,0.333928
13.3389,0.227644
14.6018,-1.81629
13.8659,-0.453173
13.8619,-0.527058
13.8562,-0.584947
13.8497,-0.629124
13.8427,-0.662067
13.8434,-0.625909
14.1561,-0.0923126
14.2674,0.106013
14.2466,0.0120442
14.229,-0.0624039
14.212,-0.122531
14.1913,-0.178582
14.1811,-0.232667
14.1692,-0.274731
14.1092,-0.287384
14.0515,-0.299321
12.382,-0.607589
12.459,-0.504307
12.5394,-0.501314
13.0057,-0.455886
13.0484,-0.451353
13.0891,-0.445644
13.127,-0.439341
13.1615,-0.432871
13.1922,-0.426522
13.2267,-0.379875
13.2594,-0.342837
13.3034,-0.372045
13.3364,-0.364882
12.7866,-1.10795
12.7879,-0.951105
12.7908,-0.818702
12.7957,-0.706616
12.8035,-0.613534
12.8141,-0.537636
13.2189,0.291549
13.2051,0.419074
13.2,0.506224
13.2039,0.560744
13.2158,0.589717
13.2341,0.599239
14.0798,-0.235352
14.0751,-0.359403
14.0661,-0.454751
14.0536,-0.525434
14.0384,-0.575561
14.0214,-0.609008
14.0129,-0.58551
13.5982,-1.03502
13.5848,-0.895241
13.5749,-0.765191
13.5696,-0.646865
13.5692,-0.541243
13.5734,-0.448493
13.5816,-0.368198
13.2747,0.00950092
13.2913,-0.134332
13.3004,-0.256243
13.3416,-0.537971
13.3649,-0.711144
13.3752,-0.840853
13.3359,-0.810823
13.3394,-0.913568
12.3213,0.102558
12.4027,-0.167199
12.4774,-0.392691
12.5424,-0.575485
12.5966,-0.718893
12.6306,-0.833826
12.6594,-0.918055
12.6812,-0.925478
12.7253,-0.932739
12.7827,-0.921532
12.4724,0.353256
12.9374,0.296046
12.9526,0.241764
12.9673,0.186251
12.9733,0.146268
12.9781,0.119551
12.9826,0.0960057
12.9871,0.0733433
12.9922,0.0456723
13.0047,0.0048117
13.0192,-0.022738
13.2489,-0.106181
13.2426,-0.137949
13.2436,-0.221917
13.2404,-0.283757
13.2335,-0.326144
13.2249,-0.359249
13.2148,-0.382734
13.1996,-0.312757
13.5914,-0.341863
13.5693,-0.361886
13.55,-0.37778
13.5305,-0.477565
13.5487,-0.839539
13.3317,-0.511095
13.3187,-0.400736
13.3105,-0.312536
13.3058,-0.242243
13.3319,-0.413786
13.3485,-0.5523
13.362,-0.671571
13.3721,-0.771686
13.6165,-0.962863
13.5923,-1.00095
13.5568,-1.01664
13.5269,-1.02891
13.5,-1.03841
13.4716,-1.04514
13.4476,-1.05023
13.4748,-1.14238
12.7135,-0.211372
12.7534,-0.414089
12.7873,-0.579771
12.7915,-0.510594
12.8202,-0.615617
12.8225,-0.634972
12.8242,-0.65109
12.8251,-0.663645
12.8255,-0.673728
12.862,-0.665015
13.0495,-0.252371
13.0015,-0.0666254
13.0747,-0.230378
13.505,-0.453884
13.4677,-0.38259
13.4308,-0.323471
12.3012,-0.225023
12.2562,0.242508
13.9259,-2.3533
13.7245,-1.97723
13.5403,-1.67584
13.3777,-1.43587
13.2379,-1.24578
13.12,-1.09587
13.0506,-0.875179
12.9888,-0.707705
13.0283,-0.666113
13.0662,-0.628129
11.6374,-1.03143
12.0213,-0.548623
12.1179,-0.451004
12.201,-0.370048
12.2768,-0.302379
12.3578,-0.246396
12.4381,-0.216152
12.5103,-0.191935
12.5864,-0.172634
12.6698,-0.166564
12.6915,-1.21629
12.7407,-1.04997
12.7924,-0.909261
12.8457,-0.791405
12.8996,-0.693766
12.938,-0.620927
12.9739,-0.586499
14.6954,-0.00687772
14.6496,-0.0877261
13.9077,0.830581
13.9021,0.693507
12.5258,-0.852398
12.5442,-0.795401
12.5642,-0.742806
12.5852,-0.695249
12.6066,-0.652991
12.628,-0.616001
12.6862,-0.543674
13.549,1.02416
13.5395,0.731464
13.5173,0.488449
13.4881,0.285925
13.4486,0.12173
13.402,-0.0089584
13.3607,-0.0848332
13.6269,1.58137
13.6955,1.25142
13.7472,0.970731
13.78,0.735281
13.8024,0.539081
13.8158,0.377693
13.8356,0.178645
13.8452,0.0198697
Feature: 7.
14.5442,-1.65569
14.5315,-1.73446
14.5182,-1.79654
14.505,-1.84432
14.4923,-1.88036
14.4937,-1.84381
15.112,-0.989589
15.0801,-1.0567
15.0523,-1.15549
15.0287,-1.23407
15.0065,-1.29775
14.9807,-1.35721
14.9652,-1.41483
14.9487,-1.45994
14.8887,-1.47259
14.831,-1.48453
13.2767,-1.46225
13.3585,-1.35389
13.4389,-1.35089
13.4622,-1.76172
13.5035,-1.75764
13.5431,-1.75234
13.5799,-1.74641
13.6134,-1.74028
13.6432,-1.73424
13.6824,-1.68595
13.7192,-1.64747
13.7577,-1.67861
13.7908,-1.67145
14.8338,-1.92649
14.7409,-1.59734
14.6578,-1.32506
14.5763,-1.12184
14.5166,-0.95626
14.487,-1.01523
14.4556,-1.07289
14.4233,-1.12738
14.0371,-2.7657
14.0312,-2.62399
14.0278,-2.49224
14.0282,-2.37244
14.0326,-2.26553
14.0409,-2.17167
14.0526,-2.0904
13.553,-1.13894
13.5531,-1.34766
13.5168,-1.64788
13.501,-1.80048
13.23,-1.88561
13.2049,-1.69717
13.5125,-2.06021
13.4819,-1.98887
13.4508,-1.92969
11.9397,-1.957
11.9586,-1.50158
14.1371,-3.62872
13.9676,-3.24697
13.8109,-2.94
13.672,-2.69472
13.5528,-2.49965
13.4526,-2.34516
13.4135,-2.116
13.3778,-1.94059
13.4173,-1.899
13.4552,-1.86102
12.2929,-2.03722
12.3963,-1.89279
12.5029,-1.79232
12.5948,-1.70884
12.6781,-1.63892
12.7656,-1.58095
12.8486,-1.5499
12.9231,-1.52497
13.0012,-1.50505
13.0846,-1.49898
13.2822,-2.21699
13.3442,-2.04299
13.407,-1.89548
13.4699,-1.77161
13.532,-1.66867
13.5762,-1.59206
13.6136,-1.55659
14.59,-0.188853
14.5844,-0.325927
Feature: 8.
21.8931,0.194284
21.8904,0.323126
21.8924,0.435848
21.8988,0.533303
21.2195,1.10946
21.2667,0.817735
21.2963,0.584828
21.2565,0.617672
21.8527,-0.963643
20.7272,0.801202
20.7985,0.55213
20.8463,0.345309
20.8861,0.181203
20.914,0.127109
20.9653,0.0624535
21.0278,0.029774
21.3594,0.926198
21.364,0.901504
21.3676,0.888022
21.3711,0.875933
21.3746,0.863187
21.3789,0.844097
21.3919,0.798566
21.4058,0.776963
21.4193,0.754465
21.4206,0.72275
21.447,0.561801
21.453,0.415202
21.4539,0.298563
21.4503,0.208207
21.4443,0.133086
21.4363,0.0727773
21.4185,0.185975
21.4043,0.278006
21.4044,0.2959
22.3915,1.25393
22.1322,3.58954
22.2348,3.04401
22.309,2.58433
22.3427,2.29557
22.3649,2.05026
22.3486,1.8917
22.369,1.64744
22.2155,2.31804
22.2611,2.07732
22.2942,1.87896
22.3216,1.70798
22.3435,1.56321
21.8823,1.17384
21.8493,1.14873
21.8216,1.12821
21.7966,1.11148
21.7698,1.09839
21.7472,1.08771
21.7981,0.901722
20.4118,-0.0112011
21.2609,1.00051
21.3027,0.820781
21.3065,0.792302
21.3095,0.768537
21.3115,0.749616
21.3128,0.734276
21.3492,0.742989
22.0275,2.00836
20.3416,-0.445175
20.4424,-0.373818
Feature: 9.
21.8011,0.207382
21.8503,-0.255858
21.8769,-0.556904
21.8885,-0.797654
21.8492,-0.764599
20.8117,-0.847968
21.1245,-0.469167
21.1794,-0.723256
21.2128,-0.934261
21.2402,-1.10187
21.2608,-1.15795
21.3031,-1.22499
21.3588,-1.25945
21.3838,-0.645005
21.3913,-0.669653
21.3973,-0.683089
21.403,-0.695137
21.4084,-0.707844
21.4142,-0.726898
21.4264,-0.772448
21.4414,-0.794027
21.4558,-0.816502
21.4572,-0.848217
20.9627,-1.55779
21.3354,-0.998866
21.3295,-1.14457
21.32,-1.26035
21.3073,-1.3499
21.2933,-1.42427
21.2783,-1.48388
21.2688,-1.37149
21.2616,-1.28013
21.2618,-1.26224
22.3814,1.10195
22.4312,0.551694
22.4596,0.088827
22.4705,-0.201209
22.4729,-0.44745
22.447,-0.606409
22.4416,-0.851551
21.6404,-1.2919
21.6155,-1.34745
21.5796,-1.37226
21.5494,-1.39251
21.5222,-1.409
21.4935,-1.42188
21.4692,-1.43237
21.4916,-1.61506
20.1659,-1.90474
20.2182,-1.92786
20.319,-1.8565
