PILLARS.
Pillar: 1.
-3.61513,-2.88698
-3.61513,-2.88698
-3.61513,-2.88698
-3.61513,-2.88698
-3.61513,-2.88698
-3.61513,-2.88698
-3.61513,-2.88698
-3.61513,-2.88698
-3.61513,-2.88698
-3.61513,-2.88698
-3.61513,-2.88698
-3.76903,-2.83894
-3.76903,-2.83894
-3.76903,-2.83894
-3.76903,-2.83894
-3.76903,-2.83894
-3.76903,-2.83894
-3.6576,-2.85194
-3.65948,-2.85183
-3.66099,-2.85175
-3.66223,-2.85168
-3.6027,-2.79419
-3.60494,-2.79584
-3.60676,-2.7972
-3.60828,-2.79832
-3.60954,-2.79927
-3.61062,-2.80008
-3.61154,-2.80077
-3.61233,-2.80136
-3.61302,-2.80188
-3.61362,-2.80234
-3.60737,-2.80985
-3.60737,-2.80985
-3.54296,-2.81219
-3.54452,-2.81208
-3.5459,-2.81199
-3.54712,-2.81191
-3.54821,-2.81184
-3.54918,-2.81178
-3.55006,-2.81172
-3.55084,-2.81167
-3.44161,-2.85268
-3.44161,-2.85268
-3.92664,-2.8807
-3.91926,-2.88003
-3.9127,-2.87944
-3.90683,-2.87891
-3.90157,-2.87844
-3.89682,-2.87801
-3.89253,-2.87762
-3.88863,-2.87727
-4.07513,-2.72708
-4.07513,-2.72708
-4.36389,-2.82272
-4.35961,-2.82239
-4.35569,-2.82209
-4.35208,-2.82181
-4.34874,-2.82156
-4.34566,-2.82132
-4.34281,-2.8211
-4.34016,-2.82089
-3.76251,-2.69019
-3.27605,-2.98848
-3.26804,-2.98622
-3.2603,-2.98415
-3.25282,-2.98227
-3.24557,-2.98054
-3.23854,-2.97896
-3.23172,-2.97752
-3.2251,-2.9762
-3.65654,-2.95884
-3.65557,-2.95821
-3.34163,-2.98086
-3.34292,-2.97994
-3.3441,-2.97908
-3.34518,-2.97828
-3.34618,-2.97752
-3.3471,-2.97682
-3.34796,-2.97616
-3.79777,-2.80654
-3.79716,-2.8062
-3.62654,-3.51428
-3.36619,-2.7692
-3.36116,-2.7684
-3.35625,-2.76764
-3.5644,-3.08033
-3.56439,-3.08026
-3.13634,-3.16285
-3.13878,-3.16212
-3.19024,-2.96207
-3.1995,-2.96232
-3.20759,-2.96251
-3.21472,-2.96264
-3.22106,-2.96272
-3.44182,-3.09168
-3.44139,-3.09215
-3.44098,-3.09262
-2.85459,-3.00277
-2.85261,-3.00349
-2.85068,-3.00419
-2.84878,-3.00488
-2.84692,-3.00556
-3.55887,-2.72618
-3.55879,-2.72607
-3.23546,-2.80445
-3.2347,-2.80466
-3.23395,-2.80487
-2.89489,-2.87201
-2.89426,-2.8724
-2.89364,-2.87278
-2.89303,-2.87315
-2.89245,-2.87352
-3.22362,-2.49684
-3.22328,-2.49596
-3.22296,-2.49509
-3.22264,-2.49424
-3.17808,-2.26498
-3.17796,-2.26385
-3.17785,-2.26274
-3.17774,-2.26166
-3.04507,-2.64745
-3.04423,-2.64728
-3.0434,-2.64711
-3.04259,-2.64694
-3.04179,-2.64678
-3.04101,-2.64662
-3.47055,-2.6706
-3.47054,-2.6705
Pillar: 2.
-3.53689,-1.14663
-3.53689,-1.14663
-3.53689,-1.14663
-3.53689,-1.14663
-3.53689,-1.14663
-3.53689,-1.14663
-3.53689,-1.14663
-3.53689,-1.14663
-3.53689,-1.14662
-3.53689,-1.14663
-3.53689,-1.14663
-3.38299,-1.19466
-3.38299,-1.19466
-3.38299,-1.19466
-3.38299,-1.19466
-3.38299,-1.19466
-3.38299,-1.19466
-3.27922,-1.20588
-3.28114,-1.20576
-3.28268,-1.20567
-3.28395,-1.2056
-3.29648,-1.13495
-3.29931,-1.13649
-3.30164,-1.13775
-3.30359,-1.1388
-3.30522,-1.13968
-3.30662,-1.14043
-3.30781,-1.14107
-3.30885,-1.14162
-3.30975,-1.1421
-3.31054,-1.14252
-3.44085,-1.19622
-3.44085,-1.19622
-3.30323,-1.20781
-3.30479,-1.2077
-3.30617,-1.20761
-3.30739,-1.20753
-3.30848,-1.20746
-3.30946,-1.20739
-3.31033,-1.20733
-3.31112,-1.20728
-3.5689,-1.15599
-3.5689,-1.15599
-3.82866,-1.18206
-3.82121,-1.1814
-3.81459,-1.18081
-3.80867,-1.18029
-3.80336,-1.17982
-3.79857,-1.17939
-3.79423,-1.17901
-3.79029,-1.17866
-3.04558,-1.28948
-3.04558,-1.28948
-3.42821,-1.32234
-3.42412,-1.3219
-3.42036,-1.32149
-3.41691,-1.32111
-3.41373,-1.32076
-3.41079,-1.32043
-3.40806,-1.32013
-3.40554,-1.31985
-3.44297,-1.34292
-3.18974,-1.60654
-3.1816,-1.60428
-3.17375,-1.60222
-3.16617,-1.60034
-3.15884,-1.59862
-3.15175,-1.59705
-3.14488,-1.59561
-3.13822,-1.59429
-3.90336,-1.18525
-3.90141,-1.18449
-3.65898,-1.21853
-3.65979,-1.21752
-3.66052,-1.21658
-3.6612,-1.2157
-3.66181,-1.21488
-3.66238,-1.21411
-3.6629,-1.21339
-3.54525,-1.45108
-3.54469,-1.45072
-3.10122,-1.41611
-3.09607,-1.41534
-3.09102,-1.4146
-3.70821,-0.982481
-3.70772,-0.982378
-3.55909,-1.10302
-3.56104,-1.10218
-3.36249,-0.779155
-3.04636,-1.43492
-3.04717,-1.43433
-3.04795,-1.43376
-3.04869,-1.43322
-3.29536,-1.22541
-3.28607,-1.22514
-3.27733,-1.22484
-3.26908,-1.22451
-3.39781,-1.27491
-3.39778,-1.27496
-3.26567,-1.43779
-3.36707,-1.40672
-3.36701,-1.40701
-3.36696,-1.40729
-3.04056,-1.7416
-3.0388,-1.74308
-3.03706,-1.74453
-3.03533,-1.74595
-3.03362,-1.74736
-3.22351,-1.53609
-3.22346,-1.5366
-3.22341,-1.5371
-3.22336,-1.53759
-3.31162,-1.42782
-3.31149,-1.42771
-3.18981,-1.48354
-3.18916,-1.48375
-3.18851,-1.48395
-2.91725,-1.5505
-2.91665,-1.55089
-2.91607,-1.55127
-2.9155,-1.55165
-2.91495,-1.55201
-3.05222,-1.27975
-3.05182,-1.27969
-3.05141,-1.27964
-3.05102,-1.27958
-3.05063,-1.27953
-3.05025,-1.27948
-3.04988,-1.27943
-3.04951,-1.27938
-3.639,-1.19588
-3.63911,-1.19563
-3.63922,-1.19539
-3.63932,-1.19516
-3.63942,-1.19493
-3.14573,-1.26145
-3.14553,-1.26137
-3.14533,-1.26129
-3.14513,-1.26121
-3.14494,-1.26113
-3.14475,-1.26105
-3.32351,-1.40095
-3.3227,-1.40078
-3.32189,-1.40062
-3.3211,-1.40046
-3.32032,-1.4003
-3.31955,-1.40014
-3.37397,-1.47461
-3.37395,-1.47451
Pillar: 3.
-1.42799,-0.580119
-1.42799,-0.580119
-1.42799,-0.580119
-1.42799,-0.580119
-1.42799,-0.580119
-1.42799,-0.580119
-1.42799,-0.580118
-1.42799,-0.580119
-1.42799,-0.580118
-1.42799,-0.580119
-1.42799,-0.580119
-1.64079,-0.689134
-1.64378,-0.690075
-1.64625,-0.690833
-1.64831,-0.691453
-1.65005,-0.691966
-1.65152,-0.692396
-1.6528,-0.692759
-1.6539,-0.693069
-1.65486,-0.693335
-1.6557,-0.693566
-1.69926,-1.45173
-1.70066,-1.45864
-1.70191,-1.46483
-1.70304,-1.47039
-1.70406,-1.47541
-1.70498,-1.47996
-1.70581,-1.48409
-1.70658,-1.48786
-1.70727,-1.49131
-0.942243,-0.357374
-0.93398,-0.355334
-0.926028,-0.353459
-0.918364,-0.351732
-0.910967,-0.350139
-0.903819,-0.348669
-0.896904,-0.347308
-0.890206,-0.34605
-0.998726,-0.724716
-0.996516,-0.725555
-0.775016,-0.642533
-0.775669,-0.642306
-0.776261,-0.642091
-0.7768,-0.641887
-0.77729,-0.641694
-0.777739,-0.641511
-0.778151,-0.641337
-0.771098,-0.816711
-0.848471,-0.718828
-1.07783,-0.600215
-1.0773,-0.59977
-1.38356,-0.824472
-0.626089,-0.587948
-0.620855,-0.587421
-0.615735,-0.586908
-1.08552,-0.795911
-1.08498,-0.796402
-0.984819,-0.567778
-0.986641,-0.567558
-0.729303,-0.616012
-0.769628,-0.523908
-0.778765,-0.524282
-0.786739,-0.524582
-0.793758,-0.524823
-0.799983,-0.525016
-0.632924,-0.462185
-0.633632,-0.461844
-0.634311,-0.461516
-0.634962,-0.4612
-0.804288,-0.473442
-0.795398,-0.471853
-0.787035,-0.470308
-0.779139,-0.468804
-0.719215,-0.453849
-0.508384,-0.827695
-0.509238,-0.82719
-0.510046,-0.82671
-0.889854,-0.864913
-0.651461,-0.619039
-0.649936,-0.619338
-0.64853,-0.619618
-0.647233,-0.619882
-0.037351,-0.875976
-0.0378897,-0.875577
-0.038403,-0.875193
-0.0388917,-0.874825
-0.0233441,-0.950205
-0.0240018,-0.949964
-0.0246282,-0.949734
-0.0252232,-0.949513
0.00442025,-0.914952
0.00394604,-0.914584
0.003492,-0.914229
0.00305441,-0.913886
0.00263542,-0.913555
0.00223181,-0.913235
0.00184369,-0.912926
0.00147022,-0.912628
0.0011096,-0.912338
-0.915684,-0.746338
-0.915762,-0.746309
-1.02826,-0.440784
-1.02694,-0.441182
-1.02568,-0.441563
-1.02449,-0.441928
-1.02335,-0.442277
-0.00902855,-0.888774
-0.00914323,-0.888598
-0.00925511,-0.888426
-0.00936145,-0.88826
-0.027587,-0.868563
-0.0275362,-0.868501
0.20559,-0.643324
0.20258,-0.644102
0.199762,-0.644841
-0.414301,-0.886057
-0.417452,-0.886026
-0.420564,-0.885999
-0.423639,-0.885976
-0.426678,-0.885956
-0.404472,-0.729793
-0.40429,-0.729806
-0.404111,-0.729819
-0.403936,-0.729832
-0.403764,-0.729844
-0.403599,-0.729855
-0.403437,-0.729867
-0.256925,-0.855829
-0.256931,-0.855769
-0.256938,-0.85571
-0.256943,-0.855653
-0.256949,-0.855597
-0.256954,-0.855543
-0.256959,-0.855489
-0.256963,-0.855438
-0.256967,-0.855387
-0.733616,-1.41855
-0.75072,-0.685473
-0.750626,-0.685482
-0.750534,-0.685491
-0.750446,-0.6855
-0.750357,-0.685508
-0.75027,-0.685517
-0.750187,-0.685525
-0.750104,-0.685533
-0.779864,-0.70884
-0.77983,-0.708891
-0.776061,-0.449896
-0.882674,-0.405777
-0.882666,-0.405953
-0.88266,-0.406123
-0.667679,-0.499219
-0.666222,-0.500119
-0.664778,-0.501001
-0.663345,-0.501866
-0.661926,-0.502714
-0.757352,-0.726761
-0.757351,-0.726767
-0.757352,-0.726772
-0.717944,-0.585165
-0.718186,-0.585033
-0.718421,-0.584905
-0.718644,-0.584779
-0.870973,-0.398632
-0.870995,-0.398997
-0.871012,-0.399355
-0.871031,-0.399705
-0.947405,-0.504495
-0.94698,-0.50497
-0.946564,-0.505433
-0.485298,-0.300538
-0.483944,-0.300711
-0.482618,-0.30088
-0.48132,-0.301045
-0.480049,-0.301208
0.136015,-0.892834
0.134666,-0.892774
0.13336,-0.892719
0.132092,-0.892667
0.130867,-0.89262
-0.836325,-0.728124
-0.836166,-0.728116
-0.850739,-0.413298
-0.850167,-0.413322
-0.849607,-0.413345
-0.636327,-0.36135
-0.635766,-0.361675
-0.635217,-0.361995
-0.634682,-0.362307
-0.634159,-0.362615
-0.00542402,-0.935356
-0.00500989,-0.935357
-0.00460234,-0.935358
-0.00420213,-0.935359
-0.00380862,-0.935361
-0.00342217,-0.935362
-0.00304163,-0.935364
-0.00266868,-0.935365
0.101539,-0.900005
-0.918951,-1.17163
-0.91846,-1.17102
-0.917979,-1.17042
-0.917509,-1.16983
-0.766673,-1.14569
-0.766493,-1.1447
-0.766317,-1.14373
-0.766145,-1.14277
-0.654212,-0.618164
-1.02467,-0.690051
-1.02478,-0.690071
-1.02488,-0.69009
-1.0094,-0.380537
-1.00939,-0.380497
-1.00938,-0.380458
-1.00937,-0.38042
-1.00935,-0.380381
-0.436776,-0.789428
-0.707101,-0.864383
-0.707244,-0.864448
-0.707385,-0.864512
-0.707526,-0.864576
0.107925,-0.950776
0.107822,-0.950654
0.107723,-0.950535
0.107626,-0.950417
0.107532,-0.950301
0.0319067,-0.81829
0.0320873,-0.818264
-0.878714,-0.686589
-0.878509,-0.686515
-0.878308,-0.686442
-0.87811,-0.686371
-0.877916,-0.6863
-0.877724,-0.68623
-0.801442,-0.633783
Pillar: 4.
5.05513,-1.24337
5.05513,-1.24337
5.05513,-1.24337
5.05513,-1.24337
5.05513,-1.24337
5.05513,-1.24337
5.05513,-1.24337
4.81759,-1.25505
4.81759,-1.25505
4.81759,-1.25505
4.92156,-1.22809
4.91964,-1.22778
4.91809,-1.22753
4.91683,-1.22732
4.9995,-1.23596
4.9995,-1.23596
4.9995,-1.23596
4.9995,-1.23596
5.71772,-1.18609
5.72517,-1.1858
5.73179,-1.18555
5.73771,-1.18533
5.74302,-1.18514
5.74782,-1.18497
5.75215,-1.18482
5.75609,-1.18468
5.88001,-1.0948
5.88407,-1.09319
5.8878,-1.0917
5.89123,-1.09032
5.89439,-1.08904
5.89731,-1.08785
5.90001,-1.08674
5.90252,-1.08571
5.53511,-0.373511
5.53371,-0.380419
5.53246,-0.386606
5.53133,-0.392169
5.53032,-0.397191
5.5294,-0.40174
5.52856,-0.405874
5.5278,-0.409642
5.5271,-0.413087
4.9534,-0.934032
4.95267,-0.935353
4.952,-0.936575
4.95139,-0.937708
4.95084,-0.938762
4.95033,-0.939744
4.94986,-0.940659
4.96413,-0.8992
4.87996,-1.01005
5.044,-0.959673
5.05322,-0.958492
4.99783,-1.08812
4.98866,-1.08878
4.98066,-1.08935
4.97362,-1.08986
4.96737,-1.09031
5.35381,-0.864415
5.35258,-0.867134
5.35147,-0.869587
4.3259,-1.06511
4.32513,-1.06528
4.32439,-1.06545
4.32368,-1.06561
4.16632,-1.49548
5.5128,-1.08917
5.51126,-1.08881
5.50981,-1.08847
5.50845,-1.08815
5.50716,-1.08785
5.04476,-1.18671
5.04978,-1.18524
5.05438,-1.18387
5.0586,-1.1826
5.06248,-1.18142
5.01475,-0.976642
5.01388,-0.97664
5.01306,-0.976639
4.63344,-1.00767
4.84105,-1.21865
4.84269,-1.21787
4.84421,-1.21714
4.84561,-1.21645
4.99963,-1.14042
5.00227,-1.13974
4.63184,-0.788688
4.63132,-0.789134
4.63082,-0.789562
4.63035,-0.789974
4.64069,-0.714102
4.64006,-0.714318
4.63945,-0.714524
4.63888,-0.714721
4.94612,-0.880058
4.98375,-0.884631
4.71345,-0.905103
4.71298,-0.905186
4.71253,-0.905267
4.71209,-0.905345
4.71167,-0.905421
4.71127,-0.905496
4.71088,-0.905568
4.71051,-0.905639
4.71015,-0.905708
5.16117,-0.997144
5.16107,-0.997159
5.17244,-1.06745
5.17236,-1.06735
4.99285,-1.39714
4.99434,-1.39645
4.99576,-1.39579
4.99711,-1.39515
4.9984,-1.39454
4.96875,-1.18068
4.97026,-1.18023
4.65607,-0.930731
4.65596,-0.930797
4.65584,-0.930861
4.65574,-0.930923
4.63693,-0.953663
4.63698,-0.953601
4.84216,-1.16024
4.83932,-1.15944
4.83667,-1.15868
5.20006,-1.0433
5.19966,-1.04329
4.42573,-1.20489
4.42256,-1.2052
4.41942,-1.20551
4.41633,-1.20581
4.41327,-1.20611
4.59515,-0.669868
4.59534,-0.670209
4.59552,-0.670541
4.5957,-0.670865
4.59587,-0.67118
4.59604,-0.671489
4.59621,-0.67179
5.19115,-1.12156
5.19101,-1.12146
5.19086,-1.12137
5.19072,-1.12128
5.19059,-1.12119
4.83244,-1.01815
4.83243,-1.01814
4.83242,-1.01813
4.83242,-1.01812
4.83241,-1.01811
4.8324,-1.0181
4.8324,-1.01809
4.83239,-1.01808
4.83239,-1.01807
5.11355,-1.08356
4.8158,-0.970112
4.81589,-0.970153
4.81598,-0.970194
4.81607,-0.970234
4.81615,-0.970273
4.81624,-0.970312
4.81632,-0.970349
4.8164,-0.970386
4.83507,-0.941966
4.83517,-0.94201
4.72421,-1.16197
4.7259,-1.1616
4.72752,-1.16125
4.72907,-1.1609
4.73056,-1.16057
4.73199,-1.16025
4.73337,-1.15994
4.8111,-1.05308
4.8112,-1.05306
4.8113,-1.05304
5.2158,-0.991202
5.21405,-0.991502
5.21237,-0.991793
5.21074,-0.992073
5.20916,-0.992345
5.20763,-0.992607
5.20615,-0.992862
5.19697,-0.757947
5.19527,-0.75835
5.19361,-0.758741
5.19201,-0.759123
5.19046,-0.759494
5.18895,-0.759855
5.27434,-0.792037
5.26682,-0.792266
4.95913,-0.794016
4.95858,-0.794205
4.95805,-0.794388
4.95488,-0.817578
4.95424,-0.817415
4.95363,-0.817273
4.95837,-0.816066
4.60727,-1.11757
4.61645,-1.12069
4.36162,-1.4444
4.82699,-1.03725
4.82743,-1.03717
4.82785,-1.0371
4.82827,-1.03702
4.41113,-0.744159
4.41697,-0.745716
4.42251,-0.747224
4.42777,-0.748684
4.85009,-1.09811
4.7468,-1.02446
4.74683,-1.02437
4.74687,-1.02429
4.9954,-0.55658
4.99687,-0.556102
4.99832,-0.555626
4.99977,-0.555151
5.0012,-0.554677
5.10444,-0.862877
5.10345,-0.863068
4.99354,-0.924832
4.99354,-0.924851
4.99354,-0.924869
5.01652,-1.06268
5.01627,-1.06257
5.01604,-1.06246
5.01581,-1.06235
5.03387,-0.952177
5.03365,-0.952137
5.03344,-0.952099
3.93789,-1.28664
3.93947,-1.28579
3.94102,-1.28496
3.94253,-1.28415
3.94402,-1.28335
4.87812,-0.733651
4.87678,-0.733698
4.87547,-0.733746
4.87421,-0.733794
4.87299,-0.733844
4.53053,-1.17214
4.53116,-1.17174
4.53177,-1.17135
4.77685,-0.842378
4.77742,-0.84255
4.77798,-0.842721
4.77853,-0.842888
4.77907,-0.843053
4.57806,-0.884061
4.57848,-0.884146
4.57889,-0.88423
4.57929,-0.884312
4.57968,-0.884394
4.58007,-0.884474
4.58045,-0.884553
4.58083,-0.884631
4.68531,-0.89299
5.09088,-0.993988
5.09082,-0.993986
4.84032,-0.90832
4.84084,-0.908397
4.84135,-0.908473
4.84185,-0.908549
4.99363,-1.38539
4.99379,-1.38473
4.99396,-1.38407
4.99412,-1.38343
5.08658,-1.14902
5.17835,-1.54516
5.17805,-1.54446
5.22387,-1.02964
5.22376,-1.02961
5.22365,-1.02959
5.17521,-1.33446
5.17525,-1.33427
5.17528,-1.33408
5.17532,-1.3339
5.17535,-1.33371
5.08854,-1.08773
5.0886,-1.08768
5.47881,-0.888978
5.47866,-0.889005
5.47852,-0.889031
5.47838,-0.889058
4.52357,-1.01748
4.52346,-1.01751
4.52336,-1.01753
4.52326,-1.01755
4.52316,-1.01757
4.44308,-1.0277
4.44326,-1.02772
4.79145,-1.08022
4.79151,-1.08019
4.79156,-1.08016
4.70433,-1.1951
4.70454,-1.19505
4.70473,-1.195
4.70493,-1.19494
4.70512,-1.19489
4.70531,-1.19484
4.7759,-1.20148
5.03541,-1.08655
5.03538,-1.08652
5.03535,-1.08649
5.03532,-1.08647
5.03528,-1.08644
5.03525,-1.08642
4.44172,-1.11188
4.44253,-1.11158
4.44333,-1.11129
4.44412,-1.111
4.44489,-1.11071
4.44565,-1.11043
Pillar: 5.
5.6947,-2.59163
5.6947,-2.59163
5.6947,-2.59163
5.6947,-2.59163
5.6947,-2.59163
5.6947,-2.59163
5.6947,-2.59163
5.31865,-2.62574
5.31865,-2.62574
5.31865,-2.62574
5.42899,-2.59644
5.4271,-2.59612
5.42558,-2.59585
5.42434,-2.59563
5.50333,-2.60563
5.50333,-2.60563
5.50333,-2.60563
5.50333,-2.60563
5.32787,-2.58747
5.3263,-2.58736
5.32492,-2.58726
5.3237,-2.58716
5.32262,-2.58708
5.32164,-2.58701
5.32077,-2.58694
5.31998,-2.58688
5.14316,-2.71404
5.14195,-2.71541
5.14084,-2.71668
5.13981,-2.71786
5.13887,-2.71895
5.138,-2.71997
5.13719,-2.72092
5.21866,-2.67111
5.06981,-2.79005
5.21103,-2.74196
5.22014,-2.74079
4.69783,-2.66056
4.69551,-2.6617
5.04064,-2.56615
5.0391,-2.56579
5.03765,-2.56545
5.03629,-2.56513
5.035,-2.56482
4.58685,-2.66816
4.59188,-2.66669
4.59647,-2.66533
4.60068,-2.66406
4.60456,-2.66287
4.80691,-2.54832
4.8059,-2.5483
4.80494,-2.54828
4.42737,-2.57958
4.50552,-2.7681
4.50747,-2.76739
4.50927,-2.76672
4.51094,-2.76609
4.63722,-2.68381
4.63985,-2.68313
4.62795,-2.70638
4.62708,-2.70683
4.62625,-2.70726
4.62546,-2.70767
4.69794,-2.63095
4.69712,-2.63117
4.69634,-2.63138
4.69559,-2.63158
5.05947,-2.7944
5.1155,-2.7978
4.49362,-2.55167
4.49299,-2.55173
4.49238,-2.55179
4.4918,-2.55185
4.49124,-2.5519
4.4907,-2.55196
4.49018,-2.55202
4.48968,-2.55207
4.48919,-2.55212
4.94495,-2.64419
4.94485,-2.6442
4.94215,-2.55627
4.94209,-2.55617
4.60804,-2.8537
4.6098,-2.85307
4.61147,-2.85248
4.61307,-2.8519
4.61459,-2.85136
4.52308,-2.61978
4.5246,-2.61932
4.50625,-2.5681
4.50605,-2.56816
4.50585,-2.56822
4.50566,-2.56827
4.47197,-2.58958
4.47202,-2.58952
4.52633,-2.77384
4.52405,-2.77314
4.52192,-2.77249
4.83523,-2.64653
4.83491,-2.64653
3.78048,-2.52134
3.77721,-2.5216
3.77399,-2.52186
3.7708,-2.52212
3.76766,-2.52238
4.90666,-3.00135
4.9067,-3.00171
4.90673,-3.00206
4.90676,-3.00241
4.9068,-3.00274
4.90683,-3.00307
4.90686,-3.00339
4.70529,-2.55495
4.70514,-2.55486
4.705,-2.55477
4.70486,-2.55468
4.70472,-2.55459
4.52306,-2.53079
4.52304,-2.53077
4.52302,-2.53076
4.52299,-2.53075
4.52298,-2.53073
4.52295,-2.53072
4.52294,-2.53071
4.52292,-2.5307
4.5229,-2.53069
4.7455,-2.583
4.81315,-1.96673
5.03307,-2.74805
5.03315,-2.74809
5.03323,-2.74813
5.03331,-2.74818
5.03338,-2.74822
5.03346,-2.74826
5.03353,-2.7483
5.0336,-2.74833
5.02506,-2.72303
5.02517,-2.72307
4.66684,-2.57309
4.66827,-2.57271
4.66965,-2.57234
4.67098,-2.57199
4.67226,-2.57165
4.67349,-2.57132
4.67468,-2.571
5.02931,-2.61426
5.0294,-2.61424
5.0295,-2.61423
5.20355,-2.56751
5.20179,-2.56781
5.20009,-2.5681
5.19845,-2.56838
5.19686,-2.56865
5.19531,-2.56892
5.19382,-2.56917
5.33022,-2.76548
5.32849,-2.76588
5.32682,-2.76628
5.32519,-2.76666
5.32362,-2.76703
5.32209,-2.76739
5.46911,-2.79454
5.46067,-2.79486
5.21535,-2.77894
5.21476,-2.77913
5.21419,-2.77932
5.23992,-2.79857
5.23894,-2.79845
5.23803,-2.79836
5.24095,-2.79741
5.90305,-2.74539
5.89516,-2.74386
5.88785,-2.74241
5.88105,-2.74103
5.87472,-2.73972
4.81458,-2.14401
5.78888,-2.54667
5.78491,-2.54654
5.7811,-2.54641
5.22613,-2.27955
5.23154,-2.2743
5.23678,-2.26917
5.24186,-2.26415
5.2468,-2.25923
5.2648,-2.79085
5.26491,-2.79074
5.26503,-2.79063
5.68601,-2.26289
5.6879,-2.26225
5.68976,-2.2616
5.69161,-2.26096
5.69344,-2.26033
5.94112,-2.50251
5.94009,-2.50273
4.97425,-2.69524
4.97425,-2.69526
4.97425,-2.69527
4.91115,-2.83005
4.9109,-2.82994
4.91066,-2.82983
4.91043,-2.82973
4.89676,-2.71737
4.89648,-2.71733
4.89621,-2.71728
5.24781,-2.58887
5.2473,-2.5889
4.32038,-2.52097
4.32077,-2.52105
4.32115,-2.52113
4.32152,-2.52121
4.32188,-2.52129
4.32224,-2.52136
4.3226,-2.52144
4.32294,-2.52151
4.41183,-2.52734
4.80705,-2.62657
4.80699,-2.62657
4.99607,-2.62746
4.99598,-2.62743
4.99588,-2.62741
4.79101,-2.90204
4.79109,-2.90186
4.79116,-2.90168
4.79123,-2.9015
4.79131,-2.90133
4.6232,-2.63317
4.62327,-2.63312
4.67259,-2.55864
4.41427,-2.59852
4.41414,-2.59856
4.41401,-2.59859
4.41388,-2.59862
4.8462,-2.4889
4.84605,-2.48893
4.8459,-2.48897
4.84575,-2.489
4.84561,-2.48903
4.71798,-2.50878
4.71815,-2.5088
5.09217,-2.55627
5.09223,-2.55624
5.09229,-2.55621
5.15794,-2.50823
5.15814,-2.50818
5.15833,-2.50813
5.15852,-2.50808
5.15871,-2.50803
5.1589,-2.50798
5.21555,-2.51935
4.84958,-2.5508
4.84955,-2.55077
4.84952,-2.55074
4.84949,-2.55072
4.84945,-2.55069
4.84942,-2.55067
Pillar: 6.
12.5801,-0.861789
12.5874,-0.860955
12.5946,-0.8601
12.6015,-0.859228
12.6082,-0.858344
13.3536,-0.399339
13.3532,-0.402222
13.3528,-0.404913
13.3524,-0.407428
13.3405,-0.0485856
13.2818,-0.464937
13.4521,-0.522221
13.4613,-0.521576
12.4584,-0.622242
12.4493,-0.623275
12.4413,-0.624211
12.4343,-0.625065
12.4281,-0.62585
12.8279,-0.739671
12.8267,-0.74239
12.8256,-0.744843
13.5436,-0.351477
13.5524,-0.342265
13.5607,-0.333543
13.5685,-0.325264
13.6285,-0.318984
13.926,-0.354566
13.931,-0.353115
13.9356,-0.351786
13.9398,-0.350564
13.9437,-0.349439
14.3004,-0.423199
13.7927,-0.267432
13.7941,-0.264895
13.7955,-0.262516
13.7967,-0.260282
13.9665,-0.344952
13.9691,-0.34431
13.204,-0.56233
13.2034,-0.563384
13.2028,-0.564392
13.2023,-0.565355
13.5013,-0.477616
13.5347,-0.399927
13.4963,-0.405082
13.4948,-0.40577
13.4934,-0.406398
13.492,-0.406974
13.9463,-0.160792
13.9476,-0.158478
13.9488,-0.156263
13.9499,-0.15414
13.951,-0.152104
13.9662,-0.321626
13.9678,-0.321168
13.4714,-0.42287
13.4715,-0.422809
13.7388,-0.136698
13.7407,-0.137952
13.7425,-0.139122
13.7442,-0.140213
13.7458,-0.141232
13.7474,-0.142187
13.7489,-0.143082
12.8624,-0.521428
12.8607,-0.521799
12.859,-0.522159
12.8574,-0.522508
12.8558,-0.522845
12.8543,-0.523171
12.8528,-0.523487
12.7213,-0.562893
12.7196,-0.563375
12.7179,-0.563843
12.7163,-0.564298
12.7148,-0.56474
12.7133,-0.56517
12.7891,-0.36624
12.7818,-0.369908
13.0496,-0.459997
13.0382,-0.518737
13.0376,-0.519076
13.0371,-0.519407
13.0291,-0.424906
13.0285,-0.426115
13.0279,-0.427214
13.033,-0.433431
13.1282,-0.437101
13.1311,-0.43723
13.1338,-0.437331
12.8862,0.00426388
12.8796,0.00243878
12.8735,0.000744879
12.8679,-0.000831723
12.8626,-0.00230187
13.1555,-0.419989
13.1565,-0.419831
12.7928,-1.50539
12.8021,-1.5046
13.4263,-0.404235
13.4267,-0.404157
13.4272,-0.404081
13.4276,-0.404007
13.0267,-1.09199
13.0327,-1.09018
13.0383,-1.08847
13.0437,-1.08685
13.2097,-0.490177
13.2096,-0.489651
13.2182,-0.490389
13.2221,-0.49049
13.0905,-0.644842
13.0915,-0.64374
13.0417,-0.320057
13.0383,-0.321867
13.035,-0.323603
12.6674,-0.800422
12.6741,-0.801511
12.6806,-0.80259
12.6868,-0.80366
12.6929,-0.804719
12.9749,-0.358306
12.9677,-0.360676
12.9607,-0.362969
14.1314,-0.340364
14.1259,-0.34006
12.1405,-0.729611
12.1395,-0.729986
13.3279,-0.337675
13.3276,-0.337593
13.3274,-0.337512
13.3272,-0.33743
13.3569,-0.376657
13.3567,-0.376899
13.3565,-0.377133
13.3492,-0.39309
13.3486,-0.393422
13.348,-0.393743
13.2049,-0.649063
13.2049,-0.648555
13.2049,-0.648065
13.2049,-0.647591
12.9903,-0.539202
12.9889,-0.539433
12.9876,-0.539657
12.9864,-0.539877
12.9852,-0.540093
13.111,-0.585113
13.1104,-0.584935
12.1438,-0.721398
12.1444,-0.721364
12.145,-0.721331
12.1455,-0.7213
12.146,-0.721271
12.8295,-0.257301
12.8298,-0.257077
12.83,-0.256857
12.8302,-0.256639
12.9695,-0.418868
12.9272,0.0764791
12.9269,0.077175
13.4,-0.199184
13.4,-0.198793
13.4,-0.198409
13.4,-0.19803
13.4,-0.197657
13.3613,-0.382476
13.3614,-0.382383
Pillar: 7.
13.771,-1.62077
13.7703,-1.62374
13.7697,-1.62652
13.7691,-1.62911
13.8031,-1.25364
13.7002,-1.68603
13.8548,-1.74857
13.864,-1.74796
14.6256,-1.60253
14.6307,-1.60108
14.6353,-1.59975
14.6395,-1.59854
14.6434,-1.59742
14.5232,-1.43664
14.5249,-1.43396
14.5264,-1.43145
14.5279,-1.42909
14.6765,-1.52668
14.6791,-1.52604
13.6382,-1.87575
13.6374,-1.87685
13.6367,-1.87789
13.636,-1.8789
13.9738,-1.77776
14.0196,-1.69547
13.9474,-1.71279
13.9458,-1.71348
13.9444,-1.71411
13.9431,-1.71469
13.6878,-1.45028
13.6851,-1.44646
13.6825,-1.44284
14.0328,-1.60267
14.0324,-1.60225
14.2041,-1.86046
14.2057,-1.86179
14.2072,-1.86304
14.2086,-1.86421
14.21,-1.8653
14.2114,-1.86632
14.2126,-1.86727
13.0091,-2.09792
13.5607,-1.75127
13.5612,-1.75141
13.5614,-1.75048
13.3811,-1.92779
13.3773,-1.92969
13.3736,-1.93152
12.9694,-1.96464
12.9616,-1.96701
12.9541,-1.9693
14.0953,-1.9463
14.0942,-1.94609
13.8213,-1.7227
13.8211,-1.72262
13.8208,-1.72254
13.8206,-1.72246
13.8254,-1.77033
13.8251,-1.77059
13.8249,-1.77083
13.7925,-1.79496
13.7919,-1.79529
13.7913,-1.79561
13.8723,-1.60035
13.8724,-1.5998
13.8724,-1.59927
13.8725,-1.59875
13.3366,-1.71599
13.3352,-1.71623
13.3339,-1.71646
13.3326,-1.71669
13.3313,-1.71691
13.7117,-1.65465
13.7112,-1.65446
Pillar: 8.
22.0068,0.809638
22.0085,0.80738
22.0103,0.805257
22.0119,0.803259
20.9043,0.286084
20.9027,0.285678
20.9012,0.285286
20.8997,0.284904
20.9907,-0.195727
20.9892,-0.196231
21.0499,0.256826
21.0428,0.249376
21.1867,1.094
21.2843,0.376152
21.2838,0.37354
21.2834,0.371171
21.2892,0.357363
21.3818,0.379812
21.3847,0.380287
21.3873,0.38068
21.3183,0.380402
21.3182,0.38062
21.3182,0.380805
21.131,0.196971
21.1246,0.191181
21.1186,0.185774
21.113,0.18071
21.1079,0.175957
21.3672,0.343921
21.3681,0.344031
21.3415,0.339065
21.3413,0.339146
21.3411,0.339219
22.1727,1.0507
22.1808,1.05597
22.2406,0.951183
22.1828,0.812774
22.188,0.81816
22.193,0.823292
22.1977,0.828186
21.6325,0.731209
21.6326,0.73032
21.6882,0.774423
21.6888,0.773799
21.6411,0.730637
21.6898,0.772435
21.6449,0.730554
21.6378,0.686359
21.6387,0.687461
22.4062,0.142242
22.4137,0.132855
22.4209,0.123647
22.428,0.114611
22.4348,0.10574
21.5132,0.348084
21.5134,0.348472
Pillar: 9.
21.3565,-1.04043
21.355,-1.04084
21.3534,-1.04124
21.352,-1.04162
21.2965,-1.66893
21.295,-1.66944
21.4008,-1.20629
21.3931,-1.2139
21.3171,-1.1949
21.3164,-1.19751
21.3158,-1.19989
21.3202,-1.21373
21.4177,-1.19117
21.4207,-1.19069
21.4234,-1.1903
21.3473,-1.19072
21.3472,-1.19051
21.3472,-1.19032
20.9342,-1.35525
20.927,-1.36094
20.9203,-1.36626
20.9141,-1.37124
20.9083,-1.37592
21.2785,-1.21821
21.2794,-1.2181
21.2028,-1.21943
21.2026,-1.21935
21.2025,-1.21928
22.056,-1.33163
22.0653,-1.32641
22.2502,-1.43398
21.1949,-1.49622
21.1946,-1.49703
21.6049,-1.49405
21.6054,-1.49467
21.2034,-1.49677
21.6057,-1.49601
21.2072,-1.49685
20.8912,-0.506958
20.8861,-0.488433
21.381,-1.13384
21.3812,-1.13345
FEATURES.
Feature: 1.
-3.61513,-2.88698
-3.61513,-2.88698
-3.61513,-2.88698
-3.61513,-2.88698
-3.61513,-2.88698
-3.61513,-2.88698
-3.61513,-2.88698
-3.61513,-2.88698
-3.61513,-2.88698
-3.61513,-2.88698
-3.61513,-2.88698
-4.01523,-3.06242
-3.99823,-3.04699
-3.98094,-3.03129
-3.96247,-3.01453
-3.94654,-3.00006
-3.93222,-2.98707
-3.91917,-2.97522
-3.89721,-2.96521
-3.8786,-2.95682
-3.86199,-2.94927
-4.07286,-2.92963
-4.0577,-2.95225
-4.04301,-2.9671
-4.02848,-2.97682
-4.01346,-2.98241
-3.99841,-2.98138
-3.98243,-2.98067
-3.96638,-2.97891
-3.95003,-2.97579
-3.93313,-2.96856
-3.37745,-2.46924
-3.39184,-2.49424
-3.40646,-2.51931
-3.40084,-2.52851
-3.3974,-2.5393
-3.3962,-2.55111
-3.3957,-2.56694
-3.39794,-2.58047
-3.40207,-2.59322
-3.40708,-2.60555
-3.36463,-3.14769
-3.37076,-3.12759
-3.37694,-3.10709
-3.36933,-3.05255
-3.36907,-3.00819
-3.36905,-2.97276
-3.37613,-2.94319
-3.38743,-2.91835
-3.40188,-2.89838
-3.41766,-2.88315
-3.91622,-2.71588
-3.9272,-2.71611
-3.93822,-2.71662
-3.99861,-2.74316
-4.05092,-2.76603
-4.09589,-2.78538
-4.14175,-2.8009
-4.17599,-2.81423
-4.20137,-2.82869
-4.2243,-2.8373
-3.87955,-1.7875
-3.8718,-1.84976
-3.87619,-1.93953
-3.87516,-2.02349
-3.86692,-2.10218
-3.8512,-2.17571
-3.82866,-2.24407
-3.80048,-2.30731
-3.76802,-2.36555
-4.79216,-0.637204
-4.79291,-0.832778
-4.77558,-1.01141
-4.73925,-1.18089
-4.68807,-1.33004
-4.62956,-1.46134
-4.56572,-1.57657
-4.49278,-1.68202
-4.42143,-1.77402
-0.727512,-4.70874
-0.966325,-4.68356
-1.1894,-4.63984
-1.3894,-4.60767
-1.54258,-4.53448
-1.68374,-4.45109
-2.35912,-3.62613
-2.42805,-3.61881
-2.50337,-3.60635
-2.5516,-3.58024
-3.93689,-2.32451
-3.9037,-2.36524
-3.86879,-2.40187
-3.83307,-2.43622
-3.79801,-2.46781
-3.85169,-2.46546
-3.8072,-2.49822
-3.76002,-2.53501
-3.71281,-2.57435
-3.64954,-2.58254
-3.58362,-2.59007
-3.52643,-2.59978
-3.47417,-2.61026
-2.76731,-3.39563
-2.79882,-3.39119
-2.83204,-3.38545
-2.86919,-3.34891
-2.90724,-3.30995
-2.94467,-3.26999
-2.96894,-3.21594
-2.98533,-3.169
-3.00087,-3.12291
-3.00718,-3.09381
-1.37658,-3.36396
-1.50499,-3.3551
-1.63182,-3.33956
-1.75207,-3.31952
-1.8655,-3.29487
-1.95597,-3.2688
-2.04648,-3.23683
-2.12856,-3.20034
-2.50069,-2.30865
-2.5367,-2.32617
-2.57477,-2.34837
-2.61023,-2.36847
-2.64439,-2.38529
-2.67418,-2.4029
-3.07383,-2.05365
-3.10233,-2.09674
Feature: 2.
-3.53689,-1.14663
-3.53689,-1.14663
-3.53689,-1.14663
-3.53689,-1.14663
-3.53689,-1.14663
-3.53689,-1.14663
-3.53689,-1.14663
-3.53689,-1.14663
-3.53689,-1.14663
-3.53689,-1.14663
-3.53689,-1.14663
-3.6292,-1.41814
-3.6122,-1.40271
-3.5949,-1.38701
-3.57643,-1.37025
-3.5605,-1.35579
-3.54619,-1.34279
-3.53313,-1.33094
-3.51218,-1.32069
-3.49445,-1.3121
-3.47861,-1.30437
-3.61808,-1.30481
-3.62231,-1.32213
-3.62458,-1.33255
-3.62489,-1.33854
-3.62282,-1.34099
-3.61909,-1.33731
-3.613,-1.33435
-3.60557,-1.33068
-3.59675,-1.32593
-3.58643,-1.31731
-3.21092,-0.855613
-3.22532,-0.880614
-3.23993,-0.905684
-3.22464,-0.915909
-3.21281,-0.927644
-3.20433,-0.9403
-3.19752,-0.956894
-3.19427,-0.971115
-3.19365,-0.984473
-3.19452,-0.99734
-3.49192,-1.45101
-3.49805,-1.4309
-3.50423,-1.41041
-3.46697,-1.35389
-3.44094,-1.30825
-3.41853,-1.27203
-3.40615,-1.242
-3.40054,-1.21695
-3.40032,-1.19693
-3.40334,-1.18175
-2.88667,-1.27828
-2.89765,-1.27851
-2.90875,-1.27896
-2.98128,-1.2969
-3.0442,-1.31236
-3.09844,-1.32533
-3.15241,-1.33535
-3.19374,-1.34392
-3.22648,-1.35349
-3.25465,-1.35864
-3.56001,-0.440238
-3.55226,-0.502499
-3.587,-0.585426
-3.61242,-0.664014
-3.62721,-0.738453
-3.63153,-0.808606
-3.62642,-0.874281
-3.61339,-0.935368
-3.59409,-0.991876
-4.58288,1.1412
-4.64359,0.951664
-4.67833,0.776626
-4.69682,0.609288
-4.6932,0.460626
-4.67593,0.328739
-4.64782,0.212226
-4.60583,0.105086
-4.56126,0.0111906
-0.94191,-3.34672
-1.11945,-3.31329
-1.47777,-3.23172
-1.58422,-3.15632
-1.68475,-3.0723
-2.99747,-1.6226
-3.00273,-1.59609
-3.01594,-1.567
-3.05238,-1.53797
-5.04344,1.89862
-2.64733,-1.91837
-2.66435,-1.89686
-2.68269,-1.87494
-2.70115,-1.85354
-2.72,-1.83192
-2.73135,-1.82167
-2.74627,-1.80899
-2.76475,-1.79258
-2.54592,-0.471863
-2.60691,-0.524713
-2.674,-0.583229
-2.77704,-0.566822
-2.88679,-0.556935
-2.96864,-0.57594
-3.04633,-0.600727
-3.1317,-0.615251
-3.20081,-0.641967
-3.25311,-0.678742
-3.28961,-0.723146
-3.46941,0.407054
-3.49154,0.282881
-3.50155,0.158381
-3.50013,0.0352874
-2.81191,-2.07469
-2.80478,-2.06951
-2.80443,-2.06405
-2.83921,-2.02755
-2.87521,-1.98865
-2.91086,-1.94873
-2.94253,-1.89451
-2.96696,-1.84743
-2.98788,-1.80128
-2.99887,-1.77215
-3.61651,-0.728344
-3.58861,-0.755945
-3.55891,-0.78211
-3.52525,-0.807924
-3.48901,-0.833684
-3.45153,-0.859462
-3.41399,-0.885183
-3.37735,-0.910691
-3.0162,-1.51528
-3.05994,-1.4963
-3.10474,-1.4762
-3.14787,-1.45659
-3.19359,-1.43498
-3.13335,-1.42539
-3.13478,-1.41565
-3.13623,-1.40528
-3.13785,-1.39366
-3.13948,-1.38151
-3.141,-1.36941
-2.83226,-1.07522
-2.86131,-1.09089
-2.89332,-1.11151
-2.92352,-1.13026
-2.95227,-1.14573
-2.9782,-1.16239
-2.97724,-0.857662
-3.00575,-0.900748
Feature: 3.
-1.42799,-0.580119
-1.42799,-0.580119
-1.42799,-0.580119
-1.42799,-0.580119
-1.42799,-0.580119
-1.42799,-0.580119
-1.42799,-0.580119
-1.42799,-0.580119
-1.42799,-0.580119
-1.42799,-0.580119
-1.42799,-0.580119
-1.9289,-1.01029
-1.93676,-1.00751
-1.94239,-1.00043
-1.94578,-0.991196
-1.94651,-0.98039
-1.9453,-0.965164
-1.94147,-0.952154
-1.93608,-0.939734
-1.92905,-0.927366
-1.92033,-0.912108
-2.01327,-1.5969
-1.99156,-1.587
-1.96957,-1.57743
-1.94865,-1.56876
-1.92668,-1.56009
-1.90471,-1.55186
-1.88351,-1.54435
-1.8636,-1.53772
-1.84528,-1.532
-1.1254,0.347213
-1.17984,0.318592
-1.22334,0.286754
-1.25455,0.252587
-1.27367,0.217149
-1.28181,0.181417
-1.28059,0.146175
-1.27178,0.111989
-1.65612,0.852947
-1.70879,0.76206
-1.73925,0.672637
-1.75593,0.595379
-1.75298,0.524835
-1.73797,0.46064
-1.71307,0.402753
-1.67482,0.34637
-1.6342,0.296405
-1.58974,0.250361
-1.55729,0.195749
1.09999,-1.72106
0.993278,-1.78081
0.881699,-1.81556
0.704822,-1.8005
0.645674,-1.79998
0.584152,-1.78226
-0.494302,-0.817946
-0.475363,-0.870995
-0.467586,-0.91952
-0.500332,-0.905207
-2.41068,1.72865
-1.30148,-0.120269
-1.29535,-0.129055
-1.28423,-0.138233
-1.26938,-0.148975
-1.2526,-0.160227
-0.296602,-0.80258
-0.304874,-0.799697
-0.315718,-0.794043
-0.327744,-0.786843
-0.341072,-0.777601
-0.335508,-0.806367
-0.336332,-0.827611
-0.343031,-0.840652
-0.354603,-0.845769
0.272543,-1.09503
0.211309,-1.07172
0.144832,-1.04758
0.0769338,-1.02377
-0.0102094,-1.01032
-0.0406699,-1.02744
-0.0714098,-1.03562
-0.103864,-1.03798
-0.210179,-0.978595
-0.179447,-1.00808
-0.147373,-1.03586
-0.116498,-1.05969
-0.088425,-1.07836
-0.0766921,-1.07287
-0.0662993,-1.06665
-0.0594928,-1.06152
-0.433999,-0.312879
-0.391451,-0.370897
-0.355417,-0.420339
-0.323532,-0.464167
-0.294894,-0.503725
-0.268993,-0.539582
-0.242201,-0.576714
-0.220137,-0.607458
-0.19767,-0.638761
-1.06186,1.53287
-1.2134,1.52131
-1.3402,1.48839
-1.37415,1.39795
-1.39191,1.29864
-1.39565,1.1938
-1.38808,1.08644
1.20613,-2.7585
1.12906,-2.7725
1.05386,-2.75784
0.9831,-2.72639
0.917526,-2.68268
0.854327,-2.62498
0.793635,-2.54976
0.78788,-2.5336
0.780277,-2.492
-0.579808,0.994515
-0.611858,0.921003
-0.635584,0.839042
-0.652494,0.743977
-0.662761,0.654433
-1.14274,1.51623
-1.2127,1.49613
-1.25834,1.458
-1.27897,1.40209
-1.27643,1.33058
-1.26324,1.25862
-1.233,1.17533
-0.35237,-0.118908
-0.402996,-0.0927882
-0.442965,-0.0787043
-0.476037,-0.0733153
-0.500117,-0.0770733
-0.514715,-0.0893744
-0.520436,-0.109051
-0.518515,-0.134714
-0.510451,-0.164967
0.183541,-1.59575
0.113404,-1.5996
-0.00330412,-1.51214
-0.118372,-1.42585
-0.226709,-1.3431
-0.305004,-1.28196
-0.368915,-1.23076
-0.432436,-1.17836
-0.48172,-1.13487
0.072024,0.0942075
0.011041,0.0413579
-0.0560521,-0.017158
-0.172003,0.0559641
-0.294422,0.116647
-0.388079,0.141553
-0.476627,0.154738
-0.582412,0.206457
-0.670651,0.236892
-0.740637,0.249456
-0.793292,0.247679
-1.61221,0.30607
-1.62017,0.277075
-1.61395,0.246715
-1.59743,0.215001
-1.54897,0.185774
-1.49941,0.156491
-1.44281,0.125315
-0.966991,1.15946
-1.00535,1.08732
-1.03035,1.00773
-1.0426,0.923422
-1.35728,0.121723
-1.31279,0.0889598
-1.26561,0.0521688
-1.2184,0.0128344
-1.1713,0.0201445
-1.11959,0.0260589
-1.07486,0.0280392
-1.03354,0.0277288
1.73529,-3.05635
1.60756,-3.06062
1.48574,-3.03006
1.37065,-2.97852
1.26673,-2.91507
-0.551326,-0.847317
-0.509272,-0.908765
-0.480191,-0.961966
-0.512986,-0.929655
-0.547287,-0.894359
-0.58148,-0.857555
-0.619299,-0.790308
-0.650481,-0.72912
-0.675973,-0.67356
-0.690958,-0.636256
-0.555866,-0.543832
-0.529312,-0.550327
-0.500894,-0.558182
-0.468445,-0.568113
-0.433314,-0.580095
-0.396846,-0.593922
-0.360227,-0.609277
-0.324411,-0.625794
-0.29011,-0.643101
0.789935,-1.82322
0.680911,-1.84198
0.570644,-1.85066
0.464587,-1.85183
0.363332,-1.84573
0.299571,-1.8616
0.231627,-1.86646
0.168657,-1.86225
0.102951,-1.84897
-0.581726,-1.02872
-0.596322,-1.03188
-0.612761,-1.03171
-0.632758,-1.02721
-0.624286,-1.03563
-0.624672,-1.03371
-0.628054,-1.02536
-0.634842,-1.01036
-1.14755,-0.472756
-1.09634,-0.495446
-1.0684,-0.521217
-1.03848,-0.548779
-1.00799,-0.576877
0.734623,-1.33952
0.690437,-1.3114
0.645236,-1.28338
0.601754,-1.2569
0.555715,-1.22936
0.517037,-1.20615
0.479761,-1.17636
-0.862138,-0.867347
-0.864107,-0.855391
-0.866033,-0.843101
-0.868071,-0.829807
-0.870061,-0.816212
-0.871896,-0.802857
-0.873514,-0.790125
Feature: 4.
5.05513,-1.24337
5.05513,-1.24337
5.05513,-1.24337
5.05513,-1.24337
5.05513,-1.24337
5.05513,-1.24337
5.05513,-1.24337
4.62415,-1.43063
4.64008,-1.41617
4.6544,-1.40318
4.66745,-1.39133
4.68844,-1.37605
4.70619,-1.36306
4.72206,-1.3515
4.73655,-1.34103
4.76048,-1.33141
4.78048,-1.32337
4.79824,-1.31625
5.95901,-0.153205
6.01677,-0.262105
6.05827,-0.360399
6.09234,-0.449365
6.1135,-0.528188
6.12573,-0.597753
6.13095,-0.659971
6.13168,-0.716254
6.39503,-1.64547
6.32526,-1.58516
6.2642,-1.53252
6.21117,-1.4862
6.15795,-1.44461
6.11704,-1.40825
6.08451,-1.37131
6.05634,-1.34336
5.2211,-0.518685
5.24281,-0.508783
5.2648,-0.499214
5.28573,-0.490538
5.30769,-0.48187
5.32966,-0.473643
5.35086,-0.466134
5.37077,-0.459496
5.38909,-0.453782
3.76787,-0.930882
3.79773,-0.838694
3.83681,-0.761221
3.87995,-0.696349
3.92683,-0.641851
3.98232,-0.600481
4.0365,-0.565495
4.09168,-0.537768
4.13621,-0.499851
4.19477,-0.497486
4.26206,-0.491725
4.38924,-1.21461
4.40829,-1.15397
4.42992,-1.10279
4.45338,-1.06108
4.47724,-1.02676
4.5018,-0.999254
4.57599,-0.974475
4.63856,-0.95493
4.68946,-1.10689
4.67862,-1.14344
4.6653,-1.17208
4.65092,-1.1947
4.59177,-1.54345
5.08564,-1.09625
5.11496,-1.0935
5.14719,-1.09063
5.18054,-1.08785
5.20807,-1.08576
5.23232,-1.08405
5.21273,-1.08532
5.19738,-1.08684
5.18443,-1.08891
5.17323,-1.09145
5.79266,-1.33069
5.7319,-1.29596
5.66581,-1.26197
5.59824,-1.22967
5.5114,-1.2079
5.47878,-1.2781
5.44577,-1.33221
5.41154,-1.3658
5.37829,-1.39816
5.36402,-1.43018
4.43948,-0.54308
4.47427,-0.618358
4.50951,-0.686038
4.54287,-0.744634
4.57289,-0.793605
4.58501,-0.794522
4.59574,-0.793935
4.60283,-0.793746
4.60952,-0.79224
4.63413,-0.779776
4.27476,-0.260903
4.31736,-0.324472
4.35344,-0.378793
4.38536,-0.426915
4.41403,-0.470256
4.43995,-0.509452
4.46676,-0.549534
4.48884,-0.58289
4.51132,-0.616509
4.53326,-0.64913
4.60193,-0.686545
4.63958,-0.626263
4.57129,-0.403704
4.50898,-0.230743
4.50327,-0.222019
4.50869,-0.234719
4.52408,-0.263953
4.54751,-0.30534
4.57683,-0.355184
4.62701,-0.42664
5.78699,-1.87496
5.73157,-2.00969
5.67259,-2.10032
5.61396,-2.1606
5.55744,-2.19674
5.50149,-2.21405
5.4461,-2.20405
5.44739,-2.30153
5.44366,-2.35849
5.43574,-2.38159
5.46066,-2.42428
4.20669,0.20904
4.18428,0.196691
4.16828,0.167886
4.1576,0.118995
4.15237,0.0695446
3.70908,0.308084
3.67711,0.452333
3.65994,0.557824
3.6606,0.627193
3.67903,0.66483
3.70406,0.687847
3.74309,0.687162
5.27342,-1.7731
5.26126,-1.72942
5.24835,-1.68108
5.23558,-1.6307
5.22362,-1.58045
4.66558,-0.983859
4.62994,-0.865812
4.60161,-0.771711
4.57761,-0.696712
4.56063,-0.639943
4.55161,-0.599634
4.55028,-0.573593
4.55569,-0.559539
4.56652,-0.555293
4.58142,-0.558888
5.66017,-2.14778
5.54678,-2.02565
5.43442,-1.90925
5.32829,-1.80035
5.25182,-1.71649
5.18942,-1.64557
5.12715,-1.57605
5.07891,-1.5177
5.0389,-1.4671
5.0116,-1.43104
5.39473,-1.68896
5.33059,-1.63102
5.26129,-1.57521
5.19155,-1.52284
5.12484,-1.47467
5.07543,-1.43759
5.0346,-1.40677
5.70564,-1.5274
5.636,-1.51395
5.56594,-1.49882
5.49141,-1.48084
5.52373,-1.62278
5.54626,-1.73385
5.55835,-1.81468
5.56078,-1.86768
5.55509,-1.8963
5.54304,-1.90447
4.98421,-0.947245
5.04461,-1.08273
5.10314,-1.19709
5.15574,-1.28815
5.20031,-1.3559
5.22697,-1.40325
5.24986,-1.43262
5.26004,-1.40396
4.81253,-0.15847
4.83583,-0.219477
4.85567,-0.274043
4.87508,-0.329295
4.88295,-0.358812
4.89026,-0.386532
4.89709,-0.412981
5.46034,-1.6207
5.44661,-1.82265
4.91547,-1.32761
4.98009,-0.955418
4.96986,-0.96173
4.95859,-0.968622
4.94843,-0.974774
4.93915,-0.980335
4.93911,-1.12234
4.93201,-1.23383
4.91915,-1.31584
5.38752,-1.57959
5.30422,-1.38789
5.20897,-1.2199
5.13721,-1.10138
5.06639,-1.00659
4.9888,-0.811042
4.92205,-0.654999
4.86844,-0.532833
4.82829,-0.43903
4.80782,-0.375008
4.78324,-0.302426
3.98935,-1.01096
4.01361,-0.894489
4.04474,-0.797912
4.08057,-0.718987
4.13856,-0.688341
4.19587,-0.665565
4.25883,-0.651489
4.31466,-0.641575
4.37016,-0.63565
4.42191,-0.632816
3.15322,-1.18131
3.20767,-1.14673
3.26567,-1.11696
3.31578,-1.09412
3.36173,-1.07617
6.24331,-1.57625
6.16775,-1.75003
6.08605,-1.86816
6.00188,-1.94671
5.92183,-1.99691
4.91093,-1.64727
4.87689,-1.62466
4.84151,-1.59772
4.80637,-1.56812
4.77245,-1.47069
4.7453,-1.37671
4.7224,-1.29919
4.70959,-1.24279
4.02403,-0.732411
4.05178,-0.707312
4.08105,-0.687741
4.11411,-0.673868
4.14967,-0.665191
4.18644,-0.66109
4.22326,-0.660888
4.25921,-0.663909
4.29359,-0.669508
4.34337,-0.679903
4.44365,-0.694072
6.49718,-1.00719
6.39805,-1.09847
6.29564,-1.1703
6.19585,-1.22644
6.09962,-1.26821
6.04566,-1.39146
5.98459,-1.48972
5.92636,-1.56673
5.86385,-1.62406
5.82222,-1.67289
5.75086,-1.6687
5.67422,-0.878549
5.66094,-0.953372
5.64495,-1.00831
5.62489,-1.06305
5.63149,-1.19293
5.62756,-1.29639
5.61967,-1.37946
5.60788,-1.44375
5.59271,-1.49148
5.58605,-1.53567
5.08925,-0.562446
5.11725,-0.582629
5.14722,-0.605335
5.17774,-0.629211
5.14827,-1.48788
5.10444,-1.449
5.05952,-1.41166
5.01626,-1.37711
4.97041,-1.34257
4.93188,-1.31331
4.89426,-1.297
4.85978,-1.28117
4.85419,-1.26518
4.84835,-1.24845
4.71698,-1.41724
4.71555,-1.39984
4.71408,-1.38281
4.71244,-1.36542
4.71079,-1.34826
4.70925,-1.33181
4.70789,-1.3164
4.17661,-2.10943
4.23496,-2.03822
4.29446,-1.96574
4.35142,-1.89648
4.40468,-1.83186
4.45403,-1.7721
4.91346,-0.453821
4.8878,-0.513231
4.85852,-0.57183
4.83055,-0.623544
4.80394,-0.672877
4.77944,-0.713668
Feature: 5.
5.6947,-2.59163
5.6947,-2.59163
5.6947,-2.59163
5.6947,-2.59163
5.6947,-2.59163
5.6947,-2.59163
5.6947,-2.59163
5.1252,-2.80132
5.14114,-2.78686
5.15545,-2.77387
5.16851,-2.76202
5.19033,-2.74643
5.20882,-2.73317
5.22533,-2.72137
5.24038,-2.7107
5.26431,-2.70108
5.28431,-2.69305
5.30207,-2.68592
5.44498,-1.89144
5.4542,-1.9537
5.46051,-2.01059
5.46401,-2.06242
5.46635,-2.11301
5.46562,-2.15673
5.46269,-2.19569
5.45868,-2.23078
3.54241,-2.70672
3.62676,-2.6206
3.71323,-2.54704
3.79754,-2.48454
3.88013,-2.43133
3.96659,-2.39051
4.04762,-2.35555
4.12607,-2.32753
4.1997,-2.28882
4.27495,-2.28578
4.3537,-2.27947
5.30128,-2.76138
5.2578,-2.78035
4.61348,-2.57322
4.64279,-2.57047
4.67503,-2.5676
4.70838,-2.56483
4.7359,-2.56273
4.76016,-2.56103
4.74245,-2.5629
4.72873,-2.56493
4.71719,-2.56745
4.70722,-2.57038
5.56016,-2.89892
5.50265,-2.86466
5.43936,-2.83108
5.3742,-2.79912
5.28973,-2.77769
5.24203,-2.84569
5.19597,-2.89777
5.15289,-2.92992
5.10958,-2.96058
5.0829,-2.99042
4.57872,-2.45572
4.59468,-2.53228
4.61352,-2.60092
4.63258,-2.66024
4.65014,-2.70975
4.65963,-2.71077
4.66804,-2.71027
4.6731,-2.71016
4.678,-2.70872
4.70853,-2.69603
4.06966,-1.90937
4.11033,-1.97269
4.1447,-2.0268
4.17512,-2.07473
4.20246,-2.1179
4.22721,-2.15695
4.25299,-2.19689
4.27416,-2.23013
4.29583,-2.26365
4.31704,-2.29617
4.38572,-2.33359
3.96701,-1.97433
3.95421,-1.77805
3.94092,-1.62607
3.95888,-1.62675
3.98503,-1.6473
4.01853,-1.68312
4.05779,-1.73005
4.10092,-1.78456
4.15507,-1.85734
5.96468,-3.50954
5.86622,-3.64838
5.76979,-3.74166
5.67859,-3.80354
5.59377,-3.84055
5.51126,-3.85823
5.43281,-3.84821
5.39399,-3.94487
5.35552,-4.00034
5.31755,-4.02155
5.30968,-4.06155
3.43714,-1.03882
3.43072,-1.06089
3.42869,-1.09796
3.4302,-1.1539
3.4356,-1.20937
3.42001,-2.02629
3.46695,-1.89046
3.51846,-1.79012
3.57884,-1.72359
3.64914,-1.68718
3.7192,-1.6643
3.7973,-1.66441
4.78755,-3.20649
4.77539,-3.16282
4.76248,-3.11447
4.74972,-3.0641
4.73775,-3.01385
4.14988,-2.43914
4.14094,-2.33028
4.13593,-2.24376
4.13227,-2.17504
4.13301,-2.1235
4.13943,-2.08755
4.15154,-2.06517
4.16863,-2.05419
4.18964,-2.05254
4.21338,-2.05833
5.73031,-2.14393
5.79292,-3.93402
5.69069,-3.81103
5.58801,-3.69382
5.49028,-3.58417
5.4211,-3.49964
5.36502,-3.42811
5.30824,-3.35803
5.26477,-3.29919
5.2289,-3.24816
5.2016,-3.2121
5.29385,-3.09763
5.23544,-3.04009
5.17107,-2.9846
5.1056,-2.9325
5.04256,-2.88455
4.99631,-2.84765
4.95819,-2.81698
5.92385,-3.08858
5.85421,-3.07513
5.78415,-3.06
5.70961,-3.04202
5.71173,-3.18788
5.70797,-3.30189
5.6972,-3.38491
5.67976,-3.43954
5.6568,-3.46937
5.62974,-3.47844
5.38611,-2.91865
5.41142,-3.06096
5.43939,-3.18075
5.46539,-3.27613
5.48681,-3.34735
5.49334,-3.39749
5.49873,-3.42911
5.50179,-3.40133
5.0883,-2.14077
5.10903,-2.20214
5.12663,-2.25701
5.14409,-2.31253
5.15407,-2.34176
5.16317,-2.36923
5.17152,-2.39547
6.28342,-3.42367
6.26005,-3.44707
6.23647,-3.45749
6.21289,-3.45812
6.18879,-3.44666
5.42691,-1.98568
5.80035,-2.17463
5.77309,-2.10579
5.74579,-2.05611
5.72112,-2.02437
5.69852,-2.12428
5.67429,-2.21091
5.65109,-2.27527
5.62899,-2.32548
5.55548,-3.21144
5.49583,-3.03819
5.45489,-2.91453
5.41077,-2.81486
5.37986,-2.6098
5.35347,-2.4445
5.3348,-2.31355
5.32489,-2.21155
5.33061,-2.13998
5.34864,-2.05422
3.62479,-2.74353
3.69403,-2.63592
3.76438,-2.54608
3.83439,-2.4723
3.91086,-2.44415
3.98425,-2.42338
4.06116,-2.41093
4.12913,-2.40234
4.191,-2.39707
4.24828,-2.39479
5.84622,-2.02391
5.78542,-2.03859
3.68106,-2.3536
3.71999,-2.33083
3.75899,-2.31321
3.8005,-2.30099
3.8434,-2.29371
3.88654,-2.2908
3.92889,-2.2916
3.96964,-2.29548
4.0082,-2.30182
4.05954,-2.31249
4.15983,-2.32665
5.5721,-2.48929
5.54037,-2.56284
5.51021,-2.61665
5.47493,-2.67004
5.45037,-2.79671
5.41945,-2.89689
5.38817,-2.97674
5.35612,-3.03797
5.32339,-3.08283
5.2906,-3.12237
3.96181,-2.24196
4.01302,-2.26465
4.04256,-2.28581
4.07387,-2.30936
4.10555,-2.33397
5.44364,-2.96501
5.4034,-2.92541
5.3616,-2.88743
5.32104,-2.85233
5.27753,-2.81731
5.24102,-2.78762
5.19889,-2.77225
5.1605,-2.75722
5.15491,-2.74123
5.14908,-2.7245
5.16084,-2.7337
5.1607,-2.71586
5.16034,-2.69846
5.15967,-2.68073
5.15886,-2.66329
5.15805,-2.6466
5.15731,-2.63097
3.99078,-3.57367
4.04913,-3.50247
4.10863,-3.42999
4.16559,-3.36073
4.21885,-3.2961
4.2682,-3.23634
Feature: 6.
12.1036,-1.75461
12.1125,-1.59379
12.1263,-1.4589
12.1448,-1.34588
12.1673,-1.25125
12.2672,-1.4323
12.3271,-1.21021
12.3912,-1.0234
12.4507,-0.862249
12.5091,-0.725141
12.5555,-0.550266
12.6142,-0.469375
12.6811,-0.409649
11.861,-1.4396
11.8822,-1.28791
11.9049,-1.15771
11.9285,-1.04742
11.952,-0.953616
11.9759,-0.874509
12.0501,-0.84973
12.1127,-0.830186
13.8815,1.11815
13.9162,0.856722
13.9374,0.634115
13.9475,0.446949
13.9487,0.291387
14.1212,-0.337571
14.1006,-0.327549
14.0844,-0.319267
14.0707,-0.312829
14.0589,-0.307995
15.2712,-0.755768
14.3699,0.393418
14.3522,0.237959
14.3315,0.10995
14.3053,0.0260296
14.2809,-0.0635698
14.2769,-0.1664
13.1342,-0.552491
13.1466,-0.56518
13.1576,-0.574924
13.1649,-0.583811
13.1718,-0.590285
13.1958,-0.551394
13.2186,-0.500922
13.251,-0.48924
13.2803,-0.478762
13.3,-0.471754
13.547,-0.150515
13.5387,0.0110446
13.5397,0.131202
13.5497,0.217462
13.5672,0.276484
13.5904,0.313948
13.6387,0.267538
14.2607,-0.589601
14.2296,-0.747713
14.4367,-0.942322
14.3694,-0.847624
14.2973,-0.760112
14.2251,-0.680434
14.1562,-0.608756
14.1048,-0.551443
14.0622,-0.503228
12.9873,0.101166
13.0488,-0.1859
13.0944,-0.423431
13.1248,-0.614361
13.1418,-0.763162
13.1478,-0.875122
13.1451,-0.955754
12.414,0.257486
12.4946,-0.0101886
12.5688,-0.239613
12.6336,-0.430764
12.6876,-0.585549
12.7217,-0.708565
12.7504,-0.803689
12.7627,-0.801774
12.7725,-0.792952
12.8885,0.196438
12.9122,0.12494
12.9324,0.0612443
12.9522,-0.00195324
12.9597,-0.0228598
12.9667,-0.0432859
12.9733,-0.0635647
12.9812,-0.0894496
12.9946,-0.10558
13.0088,-0.125046
13.1074,-0.299901
13.1061,-0.372101
13.1017,-0.425454
13.0947,-0.463863
13.0849,-0.485652
13.0743,-0.500807
13.0649,-0.414501
13.5782,-0.501086
13.5893,-0.900603
13.5794,-0.322402
13.5692,-0.328715
13.5579,-0.335607
13.5477,-0.341758
13.5385,-0.347319
13.5469,-0.618382
13.5457,-0.841565
13.5367,-1.02019
13.979,-0.635437
13.9637,-0.832848
13.8306,-0.873711
13.7664,-0.976582
12.7932,-0.373166
12.8133,-0.392293
13.1955,-0.480028
13.1517,-0.340511
13.1096,-0.229856
13.0717,-0.145526
13.0623,-0.297817
13.0494,-0.430834
13.036,-0.536332
13.0224,-0.623107
13.3821,-0.748814
13.3637,-0.769872
13.3437,-0.780985
13.3212,-0.781368
13.3916,-0.819201
11.7497,-1.53045
11.751,-1.28935
12.4233,-0.660101
12.4802,-0.541564
12.5358,-0.442496
12.5967,-0.362199
12.6504,-0.294809
12.7045,-0.258721
12.7551,-0.229741
12.8091,-0.208594
12.8661,-0.210937
12.9212,-0.214993
12.8935,-1.30664
12.9035,-1.08916
12.9157,-0.916398
12.932,-0.780983
13.9768,0.880961
13.9877,0.416435
13.9722,0.0433864
13.9387,-0.258169
13.8976,-0.503095
13.852,-0.699917
13.7757,-0.624356
12.1718,-1.76024
12.1389,-1.62156
12.1125,-1.48277
12.09,-1.37528
12.0774,-1.29284
13.6971,0.956947
13.6835,0.691227
13.6552,0.468614
13.6239,0.283161
13.5835,0.131325
13.571,-0.0512517
13.4997,-0.0470576
13.594,1.26712
13.6443,0.982125
13.6759,0.743341
13.697,0.542343
13.7089,0.375344
13.7133,0.238235
13.734,0.0602433
Feature: 7.
12.4955,-2.70274
12.5807,-2.47584
12.6666,-2.28445
12.7451,-2.11903
12.8197,-1.97799
12.8865,-1.79789
12.9568,-1.71386
13.0317,-1.65191
14.8088,-1.59222
14.7898,-1.58133
14.775,-1.57228
14.7625,-1.56518
14.7517,-1.55978
15.1837,-0.719423
15.1553,-0.882657
15.1252,-1.01731
15.0926,-1.10571
15.0608,-1.20035
15.0478,-1.30934
13.582,-1.86131
13.5927,-1.87461
13.6021,-1.88489
13.608,-1.89425
13.6137,-1.90114
13.6417,-1.86088
13.6697,-1.80863
13.702,-1.79695
13.7313,-1.78647
13.751,-1.77947
14.1939,-0.86027
14.2254,-1.17161
14.2436,-1.41441
14.2515,-1.59883
14.2903,-1.81802
14.8486,-2.67962
14.7884,-2.58323
14.7224,-2.49424
14.6554,-2.41327
14.591,-2.34046
14.5435,-2.28217
14.5042,-2.23311
13.5872,-1.23509
13.9424,-0.984256
13.8812,-0.918222
13.8217,-1.03026
13.4175,-2.10815
13.3892,-1.96644
13.3605,-1.85376
13.4206,-2.3547
13.3964,-2.37588
13.3714,-2.38709
13.3443,-2.38755
13.4069,-2.42547
12.8045,-2.08011
12.8764,-1.95748
12.9449,-1.85473
13.017,-1.77114
13.0804,-1.70082
13.1397,-1.66316
13.1946,-1.63281
13.2524,-1.61047
13.3094,-1.61281
13.3645,-1.61686
13.4025,-2.35123
13.4343,-2.1229
13.4651,-1.94036
13.4974,-1.79617
14.6386,-0.151871
14.6104,-0.64041
14.5603,-1.03311
14.4963,-1.35081
14.4283,-1.60906
14.359,-1.81691
14.2953,-1.73555
Feature: 8.
22.5048,0.106008
22.4338,0.199238
22.3806,0.275095
22.3364,0.339253
21.0571,0.961796
21.0934,0.712528
21.1152,0.51314
21.1254,0.356455
20.911,0.416107
20.9548,0.209982
20.9912,0.0426139
21.0066,0.0151438
21.0188,-0.00205317
21.2136,0.732296
21.2203,0.720196
21.2266,0.70723
21.2326,0.693261
21.2402,0.671853
21.2528,0.663053
21.2664,0.65003
21.2803,0.634247
21.2882,0.60739
21.2951,0.58218
21.3298,0.338995
21.3329,0.208078
21.3319,0.1032
21.3276,0.0195493
21.3201,-0.0419908
21.3113,-0.0920982
21.2992,0.0463409
21.2899,0.146674
21.2928,0.166481
21.2958,0.185531
22.3304,3.73154
22.4417,3.11812
22.5222,2.59655
22.419,2.58511
22.4704,2.18051
22.5047,1.84134
22.5252,1.56209
22.2095,1.53102
22.2257,1.2104
22.2303,0.951473
22.1504,1.09589
22.0829,1.20824
22.1016,0.939315
22.0284,1.06647
21.3405,0.958035
21.3606,0.938908
22.7454,1.32172
22.7461,1.10051
22.7419,0.906516
22.7358,0.746964
22.7284,0.61218
20.2216,-0.823355
20.3385,-0.725919
Feature: 9.
21.6345,-0.315264
21.6546,-0.571732
21.6621,-0.777206
21.66,-0.939049
21.3288,-1.02935
21.3579,-1.23962
21.3816,-1.41047
21.3918,-1.43932
21.2338,-0.838968
21.2422,-0.851046
21.2499,-0.863991
21.2571,-0.877942
21.2655,-0.899337
21.2796,-0.908114
21.2944,-0.921115
21.3093,-0.936878
21.3172,-0.963735
21.3241,-0.988945
21.2172,-1.22161
21.2092,-1.35168
21.1985,-1.45576
21.1857,-1.53865
21.1707,-1.59949
21.1552,-1.64894
21.1529,-1.51146
21.1512,-1.41182
21.1541,-1.39201
21.1571,-1.37296
22.6525,1.36821
22.7064,0.747662
22.7369,0.221051
22.0267,-0.731614
22.0091,-1.04924
21.9843,-1.30517
21.9258,-1.16298
21.8769,-1.0524
21.8649,-1.31831
21.8118,-1.19317
20.0825,-0.698971
20.1533,-0.769615
20.0894,-2.30528
20.2063,-2.20784
