PILLAR: 1.
-3.4189,-0.885202
-3.4189,-0.885202
-3.4189,-0.885202
-3.4189,-0.885202
-3.4189,-0.885202
-3.4189,-0.885202
-3.4189,-0.885202
-3.4189,-0.885202
-3.4189,-0.885202
-3.27044,-0.931083
-3.26598,-0.936177
-3.26629,-0.936191
-3.26652,-0.9362
-3.2667,-0.936208
-3.26685,-0.936214
-3.22477,-0.936698
-3.22545,-0.936633
-3.22599,-0.936582
-3.22643,-0.936541
-3.21107,-0.944289
-3.18201,-0.877155
-3.18221,-0.877293
-3.18238,-0.877413
-3.18253,-0.877518
-3.18266,-0.877609
-3.18278,-0.87769
-3.18288,-0.877762
-3.18297,-0.877826
-3.18306,-0.877883
-3.32411,-0.935072
-3.32413,-0.935089
-3.32415,-0.935105
-3.13174,-0.924202
-3.13399,-0.924404
-3.13597,-0.92458
-3.13772,-0.924736
-3.13928,-0.924874
-3.14067,-0.924997
-3.14192,-0.925108
-2.89791,-0.914055
-3.1354,-0.858955
-3.13742,-0.859195
-3.13926,-0.859413
-3.14094,-0.859613
-3.14249,-0.859796
-3.14391,-0.859964
-3.14523,-0.860118
-3.14644,-0.860261
-3.29203,-0.883227
-3.29204,-0.883224
-3.88095,-0.923466
-3.87782,-0.923238
-3.87492,-0.923025
-3.87222,-0.922826
-3.86972,-0.92264
-3.86738,-0.922466
-3.8652,-0.922303
-3.86316,-0.92215
-2.89228,-1.01815
-2.89222,-1.01817
-3.26911,-1.10559
-3.26754,-1.10559
-3.26606,-1.10558
-3.26466,-1.10558
-3.26335,-1.10557
-3.2621,-1.10557
-3.26093,-1.10556
-3.25982,-1.10555
-3.59574,-1.41929
-3.59525,-1.41847
-3.59478,-1.41769
-3.59433,-1.41694
-3.5939,-1.41623
-3.59349,-1.41555
-3.5931,-1.4149
-3.59273,-1.41427
-3.67332,-0.937636
-3.67309,-0.937665
-3.67288,-0.937692
-3.67268,-0.937718
-3.67248,-0.937744
-3.67229,-0.937768
-3.67211,-0.937791
-3.67194,-0.937814
-3.67177,-0.937836
-3.27804,-0.990748
-3.50419,-1.20852
-3.50205,-1.2068
-3.07464,-1.29193
-3.06785,-1.28955
-3.06131,-1.28734
-3.05499,-1.2853
-3.04889,-1.2834
-3.04299,-1.28164
-3.03727,-1.27999
-3.44847,-0.937072
-3.44779,-0.936605
-3.44717,-0.936163
-3.44659,-0.935745
-3.44606,-0.935348
-3.44557,-0.934972
-3.51855,-0.872627
-2.85746,-1.20676
-2.85774,-1.20569
-2.85804,-1.20466
-3.57549,-0.762928
-3.57492,-0.762899
-3.39566,-0.842794
-3.39606,-0.84232
-3.2951,-0.535722
-3.45043,-0.599182
-3.44865,-0.593803
-3.6935,-0.34829
-3.4401,-1.01655
-3.43981,-1.01639
-3.33692,-1.00224
-3.33677,-1.00213
-3.08204,-0.883535
-3.09268,-0.884766
-3.10199,-0.88592
-3.11019,-0.887001
-3.11746,-0.888018
-4.02311,-1.00379
-4.02263,-1.00352
-4.02216,-1.00327
-4.02171,-1.00302
-3.97363,-0.606562
-3.97081,-0.608598
-3.96822,-0.610551
-3.96582,-0.612427
-3.9636,-0.614232
-3.4516,-1.06863
-3.45143,-1.06836
-3.0948,-1.08392
-3.095,-1.08347
-3.09521,-1.08304
-3.28164,-0.738939
-3.2789,-0.740641
-3.27635,-0.742249
-3.27397,-0.743772
-2.59334,-0.420535
-2.31528,-0.867957
-2.89444,-1.31356
-2.89699,-1.31304
-2.89943,-1.31255
-2.90178,-1.31209
-3.31801,-0.904783
-3.318,-0.90477
-3.318,-0.904758
-3.1118,-1.04359
-3.11155,-1.04366
-3.1113,-1.04374
-3.02417,-1.19982
-3.02254,-1.19899
-3.02095,-1.19817
-3.01937,-1.19736
-3.31359,-0.73479
-3.31361,-0.734947
-2.92929,-0.75666
-2.92869,-0.756892
-2.92809,-0.75712
-2.9275,-0.757344
-3.21924,-1.12503
-3.21923,-1.12491
-3.07487,-1.11657
-3.07467,-1.11647
-2.71909,-1.27364
-2.71721,-1.27407
-2.71534,-1.27449
-2.71349,-1.27491
-2.71166,-1.27532
-2.9989,-0.949536
-2.99853,-0.949578
-2.99816,-0.949619
-2.94793,-0.7845
-2.94766,-0.784463
-2.9474,-0.784427
-2.94714,-0.784391
-2.94689,-0.784356
-3.53712,-0.834033
-3.53684,-0.833139
-3.53657,-0.832249
-3.53629,-0.831363
-3.53602,-0.83048
-3.61219,-0.76948
-3.61228,-0.769435
-3.61238,-0.76939
-3.00162,-1.05743
-3.00182,-1.05737
-3.40012,-1.13671
-3.40034,-1.13677
-3.1205,-1.04943
-3.19675,-1.04114
-3.19676,-1.04106
-3.19676,-1.04098
-3.19677,-1.04091
-3.19677,-1.04083
-3.26486,-1.02463
-3.04271,-1.00074
-3.04264,-1.00067
-3.04257,-1.0006
-2.9215,-1.00704
-2.92131,-1.007
-2.92112,-1.00697
-2.92093,-1.00693
-2.92075,-1.0069
-2.92057,-1.00686
-2.91495,-1.23189
-3.03951,-1.28507
-3.03947,-1.28499
-3.03943,-1.28491
-3.03939,-1.28483
-3.03935,-1.28476
-2.88461,-1.30499
-3.43755,-0.889981
-3.30598,-0.88866
-3.30614,-0.888675
-3.3063,-0.88869
-3.30646,-0.888704
-3.30662,-0.888717
-3.11758,-1.00468
-3.18734,-1.09877
-3.187,-1.09867
-3.18666,-1.09857
-3.18633,-1.09848
-3.186,-1.09838
-3.18568,-1.09829
PILLAR: 2.
-3.51544,-2.61862
-3.51544,-2.61862
-3.51544,-2.61862
-3.51544,-2.61862
-3.51544,-2.61862
-3.51544,-2.61862
-3.51544,-2.61862
-3.51544,-2.61862
-3.51544,-2.61862
-3.66391,-2.57274
-3.58704,-2.59352
-3.58703,-2.59359
-3.58703,-2.59364
-3.58703,-2.59369
-3.58703,-2.59372
-3.55815,-2.5916
-3.55882,-2.59154
-3.55936,-2.59149
-3.55979,-2.59145
-3.11039,-2.58965
-3.64845,-2.57078
-3.48298,-2.53432
-3.48315,-2.53446
-3.4833,-2.53459
-3.48343,-2.53469
-3.48354,-2.53479
-3.48363,-2.53487
-3.48372,-2.53495
-3.4838,-2.53501
-3.48387,-2.53507
-3.47572,-2.54886
-3.47575,-2.54887
-3.47577,-2.54889
-3.32007,-2.53412
-3.3223,-2.53432
-3.32427,-2.5345
-3.32601,-2.53465
-3.32756,-2.53479
-3.32895,-2.53492
-3.3302,-2.53503
-3.26222,-2.55121
-3.0699,-2.52654
-3.072,-2.52678
-3.07392,-2.527
-3.07568,-2.52721
-3.07729,-2.52739
-3.07878,-2.52756
-3.08015,-2.52772
-3.08141,-2.52787
-3.35055,-2.58094
-3.35056,-2.58093
-3.91928,-2.62175
-3.91625,-2.62152
-3.91345,-2.6213
-3.91085,-2.6211
-3.90842,-2.62092
-3.90616,-2.62074
-3.90405,-2.62058
-3.90207,-2.62042
-3.90626,-2.45685
-3.9062,-2.45687
-4.35178,-2.49334
-4.35012,-2.49341
-4.34856,-2.49347
-4.34708,-2.49353
-4.34569,-2.49358
-4.34438,-2.49363
-4.34314,-2.49367
-4.34196,-2.49371
-3.24985,-2.60334
-3.24963,-2.60337
-3.24942,-2.60339
-3.24922,-2.60342
-3.24902,-2.60345
-3.24883,-2.60347
-3.24865,-2.60349
-3.24848,-2.60352
-3.24831,-2.60354
-3.64171,-2.55067
-3.70233,-2.56168
-3.70012,-2.55998
-3.13735,-2.65809
-3.13097,-2.65568
-3.1248,-2.65346
-3.11883,-2.6514
-3.11305,-2.64949
-3.10744,-2.64771
-3.102,-2.64606
-2.96838,-2.79953
-3.16561,-2.66356
-3.16527,-2.66314
-3.16496,-2.66275
-3.16469,-2.66239
-3.16445,-2.66204
-3.16423,-2.6617
-3.27619,-2.60526
-3.00841,-2.56067
-3.00902,-2.55956
-3.00962,-2.5585
-3.35408,-2.76171
-3.35411,-2.76174
-3.00206,-2.8149
-3.00269,-2.81448
-3.47384,-2.59278
-3.47364,-2.59262
-3.38919,-2.57796
-3.38908,-2.57785
-3.25345,-2.45078
-3.26277,-2.45215
-3.27087,-2.45344
-3.27796,-2.45464
-3.28422,-2.45576
-3.24045,-2.40625
-2.84653,-2.16922
-2.8469,-2.16981
-2.84726,-2.17039
-2.8476,-2.17094
-3.23714,-2.08985
-3.23384,-2.09165
-3.23079,-2.09338
-3.22796,-2.09504
-3.22533,-2.09664
-3.42064,-1.90765
-3.40931,-2.75473
-3.40922,-2.75489
-3.12211,-2.76965
-3.12145,-2.76989
-3.12079,-2.77012
-3.12015,-2.77035
-3.43797,-2.3911
-3.43802,-2.39098
-3.36745,-2.36765
-3.36728,-2.36754
-2.9143,-2.54356
-2.91232,-2.544
-2.91035,-2.54444
-2.9084,-2.54487
-2.90647,-2.5453
-2.74824,-2.68279
-3.13616,-2.1556
-3.13603,-2.15511
-3.13591,-2.15463
-3.09134,-1.81411
-3.09129,-1.81323
-3.09248,-2.08972
-3.09241,-2.08938
-3.09234,-2.08905
-3.19132,-2.10478
-3.45839,-2.11071
-3.45861,-2.1102
-3.67607,-2.41941
-3.67627,-2.41935
-3.70982,-2.62466
-3.71011,-2.6247
-3.7404,-2.4371
-3.73103,-2.46397
-3.73108,-2.46387
-3.73112,-2.46378
-3.73116,-2.4637
-3.7312,-2.46361
-3.46418,-2.54117
-3.42894,-2.45574
-3.36732,-2.40417
-3.36728,-2.40409
-3.36724,-2.40402
-3.15535,-2.42841
-3.15516,-2.42838
-3.15497,-2.42834
-3.15478,-2.42831
-3.15459,-2.42827
-3.15441,-2.42824
-3.28546,-2.24185
-3.46698,-2.27228
-3.46695,-2.27219
-3.46693,-2.27211
-3.4669,-2.27203
-3.46687,-2.27194
-3.51824,-2.26666
-3.11068,-2.5512
-3.12484,-2.57201
-3.1245,-2.57197
-3.12416,-2.57193
-3.12382,-2.5719
-3.12348,-2.57185
-3.1885,-2.48716
-2.46397,-2.45833
-2.92889,-2.275
-2.92855,-2.2749
-2.92821,-2.2748
-2.92787,-2.27471
-2.92754,-2.27461
-2.92721,-2.27452
PILLAR: 3.
-1.39351,-0.294545
-1.39351,-0.294545
-1.39351,-0.294545
-1.39351,-0.294545
-1.39351,-0.294545
-1.39351,-0.294545
-1.39351,-0.294545
-1.39351,-0.294545
-1.39351,-0.294545
-1.47483,-0.26867
-1.47527,-0.268349
-1.47559,-0.268105
-1.47585,-0.267915
-1.47605,-0.267766
-1.4287,-0.282542
-1.42938,-0.282471
-1.42992,-0.282415
-1.43036,-0.282369
-1.53157,-0.211027
-1.62419,-0.384333
-1.6244,-0.384444
-1.62458,-0.384539
-1.62474,-0.384623
-1.62487,-0.384697
-1.62499,-0.384761
-1.6251,-0.384818
-1.6252,-0.384869
-1.62528,-0.384915
-1.20592,-0.0852854
-1.20384,-0.0834503
-0.899355,0.0540983
-0.892161,0.0558353
-0.885247,0.0574446
-0.878591,0.0589378
-0.872175,0.0603248
-0.865981,0.0616161
-0.859995,0.06282
-0.780877,-0.0464483
-0.61503,-0.311312
-0.61423,-0.3114
-0.613491,-0.311484
-0.612807,-0.311562
-0.612173,-0.311637
-0.611585,-0.311708
-0.671245,-0.313371
-0.420193,-0.35061
-0.507822,-0.110821
-0.507848,-0.110309
-0.507891,-0.109821
-1.05928,-0.293556
-1.05857,-0.294281
-0.929521,-0.157373
-0.929842,-0.157188
-0.686645,-0.0683517
-0.925249,0.204528
-0.922923,0.208185
-1.10745,0.230354
-1.04228,-0.165535
-1.04194,-0.165506
-0.929256,-0.179473
-0.929086,-0.179429
-0.618995,-0.245408
-0.630181,-0.244552
-0.639982,-0.243809
-0.648633,-0.24316
-0.656321,-0.24259
-0.604154,-0.203081
-1.01104,-0.591968
-1.01026,-0.593902
-1.00951,-0.595773
-1.00878,-0.597585
-0.990227,-1.1909
-0.98722,-1.19197
-0.984447,-1.19301
-0.981881,-1.19402
-0.979497,-1.19501
-1.16425,-1.03276
-1.01165,-0.19837
-1.01148,-0.198098
-0.679539,-0.147308
-0.679674,-0.147037
-0.679808,-0.146774
-0.759878,-0.146117
-0.757442,-0.146507
-0.755185,-0.146876
-0.753089,-0.147228
-0.144374,-0.578694
-0.14531,-0.578232
-0.146209,-0.577786
-0.462543,-0.568229
-0.244059,-0.352184
-0.242961,-0.35271
-0.241948,-0.353203
-0.241022,-0.353665
-0.57403,-0.454084
-0.574413,-0.453909
-0.574782,-0.453739
-0.658848,-0.0974933
-0.67442,-0.0458899
-0.672833,-0.0468778
-0.671341,-0.0478166
-0.710209,-0.0156943
-0.158508,-0.501285
-0.158656,-0.501138
-0.158799,-0.500993
-0.225768,-0.519151
-0.227746,-0.521912
-0.229681,-0.524623
-0.231575,-0.527285
-0.233431,-0.529899
-0.0850921,-0.530373
-0.0852234,-0.530247
-0.0853519,-0.530123
-0.0854748,-0.530003
-0.0584849,-0.618091
-0.058801,-0.617992
-0.0591055,-0.617897
-0.0593995,-0.617805
-0.0596845,-0.617716
-0.528737,0.20216
-0.951616,-0.361148
-0.951764,-0.361145
0.0713956,-0.606563
-0.05646,-0.533933
-0.0565394,-0.533841
-0.0566168,-0.533752
-0.105369,-0.333561
-0.105001,-0.333707
-0.104644,-0.333848
-0.104305,-0.333984
-0.103976,-0.334116
-0.179404,-0.371953
-0.208364,-0.499259
-0.486423,-0.340711
-0.486239,-0.340732
-0.308467,-0.485929
-0.308535,-0.485888
-0.389769,-0.360255
-0.780026,-0.326472
-0.779997,-0.326481
-0.779969,-0.326491
-0.779942,-0.3265
0.0352693,0.0875655
0.183673,0.0927672
-0.466821,-0.18464
-0.469284,-0.184316
-0.471644,-0.184009
-0.473912,-0.183718
-0.526727,-0.381315
-0.526567,-0.381367
-0.325175,-0.0301338
-0.370989,-0.00288823
-0.371361,-0.00257181
-0.371709,-0.00225958
-0.372047,-0.00195073
-0.758773,-0.380957
-0.758766,-0.380945
-0.75876,-0.380933
-0.608334,-0.297434
-0.60809,-0.297486
-0.607849,-0.297537
-0.568612,-0.308558
-0.566546,-0.308941
-0.564517,-0.309318
-0.562519,-0.309689
-0.326863,-0.608249
-0.756003,-0.345702
-0.756036,-0.345735
-0.355942,-0.491115
-0.35534,-0.491275
-0.354748,-0.491431
-0.354165,-0.491586
0.106844,-1.08819
0.116009,-0.462188
0.114886,-0.46193
0.113796,-0.46168
-0.775026,-0.332148
-0.774981,-0.332143
-0.588373,-0.46836
-0.588151,-0.468326
-0.290005,-0.435571
-0.288189,-0.435803
-0.286389,-0.436033
-0.284604,-0.436259
-0.282833,-0.436484
-0.14593,-0.547714
0.0138916,-0.58229
0.0142624,-0.582352
0.0146282,-0.582413
0.0791601,-0.564334
0.0794258,-0.564284
0.0796884,-0.564234
0.0799458,-0.564186
0.0801996,-0.564138
-0.835933,-0.836876
-0.835706,-0.836571
-0.835482,-0.836272
-0.632851,-0.8212
-0.632752,-0.820436
-0.618925,-1.13495
-0.618817,-1.13471
-0.61871,-1.13447
-0.760258,-0.92514
-1.02425,-0.937441
-1.02438,-0.937119
-0.880099,-0.342289
-0.879846,-0.34126
-0.879595,-0.340236
-0.879345,-0.339216
-0.879095,-0.338199
-0.511076,-0.802505
-0.511173,-0.802505
-0.511268,-0.802505
-0.224486,-0.098746
-0.22465,-0.0989648
0.203436,-0.712596
0.10052,-0.502592
0.100529,-0.502602
0.100539,-0.502612
0.100548,-0.502622
0.100559,-0.502632
0.0598883,-0.42523
0.0341265,-0.452456
-0.908766,-0.461008
-0.908684,-0.460988
-0.908604,-0.460969
-0.826607,-0.331439
-0.826415,-0.331401
-0.826225,-0.331363
-0.826039,-0.331326
-0.825854,-0.331289
-0.825673,-0.331253
-0.628123,-0.322876
PILLAR: 4.
4.79974,-0.761062
4.79974,-0.761062
4.79974,-0.761062
4.79974,-0.761062
4.79974,-0.761062
4.79974,-0.761063
4.79974,-0.761063
4.69806,-0.660492
4.69785,-0.659626
4.69769,-0.658938
4.74172,-0.722902
4.74104,-0.72281
4.7405,-0.722735
4.74006,-0.722674
4.62957,-0.766359
4.77852,-0.728109
4.77852,-0.728109
4.55618,-0.804857
4.55393,-0.805002
4.55195,-0.80513
4.5502,-0.805244
4.54864,-0.805346
4.54724,-0.805437
4.54599,-0.80552
4.38966,-0.802113
4.66202,-0.798411
4.66202,-0.798411
4.16119,-0.851557
4.15917,-0.852163
4.15733,-0.85272
4.15565,-0.853233
4.1541,-0.853706
4.15268,-0.854144
4.15137,-0.85455
4.15015,-0.854926
5.37872,-0.579897
5.38186,-0.580247
5.38478,-0.580563
5.3875,-0.580848
5.39002,-0.581108
5.39237,-0.581344
5.39457,-0.581559
5.39662,-0.581756
4.91997,-0.615116
4.91945,-0.615438
5.15508,-0.704786
5.15663,-0.704243
5.15809,-0.703732
5.15946,-0.703252
5.16076,-0.702799
5.16198,-0.702371
5.16314,-0.701967
5.16423,-0.701586
4.80175,-0.760713
4.80173,-0.760666
5.08414,-0.243948
5.08463,-0.243126
5.0851,-0.242342
5.08555,-0.241595
5.08598,-0.240882
5.08639,-0.240201
5.08678,-0.239551
5.08715,-0.238929
4.52781,-0.429277
4.52859,-0.430372
4.5293,-0.431408
4.52997,-0.432389
4.53058,-0.433319
4.53115,-0.434202
4.46742,-0.551701
4.42761,-0.454536
4.93646,-0.505853
4.94262,-0.506333
4.16227,-0.504395
4.16215,-0.504997
4.16202,-0.505573
5.18259,-0.533056
5.18441,-0.533565
4.91192,-1.04123
4.48409,-0.65336
4.48424,-0.653466
4.74293,-1.12777
4.73249,-1.12237
4.72337,-1.1175
4.71533,-1.11308
4.7082,-1.10905
4.75703,-1.08993
5.0899,-1.18194
5.08415,-1.1727
4.09158,-0.717962
4.0914,-0.718041
4.09123,-0.718119
3.8861,-1.37253
3.88918,-1.3705
3.89203,-1.36859
3.8947,-1.36678
5.02036,-0.587451
5.01966,-0.587741
4.79158,-0.550374
4.79065,-0.550555
4.78975,-0.550732
4.47337,-0.532802
4.67372,-0.776274
4.67492,-0.775674
4.67603,-0.775106
4.67704,-0.774566
4.92896,-0.770004
5.00269,-0.830175
4.82387,-0.55651
4.82348,-0.556709
4.8231,-0.556901
4.68138,-0.891024
4.64984,-0.940328
4.65172,-0.939588
4.65349,-0.938882
4.6075,-0.948304
4.70759,-0.709324
4.71361,-0.709886
4.50211,-0.374272
4.50198,-0.374682
4.50185,-0.375081
4.43367,-0.354391
4.43151,-0.352156
4.4294,-0.349967
4.42732,-0.347822
4.42528,-0.345719
4.88556,-0.517872
4.88259,-0.517326
4.54307,-0.528605
4.54294,-0.528744
4.54281,-0.528879
4.54269,-0.529011
4.56658,-0.448781
4.56627,-0.448898
4.56598,-0.449011
4.56569,-0.449121
4.56541,-0.449228
4.79602,-0.636739
4.39846,-1.20807
4.98277,-0.653712
4.98262,-0.653724
4.66423,-0.605268
4.53621,-0.571978
4.53613,-0.572045
4.53606,-0.572113
4.46779,-0.758158
4.46819,-0.757977
4.46858,-0.757802
4.46895,-0.757632
4.4693,-0.757466
4.63212,0.032324
4.59998,-0.423711
4.32094,-0.217809
4.32113,-0.218154
5.06756,-0.721402
5.06726,-0.721358
5.06696,-0.721314
4.69182,-0.583226
4.69176,-0.583275
4.58935,0.109607
5.01398,-0.682867
4.66966,-0.527875
4.66969,-0.527973
4.66971,-0.528069
4.66974,-0.528163
4.54029,-0.527632
4.88751,-0.729586
4.88739,-0.729542
4.6322,-0.77043
4.63291,-0.770023
4.63361,-0.769638
4.6343,-0.769272
4.63498,-0.768924
4.63565,-0.768593
4.6363,-0.768278
4.74705,-0.63798
4.74702,-0.637993
5.01067,-0.665556
5.01004,-0.66557
5.00943,-0.665583
5.00883,-0.665596
5.18045,-0.443231
5.1791,-0.443366
5.17778,-0.443499
5.1765,-0.443629
5.17525,-0.443757
5.17403,-0.443882
5.17284,-0.444005
5.04637,-0.44305
4.90927,-0.444923
4.90889,-0.445019
4.90851,-0.445114
4.90815,-0.445206
4.90779,-0.445298
4.90744,-0.445388
4.85284,-0.408329
4.86025,-0.708172
4.86022,-0.708157
4.73544,-0.724056
4.73571,-0.724031
4.73597,-0.724006
4.48474,-0.478289
4.49372,-0.481019
4.502,-0.483579
4.50967,-0.485984
4.7632,-0.74358
4.3655,-0.84638
4.50123,-0.800761
4.50104,-0.800718
4.7446,-0.791185
4.56349,-0.692569
4.56245,-0.692634
4.5615,-0.692737
4.56061,-0.69287
4.55978,-0.693028
5.51085,-0.798352
5.5121,-0.798075
5.51324,-0.797802
5.5143,-0.797532
5.51526,-0.797266
5.14596,-0.777079
5.14557,-0.777059
5.3739,-0.848163
5.15304,-0.772003
5.15269,-0.772004
5.15235,-0.772004
5.15202,-0.772005
5.1517,-0.772004
5.55837,-0.884774
5.55142,-0.881972
5.06852,-0.647593
5.6264,-0.494289
5.00327,-0.399139
5.00079,-0.399241
4.99841,-0.399343
4.99613,-0.399445
5.13077,-0.584196
5.128,-0.58366
4.70045,-0.502303
4.70061,-0.502366
4.84236,-0.826732
4.78659,-0.861554
4.78626,-0.861027
4.78594,-0.860513
4.78564,-0.860011
4.92243,-0.580898
4.92211,-0.580831
4.9218,-0.580768
4.73363,-1.08797
4.74025,-0.615541
4.73913,-0.615301
4.73804,-0.615068
4.42924,-0.483706
4.42962,-0.483797
4.42998,-0.483887
4.49408,-0.680781
4.49434,-0.680711
4.49461,-0.680642
4.49486,-0.680574
4.49512,-0.680507
4.86982,-0.626079
4.86991,-0.626077
4.69845,-0.55584
4.6987,-0.555974
4.69894,-0.556107
4.88819,-1.29708
4.88826,-1.29658
4.69123,-0.518456
5.02303,-0.524258
5.02293,-0.524399
4.95747,-0.691079
4.95757,-0.691074
5.31043,-0.401968
5.31034,-0.402053
5.31025,-0.402137
4.29446,-0.625006
4.29446,-0.625128
4.29447,-0.625249
4.29448,-0.625368
4.29448,-0.625485
4.24932,-0.654949
4.2248,-0.658186
4.55531,-0.691435
4.55531,-0.691435
4.32083,-0.812041
4.32102,-0.811998
4.32121,-0.811955
4.32139,-0.811913
4.32158,-0.811871
4.32176,-0.811831
4.52006,-0.795328
4.52146,-0.764852
4.52146,-0.764851
4.52146,-0.764851
4.44652,-0.70981
4.93953,-0.144239
4.93959,-0.144269
4.93964,-0.144299
4.93969,-0.144329
4.93975,-0.144358
4.88779,-0.136765
4.81215,-0.669274
4.81215,-0.669275
4.21648,-0.752621
4.21682,-0.752503
4.21716,-0.752386
4.21749,-0.752271
4.21782,-0.752157
4.21814,-0.752045
PILLAR: 5.
5.44802,-2.10192
5.44802,-2.10192
5.44802,-2.10192
5.44802,-2.10192
5.44802,-2.10192
5.44802,-2.10192
5.44802,-2.10192
5.27033,-1.99826
5.27027,-1.99733
5.27022,-1.99659
5.30357,-2.06508
5.3029,-2.06498
5.30236,-2.06491
5.30193,-2.06484
5.1663,-2.11878
5.32872,-2.0751
5.32872,-2.0751
5.20292,-2.02406
5.20068,-2.0242
5.19871,-2.02432
5.19696,-2.02443
5.19541,-2.02453
5.19402,-2.02462
5.19277,-2.0247
5.03259,-2.02333
5.31722,-2.01309
5.31722,-2.01309
5.63775,-2.17242
5.6408,-2.17279
5.64363,-2.17312
5.64626,-2.17342
5.64871,-2.17369
5.65099,-2.17394
5.65312,-2.17416
5.65511,-2.17437
5.17265,-2.20866
5.17213,-2.20898
5.75813,-1.99636
5.75977,-1.99578
5.7613,-1.99523
5.76275,-1.99472
5.76411,-1.99423
5.7654,-1.99378
5.76662,-1.99334
5.76777,-1.99294
5.42519,-2.04257
5.42518,-2.04252
4.3036,-2.02659
4.73392,-2.20326
4.73434,-2.2044
4.73473,-2.20547
4.73508,-2.20649
4.7354,-2.20745
4.73569,-2.20837
4.63194,-2.33003
4.56277,-2.23533
4.82047,-2.288
4.82758,-2.28854
4.24076,-2.17843
4.24024,-2.17905
4.23973,-2.17964
4.58321,-2.1069
4.58266,-2.10736
5.22184,-2.27466
5.22247,-2.2752
4.79793,-2.77955
4.91593,-2.24348
4.91524,-2.24377
4.23978,-1.99025
4.23866,-1.99036
4.23758,-1.99047
3.99231,-2.15953
3.99382,-2.15909
3.99522,-2.15867
3.99652,-2.15827
4.23739,-2.14822
4.20259,-2.09511
4.58198,-2.1186
4.58149,-2.11878
4.58101,-2.11896
4.24125,-2.40922
4.18106,-2.44992
4.18343,-2.44934
4.18566,-2.44877
4.1279,-2.4545
4.17158,-2.19638
4.1775,-2.1969
4.42394,-2.27181
4.42358,-2.27221
4.42323,-2.2726
4.37087,-2.2525
4.37075,-2.25033
4.37063,-2.2482
4.37051,-2.24612
4.37039,-2.24407
4.75172,-2.41229
4.74844,-2.41173
5.23864,-2.20477
4.29808,-2.09515
4.29786,-2.09527
4.29764,-2.09539
4.29744,-2.09551
4.37846,-2.02316
4.37808,-2.02327
4.37771,-2.02338
4.37736,-2.02348
4.37701,-2.02358
4.66138,-2.21659
4.81253,-2.04249
4.72502,-2.13658
4.72487,-2.13659
4.01967,-1.93965
4.27489,-2.04548
4.27476,-2.04554
4.27463,-2.0456
4.08334,-2.20443
4.08384,-2.20428
4.08432,-2.20413
4.08479,-2.20398
4.08524,-2.20384
4.35309,-2.22944
4.90991,-2.59419
4.90994,-2.59457
4.44553,-2.09708
4.44522,-2.09704
4.44492,-2.09699
4.36008,-2.08478
4.35999,-2.08482
4.48948,-2.12842
4.85488,-2.29497
4.85488,-2.29507
4.85488,-2.29517
4.85487,-2.29527
3.99324,-2.21809
5.0422,-2.44255
5.03808,-2.43762
5.03426,-2.43303
5.03069,-2.42876
4.61605,-2.09064
4.61594,-2.09059
4.35287,-2.12988
4.35306,-2.12937
4.35328,-2.12889
4.35353,-2.12843
4.35379,-2.128
4.35407,-2.12758
4.35436,-2.12719
4.732,-2.18493
4.73197,-2.18494
4.73191,-2.18725
4.73132,-2.18727
4.73075,-2.1873
4.73019,-2.18732
5.1797,-2.86567
4.97969,-2.40299
4.97842,-2.40314
4.97718,-2.40328
4.97598,-2.40342
4.97481,-2.40355
4.97366,-2.40369
4.97255,-2.40382
5.24069,-2.52983
4.95041,-2.39987
4.81918,-2.40202
4.81884,-2.40212
4.81852,-2.40222
4.81819,-2.40231
4.81788,-2.4024
4.81757,-2.4025
4.71998,-2.36299
4.72728,-2.16534
5.24696,-2.74037
5.24613,-2.73935
5.53748,-2.52262
5.36054,-2.39474
5.3543,-2.39176
5.34874,-2.38908
5.34375,-2.38665
5.33924,-2.38443
4.68913,-2.13956
4.6891,-2.13955
4.55593,-2.15442
4.55621,-2.1544
4.55648,-2.15437
4.10019,-1.86764
4.11048,-1.87073
4.11999,-1.87363
4.12881,-1.87635
4.36896,-2.13021
5.15802,-1.99162
5.26457,-1.96566
5.26434,-1.96564
5.4922,-1.96625
5.25575,-1.90106
5.25467,-1.90115
5.25369,-1.90127
5.25279,-1.9014
5.25197,-1.90156
4.81863,-2.08819
4.81826,-2.08817
5.10181,-2.17184
4.82042,-2.08178
4.8201,-2.08178
4.81978,-2.08179
4.81947,-2.08179
4.81916,-2.0818
5.80033,-2.25047
5.79297,-2.24892
5.29099,-1.44387
5.55729,-2.12865
5.55468,-2.1288
5.55217,-2.12894
5.54976,-2.12908
5.74498,-2.29326
5.74208,-2.29277
4.71187,-2.27278
4.71203,-2.27284
4.62451,-2.58379
4.54764,-2.61586
4.54738,-2.61535
4.54713,-2.61484
4.54689,-2.61435
4.59786,-2.3214
4.59754,-2.32134
4.59723,-2.32127
4.48689,-2.1325
4.48715,-2.13251
4.4874,-2.13252
4.62519,-1.84257
4.62649,-1.84552
4.62778,-1.84843
4.62903,-1.85129
4.662,-1.80074
3.76294,-1.99813
3.76358,-1.99817
3.76422,-1.99821
3.76484,-1.99826
5.33546,-2.20362
4.417,-2.07189
4.41717,-2.07199
4.82414,-1.64824
4.82605,-1.64806
4.82794,-1.64788
4.82983,-1.64771
4.83169,-1.64754
4.98051,-1.7073
4.16145,-2.11899
4.16181,-2.11908
4.16216,-2.11917
4.147,-2.3011
4.14728,-2.30103
4.14755,-2.30096
4.14781,-2.30089
4.14807,-2.30083
4.48267,-2.23729
4.48277,-2.23729
4.89409,-1.69615
4.89418,-1.69614
4.89426,-1.69613
5.07846,-2.1946
5.07828,-2.19458
4.99582,-2.13612
4.99559,-2.13626
5.06294,-1.53419
5.06325,-1.53286
5.06357,-1.53153
5.06388,-1.53021
5.06419,-1.5289
4.33953,-2.18003
4.33964,-2.18003
4.42317,-2.17813
4.42305,-2.1782
4.42294,-2.17827
4.76806,-2.52579
4.76705,-2.03456
4.76702,-2.0347
4.76699,-2.03483
4.76696,-2.03496
4.76693,-2.03509
4.68568,-2.07614
4.6693,-2.07686
4.9985,-2.11052
4.9985,-2.11052
4.81822,-2.08846
4.81841,-2.08842
4.8186,-2.08837
4.81879,-2.08833
4.81898,-2.08829
4.81916,-2.08825
5.01948,-2.07096
5.02378,-2.03934
5.02378,-2.03934
5.02378,-2.03934
4.6289,-2.09772
4.44274,-2.57942
4.44276,-2.57944
4.44278,-2.57946
4.4428,-2.57949
4.44282,-2.57951
4.39154,-2.57205
4.67568,-2.19043
4.68571,-1.43499
4.68571,-1.43261
4.68571,-1.43024
4.68571,-1.42788
4.68571,-1.42553
4.59718,-2.86234
4.38314,-1.43872
4.72389,-2.12165
4.72389,-2.12165
PILLAR: 6.
12.3921,-2.00428
12.3983,-2.00616
12.4042,-2.00788
12.4099,-2.00947
12.4155,-2.01093
12.5334,-1.85485
13.2545,-1.24812
13.255,-1.25063
13.2555,-1.25301
13.2559,-1.25527
13.1715,-1.56913
13.1137,-1.61543
13.1678,-1.61706
13.1745,-1.61318
11.913,-1.37062
11.9027,-1.35914
11.8938,-1.34874
11.8859,-1.33928
11.8789,-1.33064
11.9269,-1.33877
12.263,-1.0601
12.2573,-1.05085
12.8748,-1.40963
12.8778,-1.40618
12.8807,-1.40297
12.8833,-1.39998
12.8858,-1.39718
12.6976,-1.3996
13.0862,-1.1872
13.0892,-1.18038
13.092,-1.17395
13.0946,-1.16787
13.6184,-1.50178
13.1632,-1.29096
13.1645,-1.28841
13.1657,-1.28601
13.1668,-1.28374
13.4144,-1.34708
13.3834,-1.33855
13.3505,-1.16731
13.4645,-1.12533
13.4664,-1.12173
13.4683,-1.1183
13.4206,-1.19653
13.5051,-1.28947
13.5111,-1.29064
13.0681,-1.33948
13.0631,-1.34109
13.0588,-1.34249
12.9957,-1.50823
12.9937,-1.50581
12.799,-0.752071
12.7973,-0.740866
12.7955,-0.729879
12.7939,-0.719103
12.7922,-0.708527
13.2301,-1.22854
13.227,-1.22936
13.1041,-1.23769
13.1909,-1.27576
13.1865,-1.27665
12.7848,-1.39609
12.7844,-1.39659
12.7841,-1.39708
12.7837,-1.39754
12.7834,-1.398
13.0416,-1.3049
12.9833,-1.44058
13.2182,-1.19286
13.2186,-1.19206
13.219,-1.19127
13.2194,-1.19052
13.2198,-1.18978
13.5359,-0.990251
13.5365,-0.993203
13.5371,-0.995943
13.5377,-0.998492
13.5383,-1.00087
13.5389,-1.00309
13.5395,-1.00516
12.7207,-1.26883
12.7201,-1.26862
12.7195,-1.26842
12.7189,-1.26822
12.5742,-0.592656
12.294,-1.27103
12.2927,-1.27087
12.2914,-1.27071
12.2902,-1.27056
12.289,-1.27041
12.2878,-1.27026
12.2866,-1.27011
12.468,-0.93372
12.4298,-1.2735
12.6957,-1.26961
12.6953,-1.26952
12.695,-1.26944
12.6946,-1.26936
12.6943,-1.26929
12.694,-1.26921
12.6194,-1.40308
12.6346,-1.27295
12.6277,-1.23199
12.6338,-1.23324
12.4326,-0.73086
12.4317,-0.729836
12.7716,-0.695533
12.668,-0.887202
12.6627,-0.889062
12.658,-0.890723
12.6539,-0.892219
12.6501,-0.893574
12.7455,-1.22745
12.7471,-1.22766
13.1196,-1.21906
13.1199,-1.21897
13.1202,-1.21889
12.7091,-2.18099
12.7197,-2.17597
12.7295,-2.17126
12.7385,-2.16683
12.6215,-1.35113
12.6213,-1.35134
12.8567,-1.45073
12.6362,-1.72791
12.6352,-1.72826
12.6342,-1.7285
12.6333,-1.72867
12.6325,-1.72877
12.7958,-1.30478
11.7532,-1.0258
11.7545,-1.02633
11.7556,-1.02682
11.7566,-1.02729
11.7575,-1.02773
12.401,-1.25788
12.4006,-1.25778
12.6427,-1.02445
12.4061,-1.28208
12.4057,-1.28198
12.4054,-1.28187
12.4051,-1.28177
12.4047,-1.28168
12.5961,-1.35875
12.5974,-1.35825
12.9698,-0.99447
12.9628,-0.996313
12.4615,-1.18182
12.8575,-1.08933
12.8507,-1.09124
13.2412,-1.29616
13.2306,-1.30356
13.2631,-1.05884
13.2548,-1.0584
13.2468,-1.05799
12.8779,-1.95906
13.1984,-0.997703
13.52,-1.20231
13.508,-1.11065
12.6797,-1.95765
12.14,-1.37806
12.1374,-1.37872
12.135,-1.37936
12.1326,-1.37997
12.2974,-1.31276
12.2945,-1.31276
12.6515,-1.30676
12.9031,-1.1258
12.9028,-1.12494
12.9025,-1.12411
12.9022,-1.1233
13.0162,-1.24226
13.0159,-1.24219
13.0156,-1.24212
12.9699,-1.27085
12.969,-1.2709
12.8518,-1.43804
12.6001,-1.52645
12.5878,-1.3149
12.5867,-1.31469
12.5856,-1.31448
12.8798,-1.38743
12.8795,-1.38704
12.6327,-1.08876
12.633,-1.08865
12.6332,-1.08854
12.6335,-1.08844
12.6338,-1.08834
12.9958,-1.23574
12.9959,-1.23569
12.357,-0.892423
12.3571,-0.892262
12.3682,-1.40703
12.3683,-1.40733
12.3684,-1.40762
12.4973,-1.24236
12.4972,-1.24234
13.1725,-1.15526
13.1728,-1.15352
13.1731,-1.15179
13.1734,-1.15006
13.1737,-1.14834
13.0594,-1.20757
13.0595,-1.2075
PILLAR: 7.
13.6889,-2.59214
13.6905,-2.58948
13.692,-2.58696
13.6934,-2.58458
13.9306,-2.65209
13.8932,-2.64606
14.1412,-2.39536
14.1436,-2.39155
14.1458,-2.38791
14.0882,-2.47139
14.1242,-2.58858
14.1301,-2.5898
13.7667,-2.59766
13.7617,-2.59928
13.7573,-2.60067
13.8128,-2.43736
13.8108,-2.43494
13.5745,-2.55841
13.5712,-2.55928
13.3619,-2.58701
13.5559,-2.60011
13.5515,-2.601
14.7833,-2.61446
13.6147,-2.26266
13.6106,-2.25773
13.6068,-2.25314
13.6032,-2.24887
13.7322,-2.76396
13.7321,-2.76699
13.7321,-2.7698
13.7321,-2.77241
13.7322,-2.77484
13.7323,-2.77712
13.7324,-2.77924
12.9755,-2.5037
12.9858,-2.48131
12.7647,-2.62325
12.7566,-2.62496
12.6529,-2.68259
12.6453,-2.6844
12.9779,-2.88077
12.9646,-2.88772
13.0888,-2.6557
13.0803,-2.65525
13.0721,-2.65481
13.0017,-2.59197
13.3956,-2.80382
12.8675,-2.75997
12.9522,-3.20984
12.4972,-2.60875
12.4946,-2.60944
12.492,-2.6101
12.4896,-2.61074
12.6975,-2.53019
12.6945,-2.53022
13.3164,-2.29919
13.2423,-2.43578
13.242,-2.43491
13.2418,-2.43407
13.2415,-2.43325
13.2909,-2.56728
13.2906,-2.56721
13.2903,-2.56714
13.2381,-2.5972
13.2373,-2.59725
13.5605,-3.15034
13.5611,-3.15773
13.5618,-3.16498
13.5624,-3.17212
13.5882,-3.16953
13.3643,-2.47126
12.8825,-2.70666
12.8309,-2.50384
12.8298,-2.50363
12.8287,-2.50342
13.3104,-3.18785
13.2996,-2.52602
13.2993,-2.52562
PILLAR: 8.
20.5921,-3.14522
19.8507,-4.0304
20.2478,-3.40993
20.2466,-3.40946
20.2444,-3.40856
20.5935,-3.51564
20.5932,-3.51539
20.5929,-3.51514
20.461,-3.75864
20.4363,-3.77304
20.4413,-3.77799
19.758,-3.81807
20.0257,-3.83004
20.0185,-3.83677
20.0121,-3.8428
20.0063,-3.84825
20.0011,-3.8532
20.2431,-3.79314
20.2444,-3.79408
20.362,-3.4784
20.0393,-4.10175
20.0382,-4.10235
20.0372,-4.10273
20.0362,-4.10292
20.0354,-4.10297
20.5522,-4.26741
20.0226,-4.17079
19.488,-4.32773
19.4722,-4.34564
19.6696,-3.7362
19.661,-3.73649
19.6527,-3.7368
19.3258,-3.6617
19.5668,-3.76454
20.0068,-3.67905
PILLAR: 9.
20.3119,-1.69241
20.5916,-3.1448
20.589,-1.71698
20.1864,-2.09903
20.1852,-2.09856
20.2455,-3.40901
20.183,-2.09767
20.5456,-2.56225
20.8066,-1.99042
20.8063,-1.99016
20.806,-1.98991
20.5926,-3.51489
20.4668,-3.82182
20.7205,-2.24062
20.7066,-2.25689
20.7122,-2.26197
20.492,-2.37194
20.4857,-2.37898
20.4802,-2.38529
20.4752,-2.39099
20.4707,-2.39617
20.6348,-2.31326
20.6362,-2.31424
21.6467,-1.98058
21.6571,-1.96713
21.6667,-1.95452
21.6756,-1.94266
21.9143,-2.36574
19.9121,-2.45356
20.8539,-1.71152
20.8528,-1.71215
20.8518,-1.71254
20.8509,-1.71274
20.8501,-1.71278
21.1768,-1.82068
20.996,-1.84071
21.055,-2.35559
21.0561,-2.35731
21.057,-2.35894
21.0579,-2.36051
21.0587,-2.36201
20.0332,-2.32525
20.7571,-2.23462
20.7568,-2.23439
20.7565,-2.23417
20.7562,-2.23396
20.7559,-2.23375
20.9616,-2.17525
20.9629,-2.17475
21.3581,-1.59726
19.9412,-2.29533
19.9328,-2.29566
19.9247,-2.29599
19.7334,-2.25327
19.8585,-2.32762
20.2334,-2.23042
