PILLARS.
Pillar: 1.
-3.45681,-0.977696
-3.45681,-0.977696
-3.45681,-0.977696
-3.45681,-0.977696
-3.45681,-0.977696
-3.45681,-0.977696
-3.45681,-0.977696
-3.45681,-0.977697
-3.45681,-0.977697
-3.30653,-1.0243
-3.28053,-1.033
-3.28089,-1.03302
-3.28117,-1.03303
-3.28138,-1.03304
-3.28155,-1.03305
-3.21605,-1.03495
-3.21708,-1.03484
-3.21791,-1.03476
-3.21857,-1.03469
-3.23643,-1.0376
-3.22461,-0.967562
-3.2248,-0.967694
-3.22497,-0.967809
-3.22511,-0.967909
-3.22523,-0.967996
-3.22534,-0.968073
-3.22544,-0.968142
-3.22553,-0.968203
-3.22561,-0.968258
-3.35142,-1.02886
-3.35144,-1.02888
-3.35146,-1.02889
-3.1611,-1.0272
-3.16311,-1.02732
-3.16489,-1.02743
-3.16646,-1.02752
-3.16785,-1.02761
-3.1691,-1.02768
-3.17022,-1.02775
-2.92254,-1.02312
-3.13551,-0.959841
-3.13765,-0.960041
-3.13961,-0.960224
-3.1414,-0.96039
-3.14304,-0.960542
-3.14455,-0.960682
-3.14595,-0.960811
-3.14724,-0.96093
-3.30713,-0.979726
-3.30714,-0.979722
-3.88386,-1.00804
-3.8808,-1.00787
-3.87796,-1.00771
-3.87533,-1.00757
-3.87288,-1.00743
-3.87059,-1.0073
-3.86846,-1.00718
-3.86646,-1.00707
-4.32042,-0.983339
-2.89556,-1.13628
-2.89556,-1.13628
-3.26325,-1.20616
-3.26188,-1.20617
-3.26059,-1.20617
-3.25938,-1.20618
-3.25823,-1.20618
-3.25714,-1.20619
-3.25612,-1.20619
-3.25514,-1.20619
-3.62057,-1.48223
-3.62011,-1.48148
-3.61966,-1.48078
-3.61924,-1.4801
-3.61883,-1.47945
-3.61844,-1.47884
-3.61807,-1.47825
-3.61772,-1.47768
-3.28239,-0.591864
-3.28406,-1.08309
-3.28412,-1.08308
-3.28417,-1.08307
-3.28422,-1.08306
-3.28427,-1.08305
-3.28432,-1.08304
-3.28437,-1.08303
-3.28441,-1.08302
-3.28445,-1.08301
-3.2845,-1.083
-3.5307,-1.28213
-3.52844,-1.28048
-3.09888,-1.37568
-3.09194,-1.37354
-3.08526,-1.37156
-3.07882,-1.36973
-3.07261,-1.36805
-3.0666,-1.36648
-3.06078,-1.36503
-3.46414,-1.00757
-3.4634,-1.0072
-3.46271,-1.00684
-3.46208,-1.00651
-3.4615,-1.00619
-3.46096,-1.00589
-3.46046,-1.0056
-2.86116,-1.29845
-2.86166,-1.29734
-2.86215,-1.29628
-2.86263,-1.29527
-2.86311,-1.29431
-2.86358,-1.29339
-2.90561,-1.33314
-2.90354,-1.33144
-3.55865,-0.830197
-3.55816,-0.830248
-3.40496,-0.918111
-3.40542,-0.917735
-3.25951,-0.629225
-3.25625,-0.624625
-3.78363,-1.19077
-4.01886,-0.876038
-3.4316,-1.09463
-3.43134,-1.09453
-3.3326,-1.08529
-3.33247,-1.08522
-3.01722,-1.09318
-3.01441,-1.09292
-3.01164,-1.09267
-3.00891,-1.09243
-3.00622,-1.09219
-4.01967,-1.08256
-4.01923,-1.08233
-4.0188,-1.0821
-4.01838,-1.08188
-3.85354,-0.775543
-3.85521,-0.777332
-3.8567,-0.779044
-3.85802,-0.780684
-3.85921,-0.782257
-3.39752,-1.22175
-3.39742,-1.22138
-3.08412,-1.18665
-3.08431,-1.18627
-3.0845,-1.1859
-3.13248,-1.05075
-3.13173,-1.05132
-3.13104,-1.05186
-3.13041,-1.05236
-3.15154,-1.18432
-3.36149,-1.23153
-3.36153,-1.23149
-3.36157,-1.23146
-2.94123,-1.76852
-2.80859,-1.65051
-2.94473,-1.76678
-2.94679,-1.76661
-2.94876,-1.76646
-3.29273,-1.15929
-3.29272,-1.1593
-3.29272,-1.1593
-3.09289,-1.32971
-3.09268,-1.32978
-3.09248,-1.32985
-3.10051,-1.26748
-3.10049,-1.26752
-3.10046,-1.26756
-3.10044,-1.2676
-3.33221,-0.839338
-3.33223,-0.839517
-3.00376,-0.863485
-3.00292,-0.863715
-3.00209,-0.863941
-3.00128,-0.864163
-3.25068,-1.22925
-2.85707,-1.87642
-2.85501,-1.87945
-2.85296,-1.88246
-2.85094,-1.88545
-2.84893,-1.88841
-2.96823,-1.09829
-2.96789,-1.09831
-2.96756,-1.09833
-2.81483,-1.06164
-2.81462,-1.06172
-2.81442,-1.0618
-2.81423,-1.06188
-2.81403,-1.06196
-3.46936,-0.988403
-3.46948,-0.988288
-3.4696,-0.988174
-3.46972,-0.988062
-3.46984,-0.987952
-3.58438,-0.904103
-3.58457,-0.90407
-3.58475,-0.904038
-3.01573,-1.18889
-3.01591,-1.18884
-3.4608,-1.2821
-3.46101,-1.28216
-3.20424,-1.1698
-3.24513,-1.16763
-3.24512,-1.16755
-3.2451,-1.16747
-3.24509,-1.16739
-3.24507,-1.16731
-3.26945,-1.15571
-3.08327,-1.12495
-3.08322,-1.1249
-3.08317,-1.12485
-2.93558,-1.12952
-2.93538,-1.12948
-2.93518,-1.12945
-2.93498,-1.12941
-2.93478,-1.12938
-2.93458,-1.12934
-2.89864,-1.37649
-3.02669,-1.43348
-3.02671,-1.43344
-3.02674,-1.4334
-3.02676,-1.43335
-3.02679,-1.43331
-2.86918,-1.45554
-3.39847,-1.01927
-3.24953,-1.01944
-3.2497,-1.01945
-3.24987,-1.01946
-3.25004,-1.01947
-3.25021,-1.01948
-3.18109,-1.11922
-3.21088,-1.23188
-3.2105,-1.23178
-3.21012,-1.23169
-3.20975,-1.2316
-3.20939,-1.23151
-3.20903,-1.23143
Pillar: 2.
-3.54725,-2.71343
-3.54725,-2.71343
-3.54725,-2.71343
-3.54725,-2.71343
-3.54725,-2.71343
-3.54725,-2.71343
-3.54725,-2.71343
-3.54725,-2.71343
-3.54725,-2.71343
-3.69753,-2.66683
-3.62629,-2.68564
-3.6263,-2.68573
-3.62631,-2.6858
-3.62631,-2.68586
-3.62632,-2.6859
-3.5831,-2.683
-3.58412,-2.68289
-3.58494,-2.68281
-3.5856,-2.68274
-3.15503,-2.68101
-3.67818,-2.66559
-3.50794,-2.63045
-3.50812,-2.63059
-3.50828,-2.6307
-3.50842,-2.6308
-3.50854,-2.63089
-3.50865,-2.63097
-3.50874,-2.63104
-3.50882,-2.6311
-3.5089,-2.63116
-3.50746,-2.64265
-3.50748,-2.64267
-3.5075,-2.64269
-3.38587,-2.63286
-3.38787,-2.63299
-3.38962,-2.6331
-3.39118,-2.63319
-3.39257,-2.63328
-3.39381,-2.63336
-3.39492,-2.63342
-3.32697,-2.65082
-3.1021,-2.62911
-3.10432,-2.62931
-3.10635,-2.6295
-3.1082,-2.62966
-3.10991,-2.62982
-3.11147,-2.62996
-3.11292,-2.63009
-3.11426,-2.63021
-3.39577,-2.67703
-3.39578,-2.67703
-3.96046,-2.70593
-3.95751,-2.70575
-3.95478,-2.70559
-3.95224,-2.70544
-3.94987,-2.7053
-3.94766,-2.70517
-3.94559,-2.70505
-3.94366,-2.70494
-3.97768,-2.52786
-3.97768,-2.52786
-4.38763,-2.56383
-4.38618,-2.5639
-4.38481,-2.56397
-4.38353,-2.56403
-4.38231,-2.56409
-4.38116,-2.56414
-4.38008,-2.56419
-4.37905,-2.56424
-2.88104,-2.4095
-3.69625,-2.6309
-3.69631,-2.63089
-3.69636,-2.63087
-3.69641,-2.63086
-3.69646,-2.63085
-3.69651,-2.63084
-3.69655,-2.63083
-3.6966,-2.63083
-3.69664,-2.63082
-3.69668,-2.63081
-3.74693,-2.63823
-3.74476,-2.63656
-3.18521,-2.7462
-3.1787,-2.74402
-3.17242,-2.74202
-3.16634,-2.74018
-3.16046,-2.73847
-3.15476,-2.73688
-3.14923,-2.73542
-3.01504,-2.89141
-3.20894,-2.75218
-3.20855,-2.75186
-3.20819,-2.75155
-3.20787,-2.75126
-3.20758,-2.75099
-3.20732,-2.75072
-3.20708,-2.75047
-3.03561,-2.65503
-3.03645,-2.65388
-3.03728,-2.65278
-3.03809,-2.65173
-3.03887,-2.65072
-3.03964,-2.64977
-3.05909,-2.69225
-3.05762,-2.69049
-3.36836,-2.84344
-3.36848,-2.84355
-3.02541,-2.90438
-3.02608,-2.90405
-4.19228,-2.3563
-3.49997,-2.6783
-3.49982,-2.67819
-3.41301,-2.66839
-3.41292,-2.66831
-3.07289,-2.67735
-3.07006,-2.67709
-3.06726,-2.67684
-3.06451,-2.67659
-3.0618,-2.67635
-2.98072,-2.67836
-2.84633,-2.27545
-2.84672,-2.27604
-2.8471,-2.2766
-2.84747,-2.27715
-3.00847,-2.2197
-3.00971,-2.22123
-3.01078,-2.2227
-3.01172,-2.22411
-3.01254,-2.22547
-3.33419,-2.01479
-3.42455,-2.87632
-3.42444,-2.8765
-2.89325,-2.89956
-2.89222,-2.89978
-2.8912,-2.89999
-2.8902,-2.90021
-3.44056,-2.51591
-2.78507,-3.17502
-2.78263,-3.17803
-2.78022,-3.18102
-2.77783,-3.18399
-2.77546,-3.18693
-2.68622,-2.81557
-3.1772,-2.25623
-3.1771,-2.25575
-3.17699,-2.25528
-2.98974,-2.03134
-2.98967,-2.03069
-2.98959,-2.03005
-2.98952,-2.02941
-2.98944,-2.02879
-3.22944,-2.20206
-3.4276,-2.21316
-3.42778,-2.21272
-3.66178,-2.55581
-3.66196,-2.55577
-3.71635,-2.77225
-3.71662,-2.7723
-3.70906,-2.59494
-3.77841,-2.58236
-3.77844,-2.58226
-3.77846,-2.58217
-3.77849,-2.58208
-3.77851,-2.58199
-3.52433,-2.64927
-3.42748,-2.59227
-3.36737,-2.54197
-3.36733,-2.54192
-3.36729,-2.54187
-3.17717,-2.5544
-3.17696,-2.55437
-3.17675,-2.55433
-3.17655,-2.5543
-3.17634,-2.55427
-3.17614,-2.55423
-3.27464,-2.38341
-3.45805,-2.41796
-3.45811,-2.4179
-3.45817,-2.41784
-3.45823,-2.41779
-3.45829,-2.41773
-3.51078,-2.41128
-3.0734,-2.69621
-3.07045,-2.71819
-3.07007,-2.71814
-3.06968,-2.71809
-3.0693,-2.71804
-3.06893,-2.71799
-3.12206,-2.61029
-2.4153,-2.5174
-2.94667,-2.41981
-2.94628,-2.41972
-2.9459,-2.41962
-2.94552,-2.41953
-2.94515,-2.41944
-2.94479,-2.41936
Pillar: 3.
-1.40396,-0.393647
-1.40396,-0.393647
-1.40396,-0.393647
-1.40396,-0.393647
-1.40396,-0.393647
-1.40396,-0.393647
-1.40396,-0.393647
-1.40396,-0.393647
-1.40396,-0.393647
-1.50119,-0.366132
-1.5017,-0.365769
-1.50209,-0.365494
-1.50238,-0.36528
-1.50262,-0.365111
-1.42826,-0.391092
-1.4293,-0.390969
-1.43013,-0.390871
-1.4308,-0.390793
-1.51708,-0.334915
-1.6229,-0.487836
-1.62309,-0.487961
-1.62325,-0.488069
-1.6234,-0.488163
-1.62352,-0.488246
-1.62364,-0.488319
-1.62373,-0.488384
-1.62382,-0.488441
-1.6239,-0.488493
-1.20336,-0.209974
-1.20103,-0.208483
-0.883999,-0.0871346
-0.876663,-0.0856801
-0.869615,-0.0843396
-0.862835,-0.0831017
-0.856302,-0.0819571
-0.849999,-0.0808988
-0.843908,-0.0799174
-1.20083,0.121032
-0.600909,-0.462524
-0.60006,-0.462719
-0.599274,-0.462903
-0.598546,-0.463077
-0.597871,-0.463241
-0.597244,-0.463397
-0.59666,-0.463545
-0.534981,-0.418546
-0.477223,-0.264821
-0.477448,-0.264336
-0.477682,-0.263872
-0.47792,-0.263431
-0.478164,-0.263009
-0.478411,-0.262606
-0.537917,-0.262826
-0.535372,-0.262184
-1.02263,-0.431795
-1.02202,-0.432607
-0.917899,-0.282
-0.918297,-0.281879
-0.645973,-0.182788
-0.64202,-0.182223
-1.26538,-0.3611
-1.0043,-0.317016
-1.00399,-0.317088
-0.899451,-0.326162
-0.899305,-0.326152
-0.596233,-0.296134
-0.593431,-0.295841
-0.590671,-0.295555
-0.587956,-0.295275
-0.585278,-0.295
-0.504676,-0.296503
-0.98254,-0.728783
-0.981851,-0.730673
-0.981182,-0.732505
-0.980532,-0.734283
-0.822363,-1.17721
-0.823918,-1.17806
-0.825289,-1.17891
-0.826506,-1.17973
-0.827591,-1.18054
-1.0854,-1.11544
-0.984921,-0.267817
-0.984817,-0.267454
-0.651616,-0.284686
-0.651747,-0.284454
-0.651877,-0.28423
-0.653477,-0.285788
-0.652914,-0.285737
-0.652405,-0.285689
-0.651945,-0.285643
-0.579447,-0.26823
-1.43186,-0.34717
-1.43191,-0.347238
-1.65556,-0.334808
-1.43483,-0.347721
-1.65678,-0.335533
-1.43766,-0.34818
-1.4377,-0.348237
-0.119138,-0.709075
-0.363273,-0.991187
-0.173935,-0.733747
-0.173726,-0.733384
-0.173553,-0.733037
-0.173407,-0.732704
-0.551942,-0.585249
-0.571502,-0.462192
-0.594943,-0.411497
-0.594198,-0.411822
-0.593502,-0.412132
-0.592856,-0.412427
-0.123456,-0.653241
-0.123613,-0.65309
-0.123762,-0.652943
0.12881,-0.790626
0.121886,-0.789515
0.115665,-0.788525
0.110044,-0.787638
0.104932,-0.786841
-0.169301,-0.497796
-0.0264218,-0.517822
-0.0273896,-0.521363
-0.0283191,-0.524877
-0.0292144,-0.528364
-0.0300755,-0.531825
-0.896382,-0.506106
-0.838766,-0.168489
-0.838824,-0.168859
-0.838886,-0.169217
-0.838947,-0.169562
-0.83901,-0.169896
0.139878,-0.760425
0.0204422,-0.690138
0.0202259,-0.689968
0.0200152,-0.689803
-0.0185114,-0.728553
-0.018518,-0.728413
-0.018524,-0.728276
-0.0185321,-0.728144
-0.0185407,-0.728014
-0.445322,-0.534389
-0.673067,-0.586128
-0.663155,-0.58789
-0.337739,-0.549303
-0.337661,-0.549281
-0.733997,-0.475944
-0.733982,-0.475949
-0.620691,-0.309871
-0.899944,-0.17766
-0.899984,-0.177622
-0.900023,-0.177583
-0.661688,-0.363683
-0.476216,-0.335251
-0.664209,-0.363546
-0.666072,-0.363683
-0.667863,-0.363824
-0.46789,-0.548261
-0.467707,-0.54836
-0.159132,-0.389841
-0.205219,-0.367178
-0.206277,-0.36704
-0.207293,-0.366907
-0.208279,-0.366777
-0.795634,-0.391198
-0.795629,-0.391204
-0.795625,-0.391211
-0.78454,-0.106194
-0.784389,-0.106167
-0.78424,-0.106141
-0.763365,-0.0999169
-0.763408,-0.0998299
-0.763447,-0.099744
-0.763484,-0.0996593
-0.52421,-0.341782
-0.771713,-0.461836
-0.771752,-0.461864
-0.493431,-0.23345
-0.492653,-0.233444
-0.491887,-0.233437
-0.491132,-0.23343
-0.807386,-0.430693
-0.623547,-0.604115
-0.621846,-0.606511
-0.620158,-0.608891
-0.618488,-0.611252
-0.616831,-0.613595
-0.453101,-0.306607
0.0562557,-0.742126
0.0565995,-0.742208
0.0569388,-0.742289
0.212249,-0.728216
0.212452,-0.728293
0.212651,-0.728369
0.212847,-0.728443
0.21304,-0.728517
-0.859639,-0.96339
-0.859422,-0.963115
-0.859209,-0.962845
-0.574815,-0.931045
-0.574696,-0.930486
-0.574578,-0.929935
-0.574463,-0.929393
-0.574353,-0.92886
-0.782394,-1.04893
-0.9728,-1.07661
-0.972907,-1.07634
-0.845795,-0.329106
-0.845918,-0.328986
-0.84604,-0.328868
-0.84616,-0.328751
-0.846278,-0.328636
-0.470515,-0.962718
-0.470701,-0.962757
-0.470885,-0.962795
-0.936895,-0.118639
-0.213815,-0.16366
-0.213973,-0.163861
0.185489,-0.618831
0.154961,-0.684709
0.154987,-0.684722
0.155013,-0.684736
0.15504,-0.684749
0.155067,-0.684762
0.100718,-0.596244
0.0627862,-0.602512
-0.924115,-0.558228
-0.924056,-0.558201
-0.923999,-0.558175
-0.794346,-0.498468
-0.794143,-0.498424
-0.793942,-0.498381
-0.793744,-0.498338
-0.793548,-0.498296
-0.793355,-0.498255
-0.60049,-0.457675
Pillar: 4.
4.91696,-1.08261
4.91696,-1.08261
4.91696,-1.08261
4.91696,-1.08261
4.91696,-1.08261
4.91696,-1.08261
4.91696,-1.08261
4.75365,-0.900686
4.75342,-0.89968
4.75324,-0.898885
4.81982,-1.00928
4.81878,-1.00911
4.81796,-1.00898
4.81729,-1.00887
4.72094,-1.04754
4.87482,-1.01981
4.87482,-1.01981
4.67453,-1.08621
4.67252,-1.08625
4.67075,-1.08629
4.66918,-1.08632
4.66778,-1.08635
4.66653,-1.08638
4.66541,-1.0864
4.50759,-1.0791
4.76437,-1.08615
4.76437,-1.08615
4.2291,-1.12752
4.22695,-1.12806
4.22499,-1.12855
4.22319,-1.129
4.22154,-1.12942
4.22002,-1.12981
4.21862,-1.13017
4.21733,-1.1305
5.47984,-0.879994
5.4829,-0.880424
5.48574,-0.880813
5.48839,-0.881166
5.49084,-0.881488
5.49313,-0.881783
5.49527,-0.882053
5.49728,-0.8823
5.02591,-0.906017
5.02537,-0.906333
5.60296,-0.758789
5.24527,-1.002
5.24662,-1.00151
5.2479,-1.00105
5.24911,-1.00061
5.25025,-1.0002
5.25133,-0.999818
5.25234,-0.999453
5.25331,-0.999107
4.91294,-1.04858
4.91291,-1.04853
5.18542,-0.561747
5.18589,-0.561004
5.18633,-0.560295
5.18676,-0.559619
5.18717,-0.558973
5.18755,-0.558356
5.18792,-0.557766
5.18828,-0.557201
4.193,-1.18502
4.63027,-0.711705
4.63107,-0.712937
4.6318,-0.714103
4.63249,-0.715207
4.63312,-0.716254
4.63371,-0.717248
4.63425,-0.718193
4.69845,-1.78593
4.25467,-0.778225
4.25431,-0.778972
4.25395,-0.779685
4.25358,-0.780368
4.25323,-0.78102
4.25287,-0.781645
4.20134,-0.703103
4.20369,-0.704573
5.10634,-1.10801
4.96734,-1.12543
4.61944,-0.898433
4.63516,-0.896045
4.53868,-0.946065
4.53881,-0.946184
4.85092,-0.830991
4.85373,-0.830621
4.8565,-0.830258
4.85922,-0.8299
4.86191,-0.829547
4.94262,-0.829946
4.17832,-0.946386
4.17815,-0.94646
4.17798,-0.946532
4.13206,-1.21572
4.13286,-1.21446
4.13359,-1.21328
4.13425,-1.21218
4.20571,-1.20014
4.43367,-1.29357
4.43784,-1.28926
5.1334,-0.885911
5.13334,-0.886114
4.92967,-0.168658
5.13114,-0.877813
4.92821,-0.15998
5.129,-0.869697
5.12894,-0.869873
4.94799,-0.844795
4.94767,-0.844971
4.94735,-0.845141
4.83803,-0.797794
4.57517,-0.551575
4.78381,-0.780313
4.78402,-0.780226
4.78419,-0.780144
4.78433,-0.780066
4.8849,-0.791111
4.85018,-0.917181
4.81676,-0.972835
4.8176,-0.972285
4.81838,-0.971763
4.81911,-0.971267
4.88721,-0.948262
4.8916,-0.948112
4.56699,-0.591193
4.56684,-0.591543
4.5667,-0.591886
4.80888,-0.472738
4.80207,-0.473187
4.79594,-0.473609
4.7904,-0.474005
4.78537,-0.474378
5.00643,-0.710339
5.00404,-0.710414
4.3916,-1.66346
4.54485,-1.64213
4.544,-1.6452
4.54318,-1.64826
4.5424,-1.6513
4.54165,-1.65431
4.97885,-1.20304
5.08394,-0.894929
5.06067,-1.22305
5.06076,-1.2226
5.06084,-1.22216
5.06092,-1.22173
5.06099,-1.22132
5.01759,-0.262901
5.0197,-0.258519
4.75594,-0.845088
4.63495,-0.836603
4.63473,-0.836642
4.63452,-0.83668
4.59768,-0.805487
4.59768,-0.805469
4.59767,-0.805451
4.59766,-0.805434
4.59765,-0.805418
4.84772,-0.992703
4.3894,-1.02627
4.16648,-1.02807
4.17654,-1.02813
4.49481,-0.553665
4.49488,-0.554003
4.50065,-0.257799
5.19632,-0.977178
5.19588,-0.977116
5.19545,-0.977056
4.58498,-1.04037
4.29836,-1.09652
4.30884,-1.09689
4.31882,-1.09724
4.32835,-1.09757
4.33746,-1.09787
4.40846,-1.15315
4.75155,-0.769115
4.75156,-0.769271
5.05965,-0.985248
5.05937,-0.985191
4.77424,-0.263404
4.77457,-0.259376
4.77492,-0.25538
4.77528,-0.251415
4.77567,-0.24748
4.77607,-0.243575
4.77648,-0.239698
4.86782,-0.86606
4.86772,-0.866094
5.15276,-0.835663
5.15195,-0.835824
5.15116,-0.835981
5.15039,-0.836134
5.14964,-0.836284
5.14891,-0.83643
5.14819,-0.836574
5.28572,-0.586899
5.28454,-0.58733
5.28339,-0.587753
5.28227,-0.588168
5.28117,-0.588575
5.2801,-0.588973
5.27905,-0.589365
5.15428,-0.606233
5.00361,-0.629107
5.00314,-0.629377
4.97561,-0.613605
4.97706,-0.61417
4.9185,-0.61253
4.92238,-0.612577
4.92571,-0.612664
4.63681,-0.550532
4.93279,-0.916111
4.93271,-0.916085
4.88528,-0.928266
4.88527,-0.928231
4.88526,-0.928196
4.60768,-0.753363
4.61443,-0.754167
4.62074,-0.75494
4.62666,-0.755683
4.63222,-0.756398
4.43432,-1.12178
4.43453,-1.12164
4.65675,-1.04073
4.91285,-1.01622
4.71124,-0.952892
4.7105,-0.953054
4.70979,-0.953215
4.70912,-0.953375
5.74033,-0.90086
5.74416,-0.900651
5.74791,-0.900453
5.75156,-0.900263
5.75514,-0.900082
5.31625,-0.923078
5.31578,-0.923107
5.57127,-0.960965
5.34169,-0.920941
5.34107,-0.920977
5.34046,-0.921011
5.33988,-0.921045
5.3393,-0.921077
5.81974,-0.979463
5.81433,-0.978171
5.29031,-0.853803
4.48804,-0.922899
4.76363,-0.820906
4.76359,-0.820861
4.76356,-0.820816
5.03487,-0.165972
5.22372,-0.35889
5.03249,-0.169834
5.03065,-0.170736
5.02889,-0.171616
5.06804,-0.772425
5.06578,-0.772344
4.81534,-0.683187
4.81553,-0.683306
5.10925,-0.80812
5.05755,-0.850953
5.05649,-0.85079
5.05548,-0.850632
5.0545,-0.850478
5.19921,-0.76147
5.19822,-0.761455
5.19726,-0.761442
4.64503,-0.978156
4.64522,-0.977895
4.64541,-0.977638
4.64363,-1.10239
4.64365,-1.102
4.64366,-1.10162
4.64368,-1.10126
4.63635,-1.01996
4.71442,-0.863195
4.71449,-0.863248
3.71089,-1.05051
3.71174,-1.05011
3.71258,-1.04971
3.71341,-1.04932
4.6923,-0.716171
4.69404,-0.717057
4.69575,-0.717938
4.69745,-0.718813
4.69914,-0.719683
4.85748,-0.568448
4.52766,-0.664578
4.52801,-0.664752
4.52835,-0.664925
4.68411,-0.684277
4.68431,-0.684349
4.68451,-0.684421
4.68471,-0.684491
4.6849,-0.684561
5.13992,-0.812561
5.13978,-0.812595
4.7479,-0.749379
4.74814,-0.749592
4.74837,-0.749803
5.03158,-1.17328
5.03169,-1.17293
5.0318,-1.17259
5.0319,-1.17226
5.03201,-1.17193
4.74493,-0.712636
5.12531,-0.719722
5.12523,-0.719874
5.21203,-1.1146
5.21191,-1.11447
5.21179,-1.11434
5.21167,-1.11421
5.21156,-1.11409
5.11902,-0.887345
5.11894,-0.887337
5.11885,-0.887329
5.42716,-0.599022
5.42698,-0.599197
5.4268,-0.59937
4.85445,-1.29127
4.26927,-1.01797
4.47103,-0.80542
4.47106,-0.805553
4.47108,-0.805684
4.4711,-0.805814
4.47113,-0.805941
4.41194,-0.833757
4.37389,-0.842212
4.73219,-0.908393
4.73223,-0.908373
4.46859,-0.998673
4.46879,-0.998609
4.46899,-0.998546
4.4692,-0.998483
4.46939,-0.998421
4.46959,-0.99836
4.65961,-0.986874
4.69148,-0.979927
4.69154,-0.979878
4.6916,-0.97983
4.60643,-0.91456
5.11074,-0.341496
5.11075,-0.341729
5.11076,-0.34196
5.11077,-0.342188
5.11078,-0.342415
5.05797,-0.33465
4.71658,-0.893272
4.44264,-0.933877
4.96826,-0.885314
4.9682,-0.885306
4.33696,-0.956111
4.33733,-0.955981
4.33771,-0.955853
4.33808,-0.955726
4.33844,-0.9556
4.3388,-0.955476
Pillar: 5.
5.56234,-2.42593
5.56234,-2.42593
5.56234,-2.42593
5.56234,-2.42593
5.56234,-2.42593
5.56234,-2.42594
5.56234,-2.42594
5.30015,-2.25074
5.30009,-2.24967
5.30004,-2.24882
5.34835,-2.36647
5.34732,-2.3663
5.34651,-2.36616
5.34585,-2.36605
5.22888,-2.41257
5.40034,-2.37817
5.40034,-2.37817
5.28859,-2.32332
5.28659,-2.32335
5.28483,-2.32338
5.28327,-2.32341
5.28188,-2.32344
5.28064,-2.32346
5.27952,-2.32348
5.11767,-2.31818
5.39463,-2.31508
5.39463,-2.31508
5.69244,-2.4829
5.6954,-2.48334
5.69815,-2.48374
5.7007,-2.48411
5.70308,-2.48444
5.7053,-2.48475
5.70737,-2.48502
5.70931,-2.48528
5.2346,-2.50944
5.23405,-2.50975
5.63378,-2.67252
5.81295,-2.31043
5.81438,-2.30991
5.81573,-2.30942
5.81701,-2.30896
5.81821,-2.30852
5.81934,-2.30811
5.82042,-2.30772
5.82143,-2.30735
5.49376,-2.35124
5.49374,-2.35119
4.79095,-2.49176
4.79139,-2.49302
4.7918,-2.49422
4.79216,-2.49535
4.7925,-2.49643
4.7928,-2.49745
4.79307,-2.49841
4.29708,-2.45421
4.29628,-2.45497
4.2955,-2.4557
4.29474,-2.45639
4.294,-2.45705
4.29327,-2.45768
4.26962,-2.37824
4.27122,-2.37974
4.67424,-2.40404
4.67362,-2.4045
5.16361,-2.84969
4.67414,-2.84322
4.55765,-2.63996
4.57381,-2.63759
5.29751,-2.53726
5.29741,-2.53746
5.26936,-1.793
5.29742,-2.52894
5.27023,-1.78384
5.29744,-2.52061
5.29735,-2.52079
5.06841,-2.4999
5.06809,-2.50008
5.06777,-2.50025
4.26761,-2.23345
4.16085,-2.0398
4.22562,-2.22076
4.22575,-2.22065
4.22584,-2.22053
4.22591,-2.22043
5.15462,-1.69935
4.62916,-2.35254
4.52309,-2.46524
4.45935,-2.51417
4.46043,-2.51368
4.46145,-2.51322
4.4624,-2.51277
4.51665,-2.48649
4.52121,-2.48639
4.4887,-2.49483
4.48835,-2.49517
4.48801,-2.49551
4.83458,-2.37781
4.82713,-2.37827
4.82043,-2.3787
4.81437,-2.3791
4.80886,-2.37948
5.09534,-2.61351
5.09284,-2.61359
5.55116,-2.34868
4.81396,-2.37609
4.62689,-2.66477
4.62718,-2.66438
4.62746,-2.664
4.62772,-2.66363
4.62797,-2.66328
4.09782,-2.1736
4.33705,-2.25215
4.33676,-2.25218
4.33648,-2.2522
4.32114,-2.22536
4.32109,-2.22534
4.32105,-2.22531
4.321,-2.22529
4.32096,-2.22527
4.6186,-2.421
4.66356,-2.50699
4.81598,-2.68028
4.81589,-2.68064
4.5597,-2.34752
4.55926,-2.34746
4.55883,-2.3474
3.88017,-2.37692
4.92679,-2.542
4.92675,-2.54216
5.38284,-1.81492
5.37895,-1.82046
5.37525,-1.82572
5.37173,-1.83073
4.68068,-2.32879
4.6804,-2.32873
4.87178,-2.42282
4.87167,-2.42285
5.11016,-2.39185
5.10938,-2.39201
5.10863,-2.39216
5.10789,-2.39232
5.10717,-2.39247
5.10647,-2.39262
5.10578,-2.39276
5.38441,-2.5684
5.38333,-2.56882
5.38228,-2.56924
5.38125,-2.56965
5.38024,-2.57006
5.37926,-2.57045
5.3783,-2.57084
5.56455,-2.3196
5.35622,-2.56908
5.22748,-2.58957
5.22707,-2.58983
5.18058,-2.57614
5.18234,-2.57667
5.1119,-2.57624
5.11607,-2.57625
5.11966,-2.57631
5.13396,-2.35839
6.01116,-2.56037
5.82398,-2.47884
5.81957,-2.47762
5.81545,-2.47648
5.81159,-2.4754
5.80797,-2.47439
4.91216,-2.36806
4.91208,-2.36803
4.91785,-2.38
4.91784,-2.37996
4.91783,-2.37993
4.45583,-2.1975
4.46352,-2.1984
4.47071,-2.19926
4.47748,-2.20009
4.48384,-2.20089
5.38921,-2.15394
5.38942,-2.1538
4.7349,-1.86675
5.58843,-2.09388
5.84166,-2.0719
5.59162,-2.0493
5.59096,-2.04939
5.59035,-2.04948
5.58976,-2.04957
5.69476,-2.71289
5.18602,-2.27346
5.18556,-2.27349
5.50216,-2.31585
5.21166,-2.27134
5.21104,-2.27138
5.21044,-2.27141
5.20985,-2.27145
5.20928,-2.27148
6.23167,-2.27835
6.22617,-2.27798
5.28164,-2.56897
5.2816,-2.56893
5.28157,-2.56888
5.80463,-1.81871
5.92872,-2.04027
5.80108,-1.82311
5.79903,-1.82412
5.79705,-1.8251
6.01017,-2.33334
6.00786,-2.33329
4.8183,-2.45369
4.81848,-2.45381
5.01718,-2.57623
4.94349,-2.61779
4.94245,-2.61762
4.94144,-2.61747
4.94047,-2.61731
5.05542,-2.52613
5.05442,-2.52612
5.05345,-2.5261
5.2354,-2.344
5.41502,-2.29902
4.26139,-2.30012
4.2617,-2.30029
4.26201,-2.30045
4.40555,-2.31777
4.40576,-2.31784
4.40596,-2.31791
4.40616,-2.31798
4.40635,-2.31805
4.89584,-2.45156
4.89572,-2.45159
5.07428,-2.33163
5.07408,-2.33178
4.86158,-2.68878
4.86146,-2.68865
4.86135,-2.68852
4.86123,-2.68839
4.86112,-2.68827
4.68645,-2.44096
4.68637,-2.44096
4.6863,-2.44095
4.5235,-2.3775
4.52328,-2.37765
4.52307,-2.3778
4.96197,-2.06942
4.90141,-2.23075
4.90139,-2.23089
4.90137,-2.23104
4.90136,-2.23118
4.90134,-2.23132
4.80357,-2.27021
4.76479,-2.27887
5.14788,-2.33807
5.14793,-2.33805
4.94446,-2.29009
4.94467,-2.29003
4.94488,-2.28996
4.94508,-2.2899
4.94529,-2.28984
4.94549,-2.28977
5.12836,-2.2809
5.17979,-2.2667
5.17985,-2.26665
5.17991,-2.2666
4.76297,-2.31616
4.57088,-2.79742
4.57081,-2.79763
4.57074,-2.79784
4.57067,-2.79805
4.5706,-2.79826
4.51816,-2.79058
4.83735,-2.41509
4.88352,-1.65667
4.88355,-1.65403
4.88359,-1.65141
4.88363,-1.64879
4.88366,-1.64619
4.78962,-2.35668
4.44207,-2.39911
4.88786,-2.34834
4.88781,-2.34833
Pillar: 6.
12.3855,0.102166
12.9711,-0.4604
12.9718,-0.462988
12.9725,-0.465442
12.9731,-0.467772
12.9737,-0.469987
13.1727,-0.231914
13.2701,-0.777433
13.2697,-0.780133
13.2694,-0.782716
13.2166,-0.554213
13.219,-0.5597
14.1929,-0.0539851
14.2848,-0.0463812
14.1255,-0.242696
14.1411,-0.237866
12.1597,-0.530985
13.1075,-0.335984
13.1056,-0.33256
13.104,-0.329407
13.1026,-0.326492
13.1013,-0.32379
13.1736,-0.306481
13.3239,-0.254205
13.3244,-0.250631
13.3249,-0.247287
13.3254,-0.244153
13.3979,-0.242419
13.5868,-0.0153135
13.591,-0.0110005
13.8827,-0.498897
13.4313,-0.349764
13.4316,-0.350159
13.4318,-0.350539
13.4319,-0.350908
13.6908,-0.250342
13.4769,-0.228612
13.599,-0.172833
13.5998,-0.170864
13.6004,-0.168992
13.601,-0.167211
13.676,-0.223273
13.6803,-0.222151
13.4257,-0.292228
13.4241,-0.292972
13.4226,-0.293614
13.3706,-0.471782
13.1744,-0.295793
13.1677,-0.299033
13.1616,-0.301977
13.1561,-0.304665
13.1511,-0.307132
13.3615,-0.255882
13.3591,-0.256412
13.2685,-0.28443
13.4823,-0.264138
13.4808,-0.264717
12.9176,-0.349448
12.9166,-0.351669
12.9157,-0.353885
12.9148,-0.356094
12.9139,-0.358297
13.1167,-0.0420874
13.4659,-0.0341952
13.4658,-0.0325706
13.4657,-0.0309989
13.4656,-0.0294788
13.4656,-0.028007
13.5064,-0.278884
13.5085,-0.278817
13.4203,-0.311412
13.4203,-0.311627
13.4203,-0.311837
13.4203,-0.312042
13.4203,-0.312241
13.6489,-0.205129
13.6677,-0.187069
14.2244,-0.341599
14.2342,-0.338111
14.4409,-0.2136
14.211,-0.244189
14.2212,-0.241214
14.2309,-0.238383
14.2401,-0.235685
14.249,-0.233109
14.2417,-0.226853
13.406,-0.339859
13.4063,-0.339412
13.4066,-0.33899
13.7903,0.00127083
13.7907,-0.000229955
13.7913,-0.00165379
13.7918,-0.00300562
13.7923,-0.00429034
13.7928,-0.00551248
13.7934,-0.0066759
12.9407,-0.329822
12.9399,-0.329818
12.9391,-0.329814
12.9383,-0.329809
12.9376,-0.329804
12.9368,-0.329798
12.9361,-0.329793
12.5179,-0.404107
12.5167,-0.404178
12.5155,-0.404247
12.5144,-0.404314
12.5133,-0.404379
12.5122,-0.404442
12.5111,-0.404502
12.7337,-0.2768
12.653,-0.389663
12.93,-0.34702
12.9296,-0.347058
12.9044,-0.407921
12.9058,-0.40721
12.8484,-0.453572
12.8522,-0.452458
12.8555,-0.451502
12.9012,-0.351229
12.9518,-0.279734
12.9584,-0.279127
13.0028,0.183609
12.9075,0.018394
12.904,0.01704
12.9007,0.0157654
12.8976,0.0145637
12.8948,0.0134295
13.1169,-0.278252
13.1189,-0.277786
13.1263,-0.286379
12.4611,-0.258583
13.3333,-0.249885
13.3333,-0.249849
13.3332,-0.249815
13.0735,-1.15208
13.0805,-1.14739
13.087,-1.14295
13.0932,-1.13874
13.0989,-1.13475
12.8313,-0.419766
12.8597,-0.443015
13.1174,-0.440827
12.9334,-0.747229
12.9326,-0.74671
12.9319,-0.746211
12.9312,-0.74573
12.9639,-1.05282
13.0933,-0.348605
13.0943,-0.348041
12.6261,-0.394307
12.6257,-0.394292
12.8498,-0.102612
12.6515,-0.391049
12.6509,-0.391082
12.6503,-0.391114
12.6497,-0.391145
12.6491,-0.391175
12.9805,-0.422661
12.982,-0.422071
13.2349,-0.0735653
13.2299,-0.0751957
12.7405,-0.306496
13.1256,-0.194892
13.1207,-0.196707
13.987,-0.230176
12.7253,-0.699412
12.8876,-1.19055
12.7225,-0.708672
12.7206,-0.710607
12.7188,-0.712483
12.7714,-0.480205
12.7691,-0.480319
12.8723,-0.459485
13.0986,-0.246953
13.0975,-0.24675
13.0965,-0.246555
13.0955,-0.246364
13.2493,-0.292967
13.2483,-0.292999
13.2473,-0.293029
13.404,-0.312807
13.4032,-0.312909
13.2611,-0.477657
13.261,-0.476795
13.261,-0.475956
13.261,-0.47514
13.2587,-0.467699
13.3466,-0.493905
13.3466,-0.49332
13.4837,-0.862304
13.3937,-0.888704
13.2687,-0.463658
13.2685,-0.46321
12.1685,-0.61952
12.6047,-0.363464
12.6049,-0.363529
12.6051,-0.363593
12.6053,-0.363656
12.6055,-0.363718
13.052,-0.32495
13.0519,-0.324916
12.4399,-0.180812
12.44,-0.18075
12.4402,-0.180688
12.4403,-0.180627
12.4404,-0.180566
13.3217,-0.0630195
13.3216,-0.0628748
13.3215,-0.0627325
13.3213,-0.0625916
13.3212,-0.0624524
13.2727,-0.262753
13.2726,-0.26271
13.2725,-0.262669
14.1217,-0.341666
Pillar: 7.
14.0517,-1.6402
14.0518,-1.64063
14.0519,-1.64104
14.052,-1.64144
14.4592,-1.45847
14.3917,-1.16711
14.3515,-1.41004
14.3524,-1.40794
14.3533,-1.40596
14.3541,-1.40407
14.4179,-1.46686
14.4223,-1.46565
14.2145,-1.50658
14.2129,-1.50733
14.2114,-1.50797
14.261,-1.33092
13.6151,-1.60024
13.6079,-1.60363
13.6015,-1.6067
13.5956,-1.60951
13.5903,-1.61209
13.8453,-1.54498
13.8428,-1.54554
13.6803,-1.59831
13.9314,-1.56574
13.9299,-1.56632
15.1931,-1.31717
15.2033,-1.31334
15.1427,-1.33706
15.1532,-1.33377
15.1633,-1.33064
15.1729,-1.32766
15.182,-1.32481
15.1701,-1.3225
14.3524,-1.42
14.3527,-1.41955
14.353,-1.41913
13.9047,-2.06072
13.9008,-2.06625
13.8971,-2.07152
13.8936,-2.07652
14.0994,-1.7566
14.0988,-1.75829
14.0982,-1.7599
14.0977,-1.76143
14.0972,-1.76289
14.0968,-1.76428
14.0963,-1.76562
13.2645,-1.71545
13.2588,-1.71709
13.1397,-1.80117
13.1344,-1.80299
13.926,-1.83536
13.2206,-1.88536
13.3365,-2.39483
13.217,-1.89497
13.2149,-1.89697
13.2129,-1.89891
13.3907,-1.60637
13.3884,-1.6065
13.604,-1.40625
13.5442,-1.55469
13.5431,-1.55449
13.5421,-1.55429
13.5411,-1.5541
13.6728,-1.60803
13.6718,-1.60806
13.6708,-1.60809
13.8141,-1.63213
13.8132,-1.63223
13.943,-1.41132
13.943,-1.41042
13.9431,-1.40954
13.9431,-1.40869
13.9328,-1.40706
14.0006,-1.44735
14.0007,-1.44672
13.9468,-1.47533
13.9466,-1.47488
14.8021,-1.1257
Pillar: 8.
21.2665,-1.41783
21.2658,-1.41766
21.265,-1.41748
21.2643,-1.41732
21.2636,-1.41715
20.588,-2.23587
20.9402,-1.66334
20.9391,-1.663
20.9381,-1.66267
20.9371,-1.66235
21.1367,-1.68001
21.171,-1.57414
21.1726,-1.5721
21.1079,-1.66849
21.1119,-1.66616
21.1154,-1.66412
21.1417,-1.68907
21.1785,-1.70004
21.185,-1.70033
21.0255,-1.69536
21.0257,-1.69516
20.4159,-1.95153
20.6902,-1.80292
20.686,-1.8071
20.6821,-1.81103
20.6785,-1.81472
20.675,-1.81821
20.9798,-1.71412
20.9817,-1.7142
20.8842,-1.71459
20.8844,-1.71453
21.0989,-2.10746
20.9946,-1.40594
20.7592,-2.06578
20.7585,-2.06462
20.7579,-2.06349
20.7573,-2.0624
20.8449,-1.98653
20.8311,-2.11164
20.8319,-2.11191
20.6098,-2.40095
20.9691,-1.63278
Pillar: 9.
20.8594,-0.2413
20.8587,-0.241137
20.8579,-0.240977
20.8572,-0.240819
20.6923,-0.368315
20.6911,-0.367992
20.6901,-0.367676
20.689,-0.367361
20.911,-0.38093
21.1689,-0.0236954
21.1702,-0.0216546
21.115,-0.118054
21.1188,-0.11573
21.122,-0.113686
21.1719,-0.138914
21.2242,-0.150271
21.2308,-0.150562
21.0455,-0.145039
21.0457,-0.144846
20.9555,-0.283851
20.9519,-0.288129
20.9485,-0.292149
20.9454,-0.295933
20.9424,-0.299503
21.17,-0.183836
21.1721,-0.183928
21.0947,-0.186966
21.0949,-0.186901
21.7178,0.19053
22.017,0.339945
22.023,0.350441
22.0287,0.360386
22.0339,0.369821
22.0389,0.378786
20.3947,-0.460147
21.2477,0.419483
21.2468,0.42069
21.246,0.421857
21.2452,0.422986
21.2111,0.519678
21.4606,0.341694
21.4617,0.341357
21.4985,-0.119629
21.5024,-0.121247
21.5063,-0.122819
21.51,-0.124348
21.5136,-0.125836
20.4087,-0.261218
21.1134,-0.0602344
21.1128,-0.0602648
21.1122,-0.0602938
21.1116,-0.0603222
21.111,-0.0603489
21.4361,0.0418201
21.4376,0.0424103
21.6937,0.669159
21.1789,-0.174401
FEATURES.
Feature: 1.
-3.45681,-0.977696
-3.45681,-0.977696
-3.45681,-0.977696
-3.45681,-0.977696
-3.45681,-0.977696
-3.45681,-0.977696
-3.45681,-0.977696
-3.45681,-0.977696
-3.45681,-0.977696
-3.55701,-1.23183
-3.53968,-1.21748
-3.52916,-1.21143
-3.51834,-1.20424
-3.5073,-1.19651
-3.49512,-1.18629
-3.484,-1.17765
-3.46264,-1.16591
-3.44326,-1.15524
-3.42307,-1.14406
-3.52962,-0.882928
-3.50841,-0.893785
-3.52284,-0.929086
-3.53144,-0.957644
-3.53711,-0.979019
-3.53782,-0.996573
-3.5357,-1.00852
-3.53052,-1.01593
-3.52287,-1.02322
-3.51307,-1.02678
-3.11348,-0.838931
-3.12934,-0.853856
-3.14517,-0.868576
-3.16027,-0.882422
-3.14203,-0.88084
-3.12522,-0.883592
-3.11352,-0.88648
-3.10565,-0.888842
-3.09887,-0.895483
-3.09384,-0.903905
-2.68609,-0.930713
-1.63504,-1.7782
-1.66895,-1.69037
-1.70759,-1.604
-1.7535,-1.52759
-1.80313,-1.45875
-1.85506,-1.39653
-1.90767,-1.33997
-1.96233,-1.28873
-4.65358,-0.743658
-4.56134,-0.767663
-4.46796,-0.791358
-4.42729,-0.814196
-4.38856,-0.834834
-4.35182,-0.853333
-4.31726,-0.869884
-4.2848,-0.884699
-4.2502,-0.899519
-4.22056,-0.911731
-3.41817,-0.845948
-3.19798,-0.934518
-3.17849,-0.95042
-3.15857,-0.966439
-3.15319,-0.978392
-3.15007,-0.990409
-3.14906,-1.00225
-3.14961,-1.01384
-3.15145,-1.02507
-3.15422,-1.03587
-3.15757,-1.04618
-3.047,-0.529874
-3.09391,-0.59047
-3.14114,-0.652583
-3.18573,-0.712394
-3.2268,-0.76864
-3.26427,-0.821055
-3.29833,-0.869727
-3.32924,-0.914858
-3.93984,-1.68425
-2.52401,-0.808993
-2.57825,-0.82166
-2.63341,-0.835042
-2.68607,-0.848347
-2.74153,-0.862938
-2.79715,-0.878246
-2.85093,-0.893786
-2.90155,-0.909165
-2.9482,-0.924088
-2.99053,-0.938343
-4.28574,-0.40788
-4.28331,-0.488067
-4.27417,-0.555571
-4.25768,-0.622471
-4.22978,-0.677546
-4.19135,-0.724203
-4.14393,-0.764799
-4.08937,-0.800969
-4.02961,-0.833862
-4.60294,0.89403
-4.62998,0.731924
-4.63353,0.587152
-4.62061,0.458806
-4.59458,0.346015
-4.55805,0.246135
-4.51261,0.156942
-1.52089,-2.82695
-1.60308,-2.76122
-1.682,-2.69006
-1.75528,-2.62018
-1.826,-2.55028
-1.89628,-2.47581
-1.96584,-2.39824
-2.04546,-2.32014
-3.17438,-1.09983
-3.15861,-1.08507
-3.14516,-1.0806
-3.15638,-1.07196
-5.10973,2.12709
-5.08152,1.93052
-5.02603,1.75065
-5.45191,0.0892822
-2.74319,-1.50503
-2.77114,-1.49125
-2.8017,-1.47802
-2.82293,-1.4631
-2.84574,-1.44796
-2.8509,-1.42604
-2.85692,-1.40535
-2.86373,-1.38567
-2.87072,-1.36717
-2.77287,-1.54734
-2.88073,-1.53251
-2.98906,-1.51562
-3.10318,-1.49473
-3.19861,-1.47655
-3.18523,-1.45788
-3.18497,-1.43728
-3.19196,-1.4159
-3.20403,-1.39801
-3.70151,-1.29248
-3.68021,-1.28538
-3.65909,-1.27849
-3.60761,-1.26949
-3.55394,-1.26161
-3.50081,-1.25463
-3.44539,-1.24855
-3.39171,-1.24473
-3.34216,-1.24155
-0.556282,0.933207
-0.802809,0.916921
-1.10901,0.916694
-1.40778,0.879556
-1.68651,0.810388
-1.9876,0.770258
-2.19662,0.674504
-2.40883,0.570938
-2.57622,0.44738
-4.16936,-0.139095
-4.06828,-0.203725
-3.96808,-0.271829
-3.87252,-0.341241
-3.88587,-0.375507
-3.88276,-0.408768
-3.8657,-0.45241
-3.82613,-0.487759
-3.78052,-0.521199
-3.73064,-0.553848
-3.4794,-1.01035
-3.41824,-1.00602
-3.36436,-1.00756
-3.342,-0.975737
-3.32322,-0.953897
-3.30577,-0.936172
-1.85722,-3.68003
-1.97465,-3.59513
-2.06488,-3.5055
-2.1555,-3.4061
-2.24358,-3.3005
-2.32676,-3.19215
-3.07619,-1.6855
-3.06851,-1.64224
-3.06199,-1.60154
-3.05615,-1.56367
-3.03389,-1.5192
-3.01151,-1.47564
-2.98992,-1.43397
-2.96968,-1.39487
-2.92736,-2.09128
-2.93997,-2.05037
-2.95252,-2.00953
-2.97081,-1.96433
-2.98953,-1.91762
-4.02274,-0.151713
-4.0119,-0.196396
-3.99809,-0.239724
-2.56226,-1.24376
-2.59367,-1.24034
-2.6256,-1.23682
-2.72298,-1.27786
-2.82818,-1.31133
-2.86458,-1.30681
-2.89723,-1.29963
-2.92676,-1.29282
-2.95369,-1.28658
-2.97837,-1.28023
-2.96017,-1.50004
-2.98618,-1.4755
-2.98651,-1.43141
-2.98725,-1.39273
-2.98813,-1.35889
-2.98151,-1.33481
-2.97579,-1.31345
-2.97086,-1.2944
-2.96546,-1.27613
-2.96005,-1.25898
-3.12216,-1.08974
-3.10538,-1.10821
-3.09066,-1.12121
-3.07863,-1.13599
-3.06809,-1.15143
-3.05962,-1.16697
-2.84191,-1.20477
-4.02151,-0.455209
-4.00259,-0.555118
-3.9583,-0.613641
-3.90968,-0.664605
-3.85886,-0.708694
-3.80767,-0.746687
-3.52382,-0.998579
-2.49915,-1.69248
-2.54302,-1.64204
-2.58553,-1.59667
-2.62676,-1.55579
-2.66447,-1.5192
-2.70265,-1.4859
Feature: 2.
-3.54725,-2.71343
-3.54725,-2.71343
-3.54725,-2.71343
-3.54725,-2.71343
-3.54725,-2.71343
-3.54725,-2.71343
-3.54725,-2.71343
-3.54725,-2.71343
-3.54725,-2.71343
-3.948,-2.87436
-3.93068,-2.86001
-3.91421,-2.85536
-3.89818,-2.84939
-3.88258,-2.8427
-3.86641,-2.83338
-3.8518,-2.82553
-3.83034,-2.81381
-3.81087,-2.80315
-3.7906,-2.792
-3.21788,-2.8597
-3.97136,-2.51092
-3.95016,-2.52177
-3.94391,-2.56254
-3.9345,-2.59564
-3.92451,-2.62079
-3.91158,-2.6415
-3.8976,-2.6561
-3.8821,-2.66574
-3.86549,-2.67491
-3.84789,-2.68007
-3.26953,-2.45272
-3.28538,-2.46765
-3.30121,-2.48237
-3.31631,-2.49622
-3.30714,-2.49373
-3.29821,-2.49566
-3.29334,-2.4978
-3.29206,-2.49941
-3.29034,-2.50546
-3.28969,-2.51335
-3.05978,-2.56575
-1.27661,-3.40888
-1.35283,-3.32978
-1.42838,-3.25009
-1.50646,-3.17882
-1.58412,-3.11393
-1.66044,-3.05475
-1.73427,-3.00054
-1.80738,-2.95112
-4.74222,-2.44096
-4.64998,-2.46497
-4.55661,-2.48866
-4.51435,-2.51158
-4.47425,-2.53229
-4.43634,-2.55085
-4.40078,-2.56745
-4.36746,-2.5823
-4.33212,-2.59716
-4.30185,-2.6094
-4.2801,-2.3261
-4.26061,-2.342
-4.24069,-2.35802
-4.24094,-2.36558
-4.24268,-2.37377
-4.24587,-2.38228
-4.25004,-2.39098
-4.25502,-2.3997
-4.2605,-2.40832
-4.26619,-2.41674
-3.78015,-3.53881
-2.9362,-2.3568
-2.99043,-2.36947
-3.0456,-2.38285
-3.09826,-2.39615
-3.15372,-2.41074
-3.20933,-2.42605
-3.26312,-2.44159
-3.31373,-2.45697
-3.36039,-2.47189
-3.40272,-2.48615
-4.76357,-1.6953
-4.72751,-1.78747
-4.68895,-1.86466
-4.63017,-1.94422
-4.5653,-2.00916
-4.49461,-2.06353
-4.41908,-2.11018
-4.34006,-2.15113
-4.25904,-2.18779
-4.17745,-2.22121
-4.81171,-0.856744
-4.77775,-1.02505
-4.72822,-1.17348
-4.66921,-1.3037
-4.60316,-1.41714
-4.53192,-1.51685
-4.4564,-1.60534
-1.38689,-4.18813
-1.50968,-4.12578
-1.62395,-4.05658
-1.72801,-3.98766
-1.82551,-3.91803
-1.91908,-3.84337
-2.00889,-3.76531
-2.1031,-3.68667
-2.65117,-3.05318
-2.67863,-3.04949
-2.70299,-3.05387
-2.72243,-3.04706
-5.77113,0.765622
-2.68497,-3.0891
-2.7296,-3.07585
-2.77466,-3.06293
-2.81005,-3.04819
-2.84516,-3.0331
-2.85773,-3.01116
-2.87019,-2.99044
-2.88259,-2.9707
-2.89442,-2.95214
-2.90585,-2.93451
-1.66402,-2.80042
-1.76321,-2.77785
-1.86415,-2.7543
-1.97201,-2.72769
-2.06213,-2.70462
-2.08437,-2.71798
-2.11571,-2.7243
-2.15063,-2.72562
-2.18729,-2.72691
-2.22803,-2.71956
-3.33797,-3.04451
-3.30757,-3.04208
-3.28041,-3.0449
-3.25455,-3.01293
-3.2327,-2.99096
-3.21256,-2.97311
-1.63485,-4.96147
-1.80621,-4.88477
-1.90911,-4.79674
-2.01069,-4.69861
-2.10825,-4.59403
-2.19961,-4.48651
-2.27105,-4.39794
-1.24194,-3.291
-1.3731,-3.2817
-1.50293,-3.26386
-1.63698,-3.23809
-1.72867,-3.20861
-1.8169,-3.17053
-1.89934,-3.12817
-1.98132,-3.0797
-2.79739,-2.04848
-2.8342,-2.0606
-2.88247,-2.07647
-3.20831,-2.61068
-3.23972,-2.60726
-3.27165,-2.60375
-3.31969,-2.66703
-3.38144,-2.71837
-3.41149,-2.71633
-3.44235,-2.70984
-3.47033,-2.70363
-3.49576,-2.69797
-3.5193,-2.69205
-3.17685,-2.9408
-3.1182,-2.9366
-3.14421,-2.91205
-3.16124,-2.86603
-3.17647,-2.82551
-3.18991,-2.78995
-3.18854,-2.76513
-3.18738,-2.7431
-3.18641,-2.72346
-3.18444,-2.70466
-3.18201,-2.68705
-3.49352,-2.09838
-3.47736,-2.11662
-3.47055,-2.12668
-3.46536,-2.13885
-3.46076,-2.15197
-3.45744,-2.16547
-3.4552,-2.17892
-4.05432,-2.16305
-3.98798,-2.26322
-3.92198,-2.32142
-3.85444,-2.37187
-3.78712,-2.41535
-3.72154,-2.45267
-3.65888,-2.48469
-2.58602,-2.84939
-2.06571,-2.82964
-2.13143,-2.78728
-2.19303,-2.74859
-2.25093,-2.71327
-2.30317,-2.68129
-2.35402,-2.65186
Feature: 3.
-1.40396,-0.393647
-1.40396,-0.393647
-1.40396,-0.393647
-1.40396,-0.393647
-1.40396,-0.393647
-1.40396,-0.393647
-1.40396,-0.393647
-1.40396,-0.393647
-1.40396,-0.393647
-1.74272,-0.599701
-1.73444,-0.587151
-1.72561,-0.574284
-1.71632,-0.561582
-1.70569,-0.547022
-1.69592,-0.534598
-1.6746,-0.522748
-1.65526,-0.51198
-1.63509,-0.500726
-1.615,-0.489501
-1.86802,-0.570124
-1.88669,-0.584658
-1.89917,-0.595228
-1.90839,-0.60102
-1.91229,-0.605071
-1.91303,-0.605319
-1.9104,-0.602584
-1.90502,-0.601078
-1.89723,-0.597016
-1.7934,0.187321
-1.80728,0.171716
-1.81366,0.159902
-1.82143,0.171708
-1.81661,0.184206
-1.7997,0.195586
-1.77206,0.204863
-1.73548,0.211573
-1.69194,0.215571
-1.64333,0.216906
-1.69667,0.673246
-1.71779,0.612332
-1.71905,0.555463
-1.70631,0.50339
-1.68204,0.456732
-1.64825,0.414159
-1.6061,0.374608
-1.28854,0.0926893
0.570791,-1.28538
0.533573,-1.28263
0.49222,-1.26727
0.450418,-1.2467
0.406164,-1.22024
0.358204,-1.18397
0.307533,-1.13994
0.241208,-1.08616
-0.740246,-0.284271
-0.707073,-0.323421
-0.679458,-0.366158
-0.687715,-0.367801
-2.46096,2.0091
-2.43048,1.88716
-2.37472,1.77158
-0.385678,-0.536214
-0.403562,-0.547301
-0.425584,-0.555771
-0.438669,-0.562122
-0.454555,-0.565506
-0.455614,-0.554781
-0.45812,-0.543825
-0.461915,-0.532594
-0.466307,-0.521443
-0.4713,-0.510265
0.278691,-1.35413
0.169408,-1.3181
0.0597564,-1.28309
-0.0555815,-1.24675
-0.152107,-1.21543
-0.132502,-1.28407
-0.128869,-1.33926
-0.134459,-1.38363
-0.146457,-1.42273
-0.166404,-1.4485
-1.28891,-0.338546
-1.26761,-0.331451
-1.24649,-0.324558
-1.19232,-0.322381
-1.13633,-0.320449
-1.08118,-0.31866
-1.01726,-0.334872
-0.956385,-0.350391
-0.900744,-0.363971
-0.851444,-0.374941
-1.94515,1.46466
-1.95524,1.35463
-1.95157,1.23948
-2.0244,1.15932
-1.99014,1.05965
-2.02907,0.998204
-1.96815,0.886442
0.602796,-2.59682
0.541704,-2.55464
0.459484,-2.44994
0.409396,-2.3914
0.363472,-2.32566
0.322262,-2.25498
0.215035,-1.45719
0.157027,-1.4089
0.10656,-1.37507
0.0585797,-1.34351
0.0170714,-1.30922
-0.0211912,-1.27208
-0.512011,-1.02466
-0.462851,-1.04304
-0.415743,-1.05649
-0.367327,-1.06595
-0.316387,-1.04431
-0.267573,-1.02272
-0.222163,-1.00177
-0.18087,-0.981842
-0.299727,-0.172952
-0.322852,-0.149403
-0.330364,-0.132602
-0.333745,-0.122809
-0.333284,-0.1182
-0.328802,-0.119211
-1.0397,1.81145
-1.16742,1.75399
-1.184,1.64462
-1.18801,1.52824
-1.18159,1.40874
-1.16718,1.28936
0.484292,-1.8233
0.526983,-1.87891
0.542491,-1.91285
0.545534,-1.91951
0.532267,-1.91239
0.508397,-1.88711
0.484039,-1.8492
0.459109,-1.8009
0.433747,-1.74483
-0.464066,0.860618
-0.467933,0.76113
-0.495397,0.657732
-1.03518,1.77814
-1.10675,1.73982
-1.19013,0.539972
-1.27697,0.597255
2.09108,1.33485
1.83416,1.38197
1.51266,1.46143
1.19865,1.49307
0.905226,1.48327
0.575689,1.54447
0.343142,1.52273
0.10415,1.4955
-0.0883403,1.43749
-1.54635,-0.394988
-1.52675,-0.369156
-1.49905,-0.337001
-1.42351,-0.300864
-1.33925,-0.264916
-1.2648,-0.238669
-1.19584,-0.217767
-1.67226,0.628997
-1.57118,0.564367
-1.47098,0.496263
-1.37543,0.426851
-1.40867,0.454525
-1.42409,0.474639
-1.42406,0.477018
-1.3969,0.473628
-1.36241,0.467819
-1.32244,0.459074
-1.05908,0.0664845
-0.978941,-0.342247
-0.907965,-0.375788
-0.846033,-0.410307
-0.824708,-0.374161
-0.806828,-0.348535
-0.790177,-0.327493
0.213384,-2.15687
0.15801,-2.16015
0.081755,-2.09152
0.00305784,-2.01039
-0.0748519,-1.92064
-0.149345,-1.82604
-0.206303,-1.74869
-0.0659568,-1.22417
-0.0561904,-1.19473
-0.0479076,-1.16605
-0.0405712,-1.13864
-0.0166377,-1.10622
0.00715336,-1.07312
0.0299434,-1.04055
0.0512061,-1.00935
0.882696,-1.70089
0.779206,-1.72925
0.672883,-1.74452
0.558833,-1.74781
0.499739,-1.76753
0.438928,-1.77276
0.379616,-1.76842
0.3172,-1.7533
-0.321221,-0.959274
-0.361776,-0.962924
-0.412335,-0.973656
-0.459214,-0.984031
-0.446877,-1.00049
-0.438852,-1.00992
-0.440097,-1.00869
-0.444643,-1.00039
-0.920799,-0.430239
-0.907501,-0.445999
-0.891772,-0.464208
-0.872417,-0.485425
0.802424,-1.03071
0.695472,-0.949191
0.578407,-0.876601
0.540015,-0.856729
0.506787,-0.845216
0.476753,-0.834664
0.449336,-0.824818
0.424282,-0.815714
0.401382,-0.807221
0.376008,-0.790303
-0.885416,-0.720572
-0.877105,-0.700981
-0.870572,-0.683645
-0.865307,-0.668404
-0.856167,-0.652134
-0.848282,-0.637555
-0.841491,-0.624397
-0.834486,-0.611237
-0.827691,-0.598537
-0.821381,-0.586611
Feature: 4.
4.91696,-1.08261
4.91696,-1.08261
4.91696,-1.08261
4.91696,-1.08261
4.91696,-1.08261
4.91696,-1.08261
4.91696,-1.08261
4.51748,-1.24098
4.52859,-1.21096
4.54078,-1.18126
4.55188,-1.15561
4.57324,-1.14339
4.59261,-1.13229
4.6128,-1.12075
4.63292,-1.10926
4.64652,-1.10555
4.66521,-1.09826
4.67074,-0.606983
4.69041,-0.649458
4.70826,-0.690456
4.7207,-0.726546
4.72916,-0.760969
4.7363,-0.792199
4.74159,-0.821966
4.74378,-0.846738
4.73119,-0.870771
4.73499,-0.889043
5.62076,-0.50586
5.61734,-0.606179
5.60123,-0.683794
5.57189,-0.750184
5.53437,-0.805611
5.49126,-0.851463
5.44502,-0.888866
5.39491,-0.919298
4.8964,-0.729692
4.93701,-0.743783
4.97569,-0.756905
5.01237,-0.768951
5.04688,-0.779964
5.07929,-0.790032
5.11385,-0.800787
5.14345,-0.809519
5.17442,-0.818592
5.16131,-0.825016
6.36201,0.848767
5.33966,-0.500885
5.34685,-0.547263
5.35143,-0.589109
5.35362,-0.626789
5.35404,-0.660759
5.35298,-0.691373
5.35085,-0.718943
5.34803,-0.743775
5.34464,-0.766174
5.30282,-0.787029
5.759,0.390607
5.71209,0.330011
5.66486,0.267898
5.62027,0.208086
5.5792,0.151841
5.54172,0.0994259
5.50766,0.0507541
5.47676,0.00562325
3.22644,-2.44476
3.28836,-0.932007
3.32003,-0.818609
3.35965,-0.722856
3.4041,-0.641598
3.45304,-0.571975
3.50609,-0.513273
3.56331,-0.46471
3.60529,-2.21141
5.29739,-0.725334
5.27475,-0.863577
5.24266,-0.97111
5.20632,-1.05756
5.16486,-1.12424
5.11784,-1.16901
5.06687,-1.19548
4.99968,-1.19248
3.46444,-0.885651
3.49696,-0.766081
3.5861,-0.741353
3.60921,-0.661414
5.04206,-0.805754
5.02652,-0.860954
5.00815,-0.906747
5.00543,-0.921566
5.00139,-0.932771
4.99619,-0.940764
4.99053,-0.946292
4.98439,-0.949579
3.59653,-0.882521
3.6491,-0.894029
3.70367,-0.904016
3.75756,-0.912611
3.81582,-0.973298
3.87146,-1.02723
3.92233,-1.07397
3.96733,-1.11357
4.01485,-1.14551
4.0538,-1.15712
4.50355,0.120377
4.51451,0.11559
4.53506,0.0920567
4.49025,0.183489
4.53301,0.142344
4.51262,0.224107
4.57739,0.145571
4.6408,0.0657438
4.69138,-0.033132
4.73588,-0.124508
5.5302,-2.04717
5.47774,-2.08882
5.39584,-1.98757
5.35156,-1.99593
5.30995,-1.98837
5.27193,-1.96828
5.65482,-1.55901
5.59654,-1.52443
5.54494,-1.53539
5.49514,-1.55677
5.45164,-1.56832
5.41134,-1.57084
5.36923,-1.56091
5.34074,-1.55471
4.15136,-0.51764
4.20651,-0.594474
4.25823,-0.65881
4.3102,-0.712547
4.36149,-0.695582
4.41062,-0.678267
4.45632,-0.661208
4.49787,-0.644826
4.53499,-0.629386
4.5761,-0.610802
4.15582,-1.69239
4.14816,-1.62271
4.1554,-1.56038
4.16447,-1.51087
4.17547,-1.47163
4.1889,-1.44246
4.48262,-1.60938
4.67611,0.0100621
4.60257,0.134523
4.60616,0.0988421
4.61894,0.046752
4.63937,-0.0166816
4.66554,-0.0871783
4.69548,-0.161328
4.79012,-0.262527
5.04283,-1.0919
5.10137,-1.25428
5.12955,-1.3893
5.14178,-1.48394
5.13512,-1.55338
5.11537,-1.58545
5.094,-1.59738
5.07124,-1.59239
5.04742,-1.57396
5.02296,-1.54541
4.36647,0.329142
4.36317,0.23487
4.3369,0.142574
3.66427,0.651791
3.62524,0.759105
4.07881,-0.0875062
4.62398,-0.691694
4.66543,-0.710119
4.71059,-0.730387
4.75698,-0.751452
4.76175,-0.835975
4.72667,-0.901246
4.69255,-0.955759
4.66022,-1.00037
4.63021,-1.0362
4.68666,-1.16636
4.03436,-1.15763
4.00276,-0.919847
4.20474,0.0173328
4.28637,-0.0635873
4.3562,-0.133942
4.33237,0.0487329
4.31781,0.195995
4.31376,0.309226
4.31989,0.391572
4.33492,0.447027
4.35708,0.479815
5.72912,-1.10356
5.66684,-1.09735
5.59854,-1.08967
5.57119,-1.11446
5.541,-1.1313
5.5092,-1.14065
5.47695,-1.14337
5.44517,-1.14055
5.42102,-1.13728
5.28242,-1.15678
5.30229,-1.22215
5.32171,-1.26865
5.3388,-1.29681
5.35264,-1.30838
5.35965,-1.3133
5.36498,-1.30527
4.96484,-0.205279
4.97639,-0.216328
4.96827,-0.219848
4.96251,-0.229522
4.96184,-0.256933
4.96196,-0.276816
4.96035,-0.302793
4.95907,-0.325922
4.90478,-0.465586
4.95584,-0.514628
4.95481,-0.542869
4.95371,-0.571245
4.93135,-0.553202
4.91438,-0.542638
4.90106,-0.538215
4.91965,-0.70444
4.92689,-0.830923
4.92963,-0.935957
4.92825,-1.01874
5.53173,-1.73685
5.40758,-1.66425
5.17307,-1.49698
5.12944,-1.49504
5.12226,-1.48739
5.11401,-1.54187
5.10262,-1.57793
5.09033,-1.5998
5.21371,-0.884621
5.30027,-0.983621
5.3605,-1.05315
5.40894,-1.10536
5.45075,-1.1451
5.30021,-0.774711
5.31152,-0.838021
5.3216,-0.89222
5.33692,-0.878593
5.34749,-0.928224
5.35593,-0.967374
5.36407,-0.999951
5.36994,-1.02412
5.54497,-1.12153
5.57443,-1.12654
5.60337,-1.12899
7.00432,-0.193246
7.20203,-0.535269
6.93615,-0.292301
6.6664,-0.11738
6.40834,-0.00186795
6.13291,0.276727
5.9348,0.416714
5.72666,0.558893
5.55679,0.64857
5.42174,0.698593
5.32018,0.738357
3.63002,-1.4608
3.67314,-1.31359
3.71895,-1.17564
3.80305,-1.08436
3.89306,-1.00904
3.97226,-0.948575
4.04517,-0.897933
4.12298,-0.851508
4.20372,-0.811432
4.27679,-0.778102
3.79368,-1.44956
3.80556,-1.2926
3.8267,-1.15932
3.85649,-1.05803
3.90334,-0.992
3.9542,-0.93729
4.00782,-0.893306
4.06287,-0.859233
4.10518,-0.830407
4.14871,-0.80302
3.34727,-1.28211
3.37009,-1.23876
3.38927,-1.20682
3.40704,-1.18025
5.46746,-1.87634
5.39374,-1.85983
5.31681,-1.82377
5.24013,-1.77297
5.16646,-1.71199
5.11005,-1.66365
4.40003,-0.990862
4.41082,-0.981938
4.41992,-0.971085
4.4279,-0.959165
4.45252,-0.944594
4.47684,-0.927002
4.50005,-0.907888
4.52165,-0.888374
4.54137,-0.86924
4.60595,-0.839848
6.41172,-0.741614
6.32427,-0.867486
6.23048,-0.967707
6.12627,-1.04496
6.08143,-1.18865
6.03075,-1.30178
5.97855,-1.39129
5.92104,-1.45776
5.21298,-0.766598
5.7412,-0.7023
5.69009,-0.700343
5.64271,-0.699756
5.65999,-0.857399
5.66966,-0.989467
5.66784,-1.09472
5.66129,-1.17885
5.65025,-1.24363
5.64444,-1.30536
5.63355,-1.34495
4.98783,-0.484243
5.00137,-0.444931
5.0169,-0.415343
5.03576,-0.395082
4.64615,-1.41516
4.85472,-1.01909
4.8217,-1.00209
4.79183,-0.986789
4.76457,-0.972373
4.73964,-0.959778
4.71684,-0.948269
4.69103,-0.944068
4.66157,-0.938989
4.66745,-0.935844
4.40952,-1.02173
4.41733,-1.02484
4.424,-1.02707
4.42969,-1.0285
4.43571,-1.02801
4.44162,-1.0263
4.44715,-1.02391
4.47464,-1.01937
4.49984,-1.0139
4.52279,-1.00902
4.38072,-0.593356
4.95259,0.466381
4.97942,0.390066
5.00157,0.320201
5.0206,0.256854
5.03621,0.199637
5.04895,0.14815
4.33633,-1.79985
4.35776,-1.6992
4.35329,-1.61742
4.39979,-1.54902
4.9292,-0.326659
4.91012,-0.4187
4.88692,-0.497401
4.86077,-0.564494
4.8349,-0.621797
4.80603,-0.670139
Feature: 5.
5.56234,-2.42593
5.56234,-2.42593
5.56234,-2.42593
5.56234,-2.42593
5.56234,-2.42593
5.56234,-2.42593
5.56234,-2.42593
5.03545,-2.60223
5.05034,-2.57078
5.06583,-2.53981
5.07979,-2.51304
5.10124,-2.50079
5.12068,-2.48966
5.14094,-2.47809
5.16111,-2.46659
5.17205,-2.4639
5.19073,-2.45662
5.33704,-1.81676
5.34988,-1.86296
5.3618,-1.90716
5.36908,-1.94601
5.37254,-1.98308
5.37585,-2.01632
5.3778,-2.04783
5.37709,-2.0741
5.36145,-2.0997
5.36525,-2.11797
5.09763,-2.33406
5.13974,-2.34797
5.1797,-2.36092
5.21749,-2.37283
5.25295,-2.38372
5.28618,-2.39368
5.32143,-2.40435
5.35163,-2.413
5.38311,-2.42201
5.37,-2.42844
6.67649,-1.0392
5.94728,-1.79126
5.94924,-1.84009
5.94928,-1.88404
5.94754,-1.92353
5.94453,-1.95906
5.94051,-1.99101
5.93582,-2.01974
5.93078,-2.04557
5.92547,-2.06883
5.88365,-2.08968
2.97909,-2.69234
3.07217,-2.58863
3.16529,-2.49955
3.2563,-2.42277
3.3457,-2.35604
3.43389,-2.29911
3.5216,-2.25152
5.7143,-2.34919
5.64312,-2.49913
5.56856,-2.61565
5.49512,-2.70902
5.42127,-2.78104
5.346,-2.82994
5.27041,-2.85961
5.18545,-2.85868
4.97699,-2.31031
4.96058,-2.33551
2.98704,-2.56161
3.08849,-2.46016
3.19272,-2.439
3.25896,-2.36848
4.46276,-1.5386
4.50075,-1.54384
4.54477,-1.5674
4.54375,-1.47513
4.6014,-1.51573
4.61734,-1.43207
4.69052,-1.51005
4.76122,-1.58936
4.8118,-1.68824
4.8563,-1.77962
5.14919,-3.54427
5.07133,-3.57922
4.9884,-3.47769
4.92397,-3.48039
4.86492,-3.4677
4.8118,-3.44299
5.23726,-1.9391
5.42899,-3.12505
5.36676,-3.0899
5.30228,-3.09891
5.23727,-3.11785
5.18061,-3.12717
5.12894,-3.12767
5.077,-3.11593
5.03815,-3.10774
4.25414,-2.42011
4.28544,-2.49809
4.31642,-2.56317
4.35036,-2.61737
4.39975,-2.60045
4.44714,-2.58316
4.49125,-2.56614
4.53135,-2.54978
4.56716,-2.53436
4.61575,-2.51564
5.33255,-2.64805
4.06126,-1.36424
4.03156,-1.25856
4.05296,-1.30141
4.08129,-1.35954
4.11531,-1.4281
4.15333,-1.50294
4.62952,-2.51571
5.04354,-2.69968
5.03984,-2.83308
5.02443,-2.92573
4.99379,-2.99302
4.95612,-3.02321
4.91922,-3.03334
4.88297,-3.02665
4.84746,-3.00663
4.81285,-2.97663
4.80008,-2.93899
3.48287,-1.49127
3.51009,-1.38854
3.98737,-2.06204
4.02881,-2.08046
4.07397,-2.10073
4.12036,-2.1218
3.74657,-2.91576
3.77555,-2.68682
5.16905,-2.35582
5.18078,-2.31691
5.19364,-2.27475
5.20697,-2.23176
3.82578,-1.32621
3.90741,-1.40713
5.73308,-2.66032
5.6708,-2.65411
5.6025,-2.64643
5.56901,-2.67122
5.5335,-2.68805
5.49709,-2.69737
5.46082,-2.70005
5.42558,-2.69719
5.39842,-2.69388
5.55611,-3.12176
5.55302,-3.1902
5.55248,-3.23914
5.55224,-3.26925
5.55102,-3.28239
5.54497,-3.28859
5.53897,-3.28158
5.53246,-3.26384
5.13244,-2.17135
5.14852,-2.18201
5.14723,-2.18492
5.1474,-2.19405
5.14938,-2.22121
5.15183,-2.24086
5.15069,-2.2668
5.14985,-2.28988
5.14907,-2.31416
6.23121,-3.21027
6.21743,-3.20727
6.19628,-3.23992
6.1752,-3.25474
6.15381,-3.25394
6.13248,-3.24862
4.93522,-1.96658
4.93418,-1.99482
4.93308,-2.02319
4.91774,-2.00523
4.90685,-1.99471
4.89882,-1.99031
4.89765,-2.15637
4.88787,-2.28249
4.87596,-2.38706
4.86197,-2.46932
6.48662,-2.76901
6.36247,-2.69641
5.29356,-1.5979
6.13904,-2.51878
6.09095,-2.52103
6.07952,-2.51735
6.06141,-2.58091
6.0414,-2.62475
6.0216,-2.65332
6.00125,-2.66642
5.22418,-2.12923
5.22833,-2.19212
5.23221,-2.24592
5.2502,-2.23247
5.25506,-2.28172
5.25854,-2.32052
5.26238,-2.35278
5.26451,-2.37667
6.31238,-1.72961
6.27815,-1.63397
7.30796,-2.35539
7.09718,-2.10838
6.87514,-1.92859
6.65839,-1.80784
6.45374,-1.51802
6.30755,-1.36798
6.15315,-1.21372
6.0296,-1.11226
5.93447,-1.05103
5.89207,-0.992829
3.32027,-3.20401
3.40424,-3.06357
3.48565,-2.93071
3.5883,-2.8418
3.69154,-2.76805
3.78225,-2.70886
3.86514,-2.65927
3.95165,-2.61371
4.03601,-2.57398
4.11223,-2.54095
6.22166,-1.46271
6.45607,-1.49939
4.19091,-2.63468
4.19415,-2.62478
4.1967,-2.61305
4.19899,-2.60035
4.21705,-2.58485
4.23569,-2.56643
4.25396,-2.54658
4.27127,-2.52642
4.28728,-2.50671
4.35318,-2.47753
5.66474,-2.3132
5.61698,-2.3114
5.5725,-2.31094
5.55254,-2.46653
5.52992,-2.59611
5.50012,-2.69869
5.46931,-2.7801
5.43724,-2.84221
5.40217,-2.89977
5.36594,-2.9353
3.96075,-2.19441
3.99028,-2.1646
4.01975,-2.14313
5.30249,-2.48969
5.27132,-2.44851
5.24011,-2.43097
5.21182,-2.41521
5.18607,-2.40035
5.16229,-2.38741
5.14049,-2.37561
5.11047,-2.37265
5.07726,-2.36867
5.08314,-2.36552
4.9212,-2.29939
4.92431,-2.30437
4.9269,-2.30821
4.92905,-2.31103
4.93198,-2.31173
4.93522,-2.31105
4.93842,-2.30955
4.96295,-2.30614
4.98815,-2.30067
5.0111,-2.29579
4.54369,-1.99422
4.55992,-2.01733
4.56726,-2.09048
4.57251,-2.15748
4.57686,-2.21824
4.57973,-2.27314
4.58141,-2.32256
3.74029,-3.54256
4.03125,-1.97286
4.09291,-1.92913
4.15561,-1.8908
4.21791,-1.85689
4.2785,-1.82673
4.21877,-3.26036
4.26527,-3.16151
4.27289,-3.08044
4.3194,-3.01205
Feature: 6.
11.4722,-3.32874
11.5851,-2.11942
11.6632,-1.82245
11.7368,-1.56508
11.8078,-1.34313
11.878,-1.15274
12.2208,-2.23812
14.1231,0.280029
14.1061,0.0385303
14.0776,-0.158655
14.0406,-0.317952
13.9822,-0.410738
12.4387,-2.65714
12.866,-0.31838
13.0424,-1.91386
13.0921,-1.59403
12.1953,-0.526057
13.269,2.60848
13.3925,2.15411
13.4773,1.76228
13.5353,1.42458
13.5732,1.13025
13.7436,1.78961
12.86,0.687543
12.9325,0.543079
13,0.416611
13.0605,0.307097
13.1136,0.213215
13.168,0.132748
13.207,0.121141
14.7848,-1.98672
13.9536,-0.672006
13.9263,-0.796395
13.8982,-0.889816
13.871,-0.957588
13.8449,-1.00483
14.1634,-0.298493
14.2442,-0.0892714
14.2081,-0.195412
14.1757,-0.280476
14.1446,-0.346726
14.1101,-0.392012
14.0892,-0.444156
14.0661,-0.477617
13.9997,-0.461117
13.9362,-0.445167
12.2408,-0.562219
12.6741,-0.472108
12.7257,-0.463509
12.775,-0.453825
12.8209,-0.443725
12.8626,-0.433687
12.8999,-0.42403
12.9401,-0.372606
12.9779,-0.331414
13.0336,-0.359274
13.076,-0.350095
12.5956,-0.979222
12.5959,-0.831039
12.5982,-0.706944
12.6028,-0.602887
12.6102,-0.517363
12.6205,-0.448425
13.0833,0.505945
13.0815,0.578345
13.0884,0.620186
13.1029,0.6384
13.1233,0.638888
13.1477,0.626468
13.2515,0.419601
13.8717,-0.228983
13.8678,-0.369948
13.859,-0.476612
13.8464,-0.554013
13.8308,-0.607213
13.8129,-0.640938
13.8043,-0.619068
14.4315,0.745866
14.404,0.676703
14.0191,-0.124854
14.6422,0.331271
14.612,0.224563
14.5818,0.134497
14.5528,0.059423
14.5256,-0.00246441
14.5004,-0.0529652
14.478,-0.0988806
14.3422,-0.132202
14.2226,-0.161136
13.3219,-1.12129
13.3147,-0.774199
13.312,-0.484689
13.3164,-0.248528
13.3285,-0.0600672
13.3476,0.0868847
13.3726,0.198467
13.3679,-0.35115
13.3434,-0.40657
13.3156,-0.449993
13.2858,-0.4824
13.2552,-0.505128
13.2248,-0.519659
13.2019,-0.53144
12.47,-0.334536
12.499,-0.483909
12.5255,-0.603381
12.5482,-0.694899
12.5664,-0.761473
12.5769,-0.814135
12.5849,-0.847523
12.5905,-0.864866
12.4662,-0.119817
12.9075,-0.143232
12.8991,-0.119206
12.893,-0.104935
12.8921,-0.121659
12.8921,-0.132095
12.8905,-0.156195
12.8891,-0.177543
12.8879,-0.200172
12.8972,-0.238309
12.9144,-0.279188
13.1243,-0.227434
13.124,-0.255714
13.1278,-0.347558
13.1282,-0.414286
13.1252,-0.458991
13.1197,-0.493567
13.1125,-0.517473
13.1042,-0.465759
13.3982,-0.404302
13.3624,-0.35463
13.4209,-0.202734
13.3966,-0.143822
13.3779,-0.0977806
13.3629,-0.0625615
13.3872,-0.343917
13.398,-0.56969
13.403,-0.760272
13.4028,-0.916689
13.4812,-0.817785
13.3518,-0.628596
13.3119,-0.662268
13.3081,-0.688493
13.3071,-0.820977
13.3013,-0.924721
13.2935,-1.00531
13.2833,-1.06358
13.2531,-1.0476
13.2897,-1.15924
12.583,0.046493
12.5986,-0.055286
12.6122,-0.142898
12.626,-0.114894
12.6397,-0.195295
12.6508,-0.26117
12.6611,-0.316959
12.6689,-0.361286
12.6759,-0.39746
12.7066,-0.40387
12.9512,-0.145476
12.9819,-0.159729
13.0119,-0.170592
13.373,-0.310531
13.3204,-0.126477
13.2691,0.0215765
13.6024,-2.77183
13.4302,-2.20839
13.3011,-1.8557
13.1583,-1.48997
13.0396,-1.20481
12.9447,-0.984149
12.896,-0.687724
11.485,-1.44951
11.8655,-0.940495
11.9541,-0.804484
12.0318,-0.691326
12.1032,-0.594941
12.1794,-0.508801
12.2594,-0.452144
12.3318,-0.404424
12.4085,-0.360658
12.5031,-0.327188
12.4933,-1.29312
12.5425,-1.11373
12.5942,-0.960528
12.6476,-0.830963
12.7018,-0.722531
12.7431,-0.638908
12.7861,-0.588086
14.4826,-0.0533713
14.4403,-0.120328
13.7072,0.80507
13.7144,0.681403
12.4088,-1.23783
12.3351,-0.398401
12.3619,-0.415425
12.388,-0.42527
12.4127,-0.429982
12.4355,-0.431157
12.4563,-0.429986
12.5205,-0.394221
13.2626,1.1777
13.2654,0.874772
13.2533,0.622525
13.2323,0.411603
13.2003,0.239274
13.4442,1.75163
13.5161,1.41293
13.5697,1.12267
13.6035,0.879379
13.626,0.674922
13.6386,0.505324
13.6635,0.296901
13.6771,0.129515
13.8868,2.51041
Feature: 7.
14.703,-1.89198
14.6592,-2.02641
14.6166,-2.12837
14.5766,-2.20342
14.5395,-2.25689
15.135,-1.17804
15.0859,-1.26755
15.0383,-1.38183
14.9959,-1.47385
14.9561,-1.54606
14.9139,-1.59645
14.885,-1.65393
14.8549,-1.69197
14.7885,-1.67547
14.725,-1.65952
13.1312,-1.42135
13.1248,-1.77317
13.175,-1.76502
13.2231,-1.75575
13.2679,-1.74602
13.3087,-1.73632
13.345,-1.72697
13.3904,-1.67379
13.4326,-1.63106
13.4827,-1.66088
13.5251,-1.6517
15.3831,-0.246445
15.3579,-0.313419
15.6082,-0.731409
15.5735,-0.842158
15.5395,-0.935675
15.5072,-1.01369
15.4771,-1.07809
15.4496,-1.13073
15.4244,-1.17902
15.2886,-1.21234
15.169,-1.24128
13.6909,-2.60161
13.7026,-2.56271
13.7155,-2.52055
13.7288,-2.47755
13.3844,-2.90503
13.4098,-2.5565
13.4354,-2.26526
13.4641,-2.02725
13.4971,-1.83692
13.5343,-1.68817
13.5748,-1.57488
12.9964,-1.78701
13.025,-1.80131
13.2345,-1.91089
13.202,-1.72845
13.168,-1.58159
13.7273,-4.05097
13.6053,-3.48163
13.5131,-3.12333
13.4084,-2.75062
13.3226,-2.45847
13.2562,-2.23105
13.2497,-1.92331
12.1385,-2.4518
12.2356,-2.27155
12.3344,-2.13271
12.4207,-2.01704
12.4996,-1.91842
12.5823,-1.83031
12.665,-1.77282
12.7398,-1.72438
12.8186,-1.67998
12.9131,-1.64651
13.0791,-2.28995
13.1413,-2.10279
13.2042,-1.9427
13.2674,-1.80704
13.3299,-1.69324
13.3773,-1.60561
13.4229,-1.55307
14.3852,-0.206603
14.3924,-0.33027
14.7189,1.88964
Feature: 8.
21.6654,-1.35032
21.6328,-1.40749
21.5998,-1.45169
21.5673,-1.48483
21.5425,-1.51275
20.7021,-1.89273
21.0327,-1.4644
21.0448,-1.59566
21.0495,-1.7044
21.0524,-1.78639
21.0531,-1.84585
21.1472,-1.35563
21.148,-1.36123
21.1494,-1.36183
21.1481,-1.38398
21.147,-1.40347
21.1461,-1.42435
21.1531,-1.47748
21.1667,-1.54226
21.1785,-1.595
21.1617,-1.60842
20.6065,-2.10633
21.0084,-1.56823
21.0008,-1.72749
20.9906,-1.85304
20.978,-1.9491
20.9639,-2.02854
20.9489,-2.09168
20.9443,-2.02176
20.9406,-1.96148
20.9329,-1.9352
22.1402,0.636148
21.2155,-1.37953
21.2087,-1.43846
21.2002,-1.64616
21.1874,-1.81506
21.173,-1.95208
21.1567,-2.05923
21.1275,-2.0351
21.1506,-2.24965
19.8355,-2.31388
19.8804,-2.26885
Feature: 9.
21.2036,-0.239288
21.1736,-0.282385
21.1438,-0.314581
21.1212,-0.341679
20.7103,-0.185886
20.7321,-0.314728
20.7454,-0.421422
20.7556,-0.501687
20.7627,-0.559689
21.161,0.194751
21.1597,0.18917
21.1593,0.188583
21.1576,0.166438
21.1562,0.146948
21.1549,0.126074
21.1647,0.0729272
21.1828,0.00810218
21.1985,-0.0446827
21.1817,-0.0581031
21.1747,-0.0351549
21.1801,-0.195885
21.1814,-0.322817
21.1788,-0.420158
21.1734,-0.500777
21.1661,-0.56498
21.1579,-0.494564
21.1512,-0.433853
21.1435,-0.407573
21.997,3.0117
22.1051,2.34299
22.1613,1.94251
22.1984,1.61372
22.2249,1.33417
22.2426,1.10102
20.5861,-0.453043
21.5164,1.0756
21.5318,0.864854
21.5397,0.693129
21.5433,0.553514
21.5426,0.444022
21.5108,0.468553
21.5666,0.248769
20.9017,0.793432
21.0005,0.576503
21.0706,0.404269
21.127,0.262614
21.1754,0.144946
20.1679,-0.414617
21.073,0.486724
21.0891,0.370668
21.1022,0.273827
21.1143,0.191148
21.1234,0.12347
21.1315,0.0670208
21.1622,0.0606107
21.8975,1.29861
20.0902,-0.810471
