PILLARS.
Pillar: 1.
-3.58333,-2.79217
-3.58333,-2.79217
-3.58333,-2.79217
-3.58333,-2.79217
-3.58333,-2.79217
-3.58333,-2.79217
-3.58333,-2.79217
-3.58332,-2.79217
-3.58333,-2.79217
-3.58333,-2.79217
-3.58333,-2.79217
-3.73541,-2.74485
-3.73541,-2.74485
-3.73541,-2.74485
-3.73541,-2.74485
-3.73541,-2.74485
-3.73541,-2.74485
-3.62447,-2.75805
-3.62634,-2.75794
-3.62785,-2.75785
-3.62908,-2.75778
-3.56997,-2.69948
-3.57219,-2.70115
-3.574,-2.70251
-3.57551,-2.70365
-3.57677,-2.7046
-3.57784,-2.70542
-3.57875,-2.70611
-3.57954,-2.70671
-3.58022,-2.70724
-3.58082,-2.70769
-3.57452,-2.7156
-3.57452,-2.7156
-3.51135,-2.71802
-3.51289,-2.71791
-3.51424,-2.71782
-3.51544,-2.71774
-3.51651,-2.71766
-3.51747,-2.7176
-3.51833,-2.71754
-3.51911,-2.71748
-3.40963,-2.75855
-3.40963,-2.75855
-3.89623,-2.78594
-3.88882,-2.78528
-3.88224,-2.78469
-3.87635,-2.78417
-3.87107,-2.7837
-3.8663,-2.78327
-3.86199,-2.78289
-3.85807,-2.78255
-4.03774,-2.63395
-4.03774,-2.63395
-4.33023,-2.72952
-4.3259,-2.72919
-4.32192,-2.72889
-4.31827,-2.72861
-4.31489,-2.72835
-4.31177,-2.72812
-4.30888,-2.7279
-4.3062,-2.72769
-3.73179,-2.59268
-3.25085,-2.8928
-3.24271,-2.89056
-3.23486,-2.88852
-3.22726,-2.88666
-3.21991,-2.88496
-3.21278,-2.88341
-3.20586,-2.88199
-3.19914,-2.88069
-3.63029,-2.86229
-3.27273,-2.8813
-3.27438,-2.88028
-3.27589,-2.87934
-3.27728,-2.87846
-3.27857,-2.87764
-3.27976,-2.87687
-3.28086,-2.87615
-3.32746,-2.71208
-3.3281,-2.71142
-3.32872,-2.7108
-3.53385,-2.97922
-3.53378,-2.97913
-3.12684,-3.05824
-3.12909,-3.0575
-3.1989,-2.86458
-3.20789,-2.86468
-3.21571,-2.86473
-3.22258,-2.86474
-3.22866,-2.86471
-3.43558,-2.98605
-3.43522,-2.9865
-3.43488,-2.98695
-2.87428,-2.90539
-2.87232,-2.90608
-2.87041,-2.90676
-2.86854,-2.90742
-2.8667,-2.90807
-3.53464,-2.63228
-3.5346,-2.63217
-3.23843,-2.70672
-3.23772,-2.70691
-3.23704,-2.70711
-2.90209,-2.78189
-2.90153,-2.78228
-2.90098,-2.78267
-2.90045,-2.78305
-2.89992,-2.78343
-3.22163,-2.40174
-3.22135,-2.40085
-3.22107,-2.39998
-3.2208,-2.39913
-3.17919,-2.18041
-3.17911,-2.1793
-3.17902,-2.17821
-3.17895,-2.17715
-3.02185,-2.55104
-3.02098,-2.55087
-3.02012,-2.55069
-3.01929,-2.55052
-3.01846,-2.55035
-3.01765,-2.55019
-3.44394,-2.57305
Pillar: 2.
-3.49899,-1.05413
-3.49899,-1.05413
-3.49899,-1.05413
-3.49899,-1.05413
-3.49899,-1.05413
-3.49899,-1.05413
-3.49899,-1.05413
-3.49899,-1.05413
-3.49899,-1.05413
-3.49899,-1.05413
-3.49899,-1.05413
-3.3469,-1.10145
-3.3469,-1.10145
-3.3469,-1.10145
-3.3469,-1.10145
-3.3469,-1.10145
-3.3469,-1.10145
-3.24365,-1.11285
-3.24556,-1.11272
-3.2471,-1.11263
-3.24836,-1.11255
-3.26131,-1.0409
-3.26412,-1.04246
-3.26644,-1.04373
-3.26836,-1.04479
-3.26999,-1.04568
-3.27137,-1.04643
-3.27256,-1.04708
-3.27358,-1.04763
-3.27448,-1.04812
-3.27526,-1.04854
-3.40467,-1.10277
-3.40467,-1.10277
-3.26918,-1.11444
-3.27072,-1.11434
-3.27207,-1.11425
-3.27328,-1.11416
-3.27435,-1.11409
-3.2753,-1.11402
-3.27616,-1.11396
-3.27694,-1.11391
-3.53248,-1.06246
-3.53248,-1.06246
-3.7935,-1.08851
-3.78603,-1.08786
-3.77938,-1.08727
-3.77344,-1.08675
-3.7681,-1.08629
-3.76329,-1.08587
-3.75894,-1.08549
-3.75498,-1.08514
-3.015,-1.19485
-3.015,-1.19485
-3.40254,-1.22739
-3.39839,-1.22695
-3.39459,-1.22654
-3.39109,-1.22616
-3.38787,-1.22581
-3.38489,-1.22549
-3.38213,-1.22518
-3.37957,-1.2249
-3.4068,-1.25261
-3.15296,-1.51736
-3.14466,-1.51514
-3.13667,-1.51311
-3.12896,-1.51126
-3.1215,-1.50957
-3.11429,-1.50802
-3.1073,-1.50661
-3.10053,-1.50531
-3.86723,-1.10125
-3.5586,-1.12754
-3.55972,-1.12644
-3.56075,-1.12542
-3.5617,-1.12447
-3.56257,-1.12358
-3.56337,-1.12275
-3.56411,-1.12197
-3.12415,-1.35396
-3.12464,-1.35333
-3.1251,-1.35273
-3.6691,-0.893808
-3.66849,-0.893689
-3.5075,-1.00342
-3.5093,-1.00259
-3.04963,-1.33988
-3.04985,-1.33922
-3.05006,-1.33859
-3.05027,-1.33798
-3.2854,-1.12611
-3.28037,-1.12698
-3.2758,-1.12778
-3.27164,-1.12852
-3.36934,-1.22672
-3.36933,-1.22683
-3.26979,-1.33991
-3.3743,-1.30651
-3.3743,-1.30674
-3.37431,-1.30697
-3.04013,-1.63249
-3.03827,-1.63394
-3.03643,-1.63536
-3.0346,-1.63676
-3.0328,-1.63813
-3.21227,-1.4435
-3.21228,-1.44398
-3.21229,-1.44446
-3.2123,-1.44493
-3.2856,-1.34246
-3.2855,-1.34237
-3.17556,-1.39458
-3.17496,-1.39477
-3.17437,-1.39496
-2.91107,-1.46827
-2.91054,-1.46867
-2.91003,-1.46906
-2.90952,-1.46944
-2.90903,-1.46982
-3.05461,-1.18644
-3.05421,-1.18638
-3.05383,-1.18632
-3.05344,-1.18626
-3.05307,-1.18621
-3.0527,-1.18615
-3.05234,-1.18609
-3.05198,-1.18604
-3.5856,-1.11706
-3.58567,-1.11684
-3.58574,-1.11663
-3.58581,-1.11642
-3.58588,-1.11621
-3.10788,-1.17896
-3.10767,-1.17888
-3.10747,-1.17881
-3.10726,-1.17874
-3.10706,-1.17868
-3.10687,-1.17861
-3.27924,-1.31182
-3.2784,-1.31165
-3.27757,-1.31148
-3.27675,-1.31131
-3.27594,-1.31115
-3.27515,-1.31099
-3.33314,-1.38349
Pillar: 3.
-1.41754,-0.481018
-1.41754,-0.481018
-1.41754,-0.481018
-1.41754,-0.481018
-1.41754,-0.481018
-1.41754,-0.481018
-1.41754,-0.481018
-1.41754,-0.481018
-1.41754,-0.481018
-1.41754,-0.481018
-1.41754,-0.481017
-1.62871,-0.591559
-1.63168,-0.592531
-1.63413,-0.593314
-1.63617,-0.593955
-1.6379,-0.594487
-1.63936,-0.594932
-1.64062,-0.595308
-1.64172,-0.59563
-1.64267,-0.595907
-1.6435,-0.596147
-1.68917,-1.35481
-1.69058,-1.36173
-1.69184,-1.36793
-1.69298,-1.3735
-1.694,-1.37853
-1.69493,-1.38309
-1.69577,-1.38723
-1.69649,-1.39131
-1.69719,-1.39477
-0.911078,-0.267295
-0.902641,-0.265331
-0.894524,-0.263528
-0.886702,-0.261869
-0.879156,-0.260342
-0.871866,-0.258933
-0.864814,-0.257632
-0.857987,-0.25643
-0.979405,-0.621628
-0.685245,-0.567713
-0.686208,-0.567465
-0.687086,-0.567232
-0.687889,-0.567012
-0.688625,-0.566805
-0.689302,-0.566609
-0.689926,-0.566425
-0.656138,-0.742345
-0.734749,-0.649608
-0.703838,-0.392862
-0.704207,-0.392515
-0.704564,-0.392187
-1.0575,-0.694695
-1.05684,-0.695248
-0.937712,-0.497168
-0.939397,-0.496911
-0.764052,-0.440627
-0.77294,-0.440837
-0.780667,-0.440988
-0.787439,-0.441091
-0.79342,-0.441157
-0.635357,-0.37968
-0.635479,-0.379268
-0.635599,-0.378872
-0.635717,-0.378493
-0.793852,-0.389316
-0.789136,-0.389107
-0.784863,-0.38891
-0.780975,-0.388725
-0.741051,-0.36969
-0.555872,-0.7413
-0.556546,-0.740837
-0.557181,-0.740396
-0.924225,-0.77959
-0.684226,-0.533993
-0.682742,-0.534224
-0.681369,-0.53444
-0.680099,-0.534639
-0.0899653,-0.794499
-0.0901331,-0.794124
-0.0902882,-0.793764
-0.0904326,-0.793417
-0.0675525,-0.87158
-0.0680576,-0.871509
-0.0685331,-0.871441
-0.0689787,-0.871379
-0.0465155,-0.832215
-0.0467269,-0.831888
-0.0469275,-0.831573
-0.0471173,-0.831268
-0.0472988,-0.830974
-0.04747,-0.83069
-0.0476326,-0.830415
-0.0477875,-0.830149
-0.047936,-0.829892
-0.949671,-0.657209
-0.990528,-0.291654
-0.989668,-0.29204
-0.988852,-0.292405
-0.988078,-0.292753
-0.987339,-0.293085
-0.0565341,-0.802271
-0.0564727,-0.802114
-0.0929065,-0.834368
-0.0926884,-0.83429
-0.0924773,-0.834216
0.139328,-0.608251
0.136582,-0.608796
-0.458643,-0.802387
-0.461835,-0.802319
-0.464988,-0.802256
-0.468102,-0.802198
-0.471179,-0.802144
-0.449781,-0.648217
-0.449509,-0.648219
-0.449244,-0.64822
-0.448986,-0.648221
-0.448734,-0.648221
-0.448487,-0.648222
-0.448247,-0.648223
-0.448011,-0.648223
-0.447781,-0.648223
-0.305662,-0.769907
-0.305628,-0.769861
-0.305594,-0.769815
-0.305561,-0.769771
-0.305529,-0.769727
-0.305496,-0.769685
-0.305465,-0.769643
-0.305433,-0.769603
-0.305404,-0.769563
-0.76599,-1.35302
-0.710906,-0.673404
-0.770147,-0.581589
-0.770138,-0.581703
-0.769875,-0.379512
-0.879342,-0.333282
-0.879386,-0.333417
-0.879431,-0.333548
-0.651349,-0.421833
-0.649787,-0.422695
-0.648239,-0.423539
-0.646703,-0.424366
-0.645182,-0.425175
-0.766375,-0.640736
-0.76638,-0.640744
-0.766384,-0.640753
-0.720428,-0.521467
-0.720832,-0.521326
-0.721216,-0.521188
-0.721581,-0.521054
-0.854564,-0.317422
-0.854653,-0.317745
-0.854737,-0.318061
-0.854819,-0.31837
-0.92061,-0.423579
-0.920255,-0.424038
-0.919909,-0.424485
-0.47525,-0.234071
-0.473898,-0.23422
-0.472575,-0.234366
-0.47128,-0.234507
-0.470013,-0.234646
0.123862,-0.828904
0.122298,-0.828847
0.120789,-0.828795
0.119334,-0.828749
0.117929,-0.828709
-0.814309,-0.632008
-0.814179,-0.632012
-0.830604,-0.339499
-0.830083,-0.339513
-0.829572,-0.339527
-0.627322,-0.286545
-0.626822,-0.286885
-0.626333,-0.287218
-0.625857,-0.287545
-0.625392,-0.287866
-0.0163232,-0.860192
-0.015919,-0.860197
-0.0155234,-0.860202
-0.015134,-0.860208
-0.0147516,-0.860213
-0.0143762,-0.860219
-0.0140072,-0.860224
-0.0136444,-0.86023
0.079112,-0.818932
-0.911263,-1.09129
-0.910814,-1.0907
-0.910376,-1.09011
-0.909947,-1.08954
-0.767094,-1.06826
-0.766951,-1.06728
-0.76681,-1.06633
-0.766675,-1.06539
-0.664063,-0.550536
-1.02992,-0.602335
-1.03005,-0.602357
-1.03018,-0.60238
-1.0185,-0.316135
-1.01849,-0.316082
-1.01849,-0.316028
-1.01848,-0.315975
-1.01848,-0.315922
-0.454302,-0.720141
-0.721397,-0.778385
-0.721566,-0.778461
-0.721732,-0.778536
-0.721895,-0.778611
0.0891467,-0.851862
0.0890819,-0.851753
0.08902,-0.851647
0.0889596,-0.851542
0.0889012,-0.85144
0.0182327,-0.734409
0.0184434,-0.734379
-0.87709,-0.590906
-0.876878,-0.590836
-0.876671,-0.590768
-0.876467,-0.590701
-0.876266,-0.590635
-0.876069,-0.59057
-0.799837,-0.545755
Pillar: 4.
4.99051,-1.16832
4.99051,-1.16832
4.99051,-1.16832
4.99051,-1.16832
4.99051,-1.16832
4.99051,-1.16832
4.99051,-1.16832
4.75384,-1.17939
4.75384,-1.17939
4.75384,-1.17939
4.85737,-1.15286
4.85546,-1.15255
4.85392,-1.1523
4.85266,-1.15208
4.93496,-1.16085
4.93496,-1.16085
4.93496,-1.16085
4.93496,-1.16085
5.6562,-1.11153
5.66367,-1.11125
5.67032,-1.111
5.67626,-1.11079
5.6816,-1.1106
5.68641,-1.11044
5.69076,-1.11029
5.69471,-1.11016
5.8252,-1.02018
5.82932,-1.01858
5.83309,-1.0171
5.83656,-1.01573
5.83977,-1.01446
5.84273,-1.01327
5.84547,-1.01217
5.84801,-1.01113
5.47489,-0.297198
5.47348,-0.304119
5.47222,-0.310316
5.47109,-0.315889
5.47006,-0.320919
5.46914,-0.325476
5.46829,-0.329617
5.46748,-0.333081
5.46678,-0.336534
4.80927,-0.848438
4.80822,-0.849812
4.80726,-0.851084
4.80639,-0.852264
4.80558,-0.853362
4.80484,-0.854385
4.80416,-0.85534
4.8451,-0.811916
4.76048,-0.915852
4.95378,-0.880485
4.96356,-0.879327
4.07798,-1.05067
4.07753,-1.05089
4.0771,-1.0511
4.91844,-1.0135
4.90952,-1.01395
4.90177,-1.01433
4.89498,-1.01466
4.88897,-1.01495
5.25476,-0.846729
5.25293,-0.848516
5.25127,-0.850131
4.25847,-0.990517
4.25828,-0.9906
4.2581,-0.99068
4.25793,-0.990758
4.0242,-1.44241
4.02937,-1.44011
4.03407,-1.43799
4.03834,-1.43602
4.07684,-1.42352
5.38693,-1.03058
5.38488,-1.03026
5.38294,-1.02996
5.38111,-1.02967
5.37938,-1.0294
4.95848,-1.12363
4.9629,-1.12225
4.96694,-1.12098
4.97064,-1.11979
4.97404,-1.11869
4.92427,-0.912888
4.92358,-0.913016
4.92293,-0.913141
4.55641,-0.934909
4.76412,-1.148
4.76572,-1.14722
4.7672,-1.14649
4.76857,-1.1458
4.90809,-1.07642
4.91046,-1.07579
4.55214,-0.723007
4.55199,-0.723651
4.55185,-0.724271
4.55172,-0.724869
4.56961,-0.645774
4.56913,-0.646127
4.56867,-0.646465
4.56824,-0.646791
4.85552,-0.819905
4.89791,-0.824945
4.63537,-0.842678
4.63516,-0.842868
4.63496,-0.843052
4.63477,-0.843231
4.63459,-0.843406
4.63441,-0.843575
4.63425,-0.84374
4.63409,-0.843899
4.63394,-0.844055
5.05513,-0.938426
5.05494,-0.938462
5.0849,-1.00685
4.95476,-1.38334
4.95584,-1.38251
4.95687,-1.38172
4.95785,-1.38096
4.95878,-1.38022
4.93902,-1.12323
4.94016,-1.12281
4.58395,-0.87082
4.58401,-0.870952
4.54807,-0.845974
4.54829,-0.84601
4.5485,-0.846044
4.75869,-1.05582
4.75606,-1.05513
4.35753,-1.13915
4.35432,-1.13943
4.35114,-1.13971
4.348,-1.13998
4.3449,-1.14025
4.52725,-0.6068
4.52752,-0.607257
4.52779,-0.607703
4.52806,-0.608137
4.52831,-0.608561
4.52856,-0.608974
4.52881,-0.609377
4.52904,-0.609771
4.52928,-0.610155
4.36729,-1.17318
5.07376,-1.05946
5.07357,-1.05935
5.07338,-1.05924
5.07038,-1.0582
5.0702,-1.0581
4.7524,-0.957971
4.75243,-0.957972
4.75247,-0.957972
4.7525,-0.957973
4.75253,-0.957973
4.75256,-0.957974
4.75259,-0.957975
4.75262,-0.957976
4.75265,-0.957976
5.00456,-1.02333
4.73162,-1.67267
4.76593,-0.882136
4.76603,-0.882204
4.62627,-1.10419
4.6279,-1.10382
4.62945,-1.10345
4.63093,-1.1031
4.63236,-1.10277
4.63372,-1.10244
4.63503,-1.10213
4.72031,-0.996475
4.72042,-0.996456
4.72054,-0.996438
5.10594,-0.94298
5.10434,-0.943244
5.10279,-0.943499
5.03113,-1.71049
5.09904,-0.94877
5.09394,-0.715723
5.09227,-0.716147
5.09066,-0.716559
5.0891,-0.71696
5.08759,-0.717351
5.08613,-0.717731
5.0847,-0.718102
5.08332,-0.718463
4.86063,-0.748614
4.86008,-0.74883
4.85955,-0.749042
4.85903,-0.749249
4.85853,-0.749452
4.85804,-0.749649
4.85756,-0.749843
5.10075,-1.28229
5.1019,-1.28393
4.72025,-0.952595
4.72068,-0.952611
4.7211,-0.952626
4.72151,-0.952641
4.78876,-1.0482
4.68265,-0.973416
4.68263,-0.973322
4.68261,-0.97323
4.94651,-0.519404
4.9481,-0.518889
4.94967,-0.518375
4.95123,-0.517864
4.95277,-0.517355
5.05076,-0.807429
5.04961,-0.807654
4.90576,-0.875721
4.90576,-0.875745
4.90575,-0.87577
4.93686,-0.994191
4.93646,-0.994066
4.93607,-0.993944
4.9357,-0.993824
4.95296,-0.90153
4.95258,-0.901481
4.95222,-0.901435
3.88553,-1.21965
3.8871,-1.21881
3.88864,-1.21799
3.89015,-1.21719
3.89163,-1.2164
4.80101,-0.66341
4.79945,-0.66346
4.79794,-0.663512
4.79649,-0.663566
4.79509,-0.663621
4.47693,-1.1121
4.47751,-1.11171
4.47808,-1.11133
4.71452,-0.767764
4.71503,-0.767969
4.71553,-0.768171
4.71602,-0.76837
4.7165,-0.768565
4.51144,-0.831696
4.51184,-0.8318
4.51224,-0.831901
4.51263,-0.832001
4.51301,-0.8321
4.51339,-0.832197
4.51376,-0.832292
4.51412,-0.832387
4.60691,-0.841975
4.99768,-0.944578
4.99762,-0.944577
4.77261,-0.852897
4.77309,-0.853016
4.77356,-0.853135
4.77401,-0.853252
4.91676,-1.3072
4.91689,-1.30653
4.91701,-1.30589
4.91714,-1.30525
5.00047,-1.07616
5.07846,-1.46329
5.07814,-1.46257
5.13462,-0.982077
5.13449,-0.982044
5.13436,-0.982011
5.08452,-1.26425
5.08455,-1.26406
5.08458,-1.26386
5.08461,-1.26367
5.08463,-1.26348
4.99494,-1.03447
4.99499,-1.03442
5.38999,-0.846959
5.38982,-0.846987
5.38966,-0.847015
5.38949,-0.847043
4.42163,-0.97344
4.42156,-0.973461
4.42149,-0.973481
4.42143,-0.973502
4.42137,-0.973522
4.34536,-0.981661
4.34557,-0.981676
4.6896,-1.0333
4.68967,-1.03326
4.68974,-1.03323
4.60131,-1.15061
4.60152,-1.15055
4.60173,-1.15049
4.60193,-1.15043
4.60213,-1.15037
4.60233,-1.15031
4.67311,-1.1565
4.93109,-1.04107
4.93106,-1.04104
4.93103,-1.04101
4.931,-1.04098
4.93096,-1.04095
4.93093,-1.04092
4.34793,-1.06187
4.34877,-1.06157
4.3496,-1.06127
4.35041,-1.06098
4.35121,-1.06069
4.352,-1.06041
Pillar: 5.
5.63299,-2.51412
5.63299,-2.51412
5.63299,-2.51412
5.63298,-2.51411
5.63299,-2.51412
5.63299,-2.51412
5.63299,-2.51412
5.25873,-2.5471
5.25873,-2.5471
5.25873,-2.5471
5.36865,-2.5182
5.36677,-2.51788
5.36526,-2.51761
5.36403,-2.51739
5.44263,-2.52754
5.44263,-2.52753
5.44263,-2.52753
5.44263,-2.52753
5.27036,-2.50932
5.26883,-2.5092
5.26747,-2.5091
5.26627,-2.50901
5.2652,-2.50893
5.26424,-2.50885
5.26338,-2.50879
5.26261,-2.50873
4.98418,-2.62855
4.98261,-2.62997
4.98117,-2.63129
4.97984,-2.63252
4.97861,-2.63366
4.97748,-2.63472
4.97642,-2.63571
5.08823,-2.584
4.94009,-2.6955
5.11509,-2.66188
5.12475,-2.66073
4.60337,-2.56422
4.60122,-2.5652
4.90238,-2.50047
4.90033,-2.50015
4.8984,-2.49985
4.89657,-2.49957
4.89483,-2.4993
4.4813,-2.59592
4.48574,-2.59456
4.4898,-2.59329
4.49351,-2.59211
4.49692,-2.591
4.69424,-2.47988
4.69338,-2.47999
4.69257,-2.48009
4.33103,-2.50258
4.40817,-2.69127
4.41006,-2.69056
4.4118,-2.68989
4.41343,-2.68926
4.52715,-2.61371
4.52953,-2.61309
4.51756,-2.63413
4.51698,-2.63476
4.51644,-2.63538
4.51592,-2.63597
4.59859,-2.55699
4.59793,-2.55734
4.59731,-2.55768
4.59672,-2.55801
4.94394,-2.72929
5.00345,-2.73346
4.38942,-2.48098
4.38902,-2.48114
4.38865,-2.4813
4.38829,-2.48145
4.38794,-2.4816
4.38761,-2.48175
4.38729,-2.48189
4.38698,-2.48202
4.38669,-2.48216
4.81362,-2.57739
4.81344,-2.57742
4.83619,-2.49222
4.52465,-2.82666
4.52602,-2.82592
4.52733,-2.82521
4.52858,-2.82453
4.52977,-2.82387
4.43389,-2.54203
4.43503,-2.54161
4.40625,-2.50029
4.4062,-2.50042
4.39037,-2.47751
4.39055,-2.47754
4.39072,-2.47757
4.44841,-2.66532
4.44621,-2.66472
3.69044,-2.4377
3.68713,-2.43793
3.68386,-2.43816
3.68063,-2.43838
3.67744,-2.43861
4.79876,-2.92841
4.79883,-2.92889
4.79889,-2.92936
4.79895,-2.92982
4.79901,-2.93026
4.79906,-2.9307
4.79912,-2.93112
4.79918,-2.93154
4.79923,-2.93194
3.95388,-2.62047
4.59508,-2.49304
4.59488,-2.49293
4.59469,-2.49282
4.59732,-2.49365
4.59714,-2.49355
4.42145,-2.4639
4.42147,-2.4639
4.42149,-2.4639
4.42151,-2.46389
4.42153,-2.46389
4.42154,-2.46389
4.42156,-2.46389
4.42158,-2.46389
4.4216,-2.46388
4.62901,-2.51877
4.74266,-1.87689
4.69729,-3.45866
4.86611,-2.66565
4.86621,-2.66571
4.54943,-2.51328
4.55075,-2.51289
4.55201,-2.51251
4.55323,-2.51215
4.5544,-2.5118
4.55552,-2.51146
4.55661,-2.51113
4.89171,-2.55361
4.89183,-2.5536
4.89194,-2.55358
5.06633,-2.50902
5.06472,-2.50929
5.06317,-2.50954
5.13453,-3.27362
5.06014,-2.51483
5.19173,-2.71126
5.19007,-2.71168
5.18846,-2.7121
5.1869,-2.7125
5.18539,-2.71289
5.18393,-2.71327
5.18251,-2.71364
5.18113,-2.714
5.08046,-2.7237
5.07988,-2.72392
5.07933,-2.72413
5.07879,-2.72434
5.07826,-2.72455
5.07776,-2.72475
5.07726,-2.72494
5.69191,-2.68275
5.68419,-2.68081
5.67712,-2.679
5.6706,-2.67732
5.66458,-2.67574
5.2716,-2.26928
5.27216,-2.2708
5.27265,-2.27225
5.27308,-2.27365
5.27347,-2.27499
5.6823,-2.49731
5.67721,-2.49703
5.67237,-2.49677
5.16132,-2.74096
5.16138,-2.74085
5.16143,-2.74074
5.59439,-2.23218
5.59639,-2.2315
5.59838,-2.23083
5.60035,-2.23017
5.6023,-2.22951
5.84001,-2.45982
5.83883,-2.46007
4.86376,-2.64573
4.86375,-2.64576
4.86374,-2.64578
4.82064,-2.76088
4.82023,-2.76076
4.81984,-2.76064
4.81947,-2.76052
4.80984,-2.66625
4.8094,-2.66619
4.80898,-2.66614
5.15013,-2.53371
5.14951,-2.53374
4.23654,-2.46581
4.23691,-2.4659
4.23727,-2.466
4.23763,-2.46609
4.23798,-2.46619
4.23832,-2.46628
4.23866,-2.46637
4.23899,-2.46646
4.31342,-2.47285
4.69847,-2.57441
4.6984,-2.57441
4.89166,-2.57702
4.89154,-2.57699
4.89143,-2.57696
4.69513,-2.8299
4.69519,-2.82971
4.69526,-2.82952
4.69532,-2.82934
4.69538,-2.82916
4.52987,-2.57932
4.52992,-2.57928
4.5825,-2.4892
4.31784,-2.54047
4.31769,-2.54051
4.31754,-2.54055
4.31739,-2.54058
4.74877,-2.4355
4.74866,-2.43553
4.74855,-2.43556
4.74845,-2.43559
4.74834,-2.43562
4.62994,-2.4526
4.63013,-2.45262
4.99305,-2.50046
4.99312,-2.50042
4.99319,-2.50039
5.05775,-2.45587
5.05796,-2.45581
5.05817,-2.45575
5.05837,-2.45569
5.05857,-2.45563
5.05876,-2.45557
5.11737,-2.46595
4.75316,-2.49363
4.75313,-2.4936
4.7531,-2.49357
4.75306,-2.49354
4.75303,-2.49351
4.753,-2.49348
Pillar: 6.
12.4579,-0.846315
12.4654,-0.845759
12.4727,-0.845168
12.4797,-0.844547
12.4865,-0.843903
13.1901,-0.461437
13.1894,-0.464526
13.1887,-0.467408
13.1881,-0.470102
13.207,-0.0926172
13.1428,-0.496024
13.3399,-0.546795
13.3498,-0.546222
12.3143,-0.637116
12.3054,-0.637877
12.2977,-0.638569
12.2909,-0.6392
12.2849,-0.63978
12.6588,-0.706344
12.657,-0.708132
12.6554,-0.709746
13.3704,-0.371744
13.3751,-0.365393
13.3794,-0.359527
13.3833,-0.354094
13.4232,-0.354269
13.6986,-0.381432
13.703,-0.379929
13.707,-0.37855
13.7107,-0.37728
13.7141,-0.376109
14.0959,-0.457824
13.5874,-0.300052
13.5888,-0.297642
13.5901,-0.295383
13.5914,-0.293261
13.7439,-0.371736
13.7463,-0.371063
13.0082,-0.585273
13.0077,-0.5864
13.0073,-0.587477
13.0069,-0.588509
13.2881,-0.496915
13.3273,-0.426346
13.3127,-0.432112
13.3112,-0.432746
13.3098,-0.433324
13.3086,-0.433854
13.6263,-0.158071
13.6272,-0.155477
13.6279,-0.152993
13.6287,-0.150612
13.6294,-0.148328
13.6629,-0.353938
13.664,-0.353471
13.2953,-0.482067
13.2955,-0.482314
13.2957,-0.482555
13.5585,-0.164452
13.5604,-0.166024
13.5621,-0.167485
13.5638,-0.168843
13.5654,-0.17011
13.5669,-0.171293
13.5683,-0.172399
12.6899,-0.532993
12.6883,-0.53329
12.6868,-0.533576
12.5461,-0.610448
12.6828,-0.535313
12.5522,-0.572653
12.5505,-0.573075
12.5489,-0.573484
12.5473,-0.573881
12.5458,-0.574267
12.5443,-0.574641
12.5429,-0.575004
12.5415,-0.575357
12.8609,-0.536555
12.8603,-0.536864
12.8598,-0.537165
12.8593,-0.537457
12.8588,-0.537743
12.8583,-0.538021
12.8578,-0.538292
12.8614,-0.47461
12.8681,-0.473188
12.8741,-0.472029
12.6832,-0.0912331
12.677,-0.0932267
12.6713,-0.0950592
12.666,-0.0967486
12.6611,-0.0983112
12.9141,-0.453469
12.9161,-0.452953
13.1702,-0.438397
13.1712,-0.438318
12.0827,-0.449029
13.2443,-0.450304
13.2448,-0.45032
13.2452,-0.450336
13.2456,-0.450351
12.5481,-0.99515
12.5481,-0.993774
12.5482,-0.992491
12.5481,-0.991292
12.5481,-0.990171
12.796,-0.984646
12.7987,-0.979229
12.8925,-0.331537
12.8882,-0.333737
12.8841,-0.335834
12.8271,-0.366931
12.8187,-0.369607
12.8105,-0.372184
13.8784,-0.323736
13.8729,-0.325007
11.9167,-0.730565
11.9156,-0.730968
13.1516,-0.364602
13.1512,-0.364501
13.1508,-0.364401
13.1505,-0.364302
13.1763,-0.397181
13.176,-0.397393
13.1756,-0.397596
13.1871,-0.411556
13.1863,-0.411862
13.1855,-0.412157
13.0464,-0.663938
13.0464,-0.663278
13.0463,-0.662643
13.0463,-0.662031
12.8231,-0.557462
12.8216,-0.557697
12.8201,-0.557926
12.8186,-0.558151
12.8172,-0.558371
12.9372,-0.603007
12.9365,-0.602751
12.001,-0.726928
12.0015,-0.726951
12.002,-0.726974
12.0025,-0.726997
12.003,-0.727022
12.6739,-0.271799
12.6741,-0.271567
12.6743,-0.27134
12.6745,-0.271114
12.8,-0.433764
12.7593,0.0367033
12.759,0.0374181
13.221,-0.225129
13.221,-0.224741
13.221,-0.22436
13.221,-0.223985
13.221,-0.223616
13.1723,-0.392258
13.1724,-0.392163
Pillar: 7.
13.5969,-1.68032
13.5959,-1.68351
13.595,-1.68648
13.5941,-1.68926
13.6613,-1.29461
13.5538,-1.7135
13.7385,-1.76843
13.7482,-1.76788
14.3924,-1.6294
14.3968,-1.62789
14.4009,-1.6265
14.4046,-1.62522
14.408,-1.62405
14.3101,-1.47192
14.3117,-1.46938
14.3133,-1.46699
14.3147,-1.46475
14.4475,-1.55518
14.4499,-1.5545
13.4371,-1.89703
13.4365,-1.8982
13.4359,-1.89931
13.4354,-1.90038
13.7576,-1.79469
13.8084,-1.71986
13.7581,-1.73834
13.7566,-1.73898
13.7552,-1.73955
13.754,-1.74008
13.5014,-1.5153
13.4989,-1.51229
13.9991,-1.89438
14.0006,-1.89605
14.0019,-1.8976
14.0033,-1.89904
14.0046,-1.90039
14.0058,-1.90164
14.007,-1.90282
13.2111,-1.94301
13.2062,-1.94532
13.2016,-1.94752
12.8049,-1.97312
12.7957,-1.97579
12.7868,-1.97835
13.9199,-1.92954
13.9149,-1.9308
13.6412,-1.74362
13.6408,-1.74352
13.6404,-1.74342
13.64,-1.74332
13.6448,-1.7835
13.6444,-1.78372
13.644,-1.78394
13.627,-1.8072
13.6262,-1.80751
13.6255,-1.8078
13.7105,-1.61397
13.7105,-1.61326
13.7105,-1.61258
13.7105,-1.61193
13.1679,-1.73011
13.1663,-1.73035
13.1648,-1.73059
13.1633,-1.73082
13.1619,-1.73105
13.54,-1.66628
13.5393,-1.666
Pillar: 8.
20.4436,0.712626
20.6678,0.065541
20.7359,-0.255153
20.7345,-0.25552
20.733,-0.255875
20.7317,-0.256217
21.0651,-0.0544344
21.0646,-0.0548042
21.0642,-0.055165
21.0637,-0.0555165
21.0676,0.000644118
21.0745,0.000383228
21.0805,0.000155762
20.971,-0.00378186
20.971,-0.00378191
20.971,-0.00378186
20.8417,-0.158161
20.8354,-0.164749
20.8296,-0.170826
20.8243,-0.176449
20.8194,-0.18167
21.0625,-0.0424857
21.0645,-0.0425799
21.0037,-0.0488353
21.0037,-0.0488353
21.0037,-0.0488352
21.6852,0.332441
21.0132,0.177472
21.0127,0.182208
21.0123,0.186674
21.0119,0.190893
21.0114,0.194883
21.2109,0.505687
21.2136,0.511105
20.5082,-0.0277939
20.5026,-0.0270754
20.9575,-0.046165
20.9575,-0.0459608
Pillar: 9.
21.0026,-0.537125
21.1111,-1.22979
21.0263,-1.75313
21.0249,-1.7535
21.0235,-1.75386
21.0221,-1.7542
21.0626,-1.61533
21.0621,-1.6157
21.0616,-1.61606
21.0611,-1.61641
21.0637,-1.56025
21.0702,-1.56051
21.0759,-1.56074
20.967,-1.56467
20.967,-1.56467
20.967,-1.56467
20.6142,-1.69474
20.607,-1.7012
20.6004,-1.70716
20.5944,-1.71267
20.5888,-1.71779
20.9253,-1.58976
20.9272,-1.58984
20.8286,-1.59227
20.8286,-1.59227
20.8286,-1.59227
21.1473,-1.96837
20.4151,-1.50545
20.41,-1.50475
20.877,-1.52455
20.877,-1.52435
FEATURES.
Feature: 1.
-3.58333,-2.79217
-3.58333,-2.79217
-3.58333,-2.79217
-3.58333,-2.79217
-3.58333,-2.79217
-3.58333,-2.79217
-3.58333,-2.79217
-3.58333,-2.79217
-3.58333,-2.79217
-3.58333,-2.79217
-3.58333,-2.79217
-3.98173,-2.96835
-3.96472,-2.95291
-3.94742,-2.93721
-3.92894,-2.92045
-3.913,-2.90599
-3.89868,-2.89299
-3.88562,-2.88114
-3.86373,-2.87115
-3.84517,-2.86277
-3.82861,-2.85523
-4.03812,-2.83626
-4.02355,-2.85845
-4.0093,-2.87295
-3.99512,-2.88237
-3.98035,-2.88772
-3.96545,-2.88651
-3.94962,-2.88564
-3.9337,-2.88376
-3.91745,-2.88054
-3.90058,-2.87325
-3.35159,-2.37484
-3.3655,-2.39982
-3.37962,-2.42486
-3.37358,-2.43432
-3.36977,-2.44532
-3.36823,-2.45728
-3.36744,-2.47321
-3.36938,-2.48683
-3.37325,-2.49965
-3.378,-2.51202
-3.34284,-3.05052
-3.34826,-3.0306
-3.35372,-3.01029
-3.34476,-2.95602
-3.34337,-2.91192
-3.34242,-2.87671
-3.34871,-2.84733
-3.35933,-2.82266
-3.37322,-2.80284
-3.38855,-2.78772
-3.88749,-2.6227
-3.89788,-2.62297
-3.90845,-2.62328
-3.96921,-2.64998
-4.02174,-2.67299
-4.06684,-2.69245
-4.11271,-2.70807
-4.14693,-2.72147
-4.17317,-2.73464
-4.19606,-2.74351
-3.79859,-1.72344
-3.79427,-1.78337
-3.8022,-1.86997
-3.80472,-1.95125
-3.80001,-2.02766
-3.78773,-2.09923
-3.76851,-2.1659
-3.74416,-2.22655
-3.71477,-2.28358
-4.73132,-0.56346
-4.73701,-0.757412
-4.7109,-0.937897
-4.66757,-1.09914
-4.61406,-1.24211
-4.553,-1.36803
-4.47818,-1.4929
-4.4061,-1.59241
-0.782469,-4.5481
-0.97674,-4.50871
-1.16179,-4.45388
-1.61087,-4.00741
-1.7381,-3.99939
-1.85674,-3.9873
-1.95313,-3.94359
-3.69698,-2.3736
-3.67457,-2.40392
-3.65135,-2.4322
-3.62768,-2.45884
-3.60457,-2.48352
-3.87849,-2.35793
-3.83186,-2.39025
-3.78234,-2.4266
-3.73272,-2.46553
-3.66801,-2.47503
-3.60065,-2.4841
-3.54261,-2.49498
-3.48976,-2.50647
-2.79642,-3.31489
-2.82495,-3.30634
-2.85505,-3.29685
-2.88955,-3.25978
-2.92469,-3.22046
-2.95919,-3.18021
-2.98231,-3.12591
-3.00149,-3.07514
-3.01626,-3.02882
-3.022,-2.99974
-1.43034,-3.25822
-1.5545,-3.24759
-1.67717,-3.23064
-1.79345,-3.20953
-1.90315,-3.18413
-1.99066,-3.15763
-2.07841,-3.12552
-2.16263,-3.08591
-2.49592,-2.22665
-2.53057,-2.2431
-2.56723,-2.26411
-2.6014,-2.28314
-2.63277,-2.30081
-2.66153,-2.31734
-3.04712,-1.97571
Feature: 2.
-3.49899,-1.05413
-3.49899,-1.05413
-3.49899,-1.05413
-3.49899,-1.05413
-3.49899,-1.05413
-3.49899,-1.05413
-3.49899,-1.05413
-3.49899,-1.05413
-3.49899,-1.05413
-3.49899,-1.05413
-3.49899,-1.05413
-3.59321,-1.32494
-3.5762,-1.30951
-3.5589,-1.29381
-3.54043,-1.27705
-3.52449,-1.26258
-3.51016,-1.24959
-3.4971,-1.23774
-3.47622,-1.2275
-3.45855,-1.21892
-3.44276,-1.2112
-3.5815,-1.21218
-3.58624,-1.22906
-3.58888,-1.23911
-3.58947,-1.24481
-3.58761,-1.24702
-3.58397,-1.24315
-3.57799,-1.24003
-3.57066,-1.23623
-3.56191,-1.23137
-3.55159,-1.22269
-3.18174,-0.762006
-3.19565,-0.786979
-3.20977,-0.812023
-3.19418,-0.822516
-3.18208,-0.834461
-3.17335,-0.847278
-3.16631,-0.863978
-3.16284,-0.878285
-3.162,-0.891709
-3.16268,-0.904624
-3.46569,-1.35443
-3.47111,-1.33451
-3.47657,-1.3142
-3.43793,-1.25805
-3.41072,-1.21272
-3.38735,-1.17678
-3.37415,-1.14699
-3.36784,-1.12215
-3.36703,-1.10232
-3.36958,-1.0873
-2.86476,-1.1836
-2.87514,-1.18387
-2.88571,-1.18417
-2.95876,-1.20222
-3.02205,-1.21779
-3.07654,-1.23084
-3.13063,-1.24091
-3.17203,-1.24953
-3.20525,-1.25811
-3.23352,-1.26346
-3.4736,-0.383367
-3.46928,-0.443304
-3.50675,-0.52308
-3.53502,-0.598972
-3.55272,-0.671098
-3.55995,-0.739256
-3.55768,-0.803202
-3.54766,-0.861705
-3.53113,-0.916946
-4.51036,1.19965
-4.5762,1.0122
-4.60898,0.83608
-4.61681,0.677036
-4.60768,0.53478
-4.5851,0.408585
-4.54737,0.282653
-4.50367,0.181812
-0.97109,-3.18786
-1.11391,-3.14233
-1.2541,-3.08373
-2.36951,-2.06018
-2.41743,-2.0231
-2.46624,-1.98837
-2.53286,-1.93583
-2.5828,-1.88279
-2.60111,-1.86004
-2.62084,-1.83714
-2.64104,-1.81447
-2.662,-1.79115
-2.67461,-1.77918
-2.6915,-1.76467
-2.71264,-1.74627
-2.61526,-0.752241
-2.66765,-0.784282
-2.72541,-0.819691
-2.81011,-0.800692
-2.90357,-0.784039
-2.97341,-0.790617
-3.04088,-0.80086
-3.11407,-0.80017
-3.17407,-0.809983
-3.22017,-0.828944
-3.25301,-0.855265
-3.48779,0.501288
-3.50874,0.376948
-3.51714,0.252451
-3.51388,0.129488
-2.82735,-2.00162
-2.81878,-1.99272
-2.81669,-1.98377
-2.84795,-1.9468
-2.8803,-1.90757
-2.91239,-1.8674
-2.94286,-1.81286
-2.96843,-1.76191
-2.98874,-1.71547
-2.99931,-1.68629
-3.60987,-0.64934
-3.58097,-0.676462
-3.55053,-0.702284
-3.51627,-0.727979
-3.47964,-0.753727
-3.44202,-0.779514
-3.40459,-0.80521
-3.36829,-0.830625
-3.0235,-1.45646
-3.06307,-1.43667
-3.1037,-1.4155
-3.14294,-1.39477
-3.18464,-1.37174
-3.11542,-1.35417
-3.11558,-1.34411
-3.11575,-1.33328
-3.11604,-1.32101
-3.11631,-1.3081
-3.11649,-1.29519
-2.80572,-0.999484
-2.8335,-1.01421
-2.86419,-1.03376
-2.89317,-1.05156
-2.92002,-1.06816
-2.94487,-1.08379
-2.93631,-0.786145
Feature: 3.
-1.41754,-0.481018
-1.41754,-0.481018
-1.41754,-0.481018
-1.41754,-0.481018
-1.41754,-0.481018
-1.41754,-0.481018
-1.41754,-0.481018
-1.41754,-0.481018
-1.41754,-0.481018
-1.41754,-0.481018
-1.41754,-0.481018
-1.91509,-0.911538
-1.92352,-0.908657
-1.92957,-0.901515
-1.93327,-0.892245
-1.93424,-0.881423
-1.93315,-0.866214
-1.92946,-0.853219
-1.92416,-0.840821
-1.91723,-0.828483
-1.90852,-0.813277
-1.99716,-1.50195
-1.97587,-1.4919
-1.9543,-1.48219
-1.93379,-1.47337
-1.91225,-1.46456
-1.89071,-1.45619
-1.86994,-1.44855
-1.8503,-1.44194
-1.83235,-1.43613
-1.05091,0.41702
-1.10788,0.39021
-1.154,0.359912
-1.1879,0.327058
-1.2097,0.29275
-1.22048,0.257997
-1.22173,0.223984
-1.21552,0.190595
-1.59586,0.925367
-1.65405,0.837302
-1.68263,0.758377
-1.68943,0.683679
-1.68138,0.614546
-1.66122,0.551702
-1.62712,0.486793
-1.58706,0.432621
-1.54235,0.382727
-1.50854,0.325637
1.07915,-1.5822
0.995453,-1.61516
0.90418,-1.62652
0.0600539,-1.08177
0.0496903,-1.14366
0.0302459,-1.19612
-0.0248789,-1.18077
-1.11088,-0.111734
-1.10779,-0.120135
-1.10149,-0.129539
-1.09261,-0.139909
-1.08242,-0.150547
-0.247804,-0.743283
-0.254893,-0.743818
-0.265056,-0.741245
-0.277086,-0.736324
-0.291042,-0.728494
-0.285275,-0.758497
-0.286879,-0.780552
-0.295246,-0.793965
-0.309243,-0.79905
0.21374,-0.998764
0.154683,-0.978293
0.0905299,-0.956807
0.0249059,-0.935347
-0.0602591,-0.922083
-0.0886641,-0.939597
-0.117576,-0.948067
-0.149832,-0.950574
-0.282597,-0.866734
-0.250362,-0.89777
-0.216788,-0.927487
-0.184408,-0.953482
-0.15483,-0.974417
-0.141317,-0.970489
-0.129165,-0.965917
-0.121001,-0.962056
-0.471453,-0.236822
-0.429798,-0.295909
-0.394585,-0.346107
-0.363463,-0.390459
-0.335546,-0.430379
-0.310322,-0.466455
-0.284246,-0.503711
-0.262799,-0.534452
-0.240959,-0.565666
-1.08706,1.61117
-1.23894,1.59912
-1.28975,1.52942
-1.32442,1.44757
-1.34375,1.35655
-1.34966,1.25956
0.993908,-2.3692
0.933744,-2.38236
0.873757,-2.37182
0.813656,-2.34384
0.753551,-2.29792
0.694257,-2.23699
0.687726,-2.23458
-0.527072,0.167673
-0.533383,0.120291
-0.53788,0.069645
-0.540967,0.0129443
-0.542663,-0.0385951
-1.20405,1.12124
-1.24743,1.11535
-1.27198,1.09585
-1.2772,1.06177
-1.26455,1.01412
-1.24535,0.962632
-1.2127,0.901415
-1.16941,0.832111
-1.11855,0.756724
-0.327097,-0.394703
-0.368255,-0.363461
-0.401953,-0.341178
-0.43147,-0.324598
-0.454777,-0.314668
-0.471131,-0.311404
-0.480702,-0.314251
-0.484219,-0.322363
-0.482684,-0.334794
0.0792374,-1.4946
0.0149905,-1.49963
-0.0160758,-0.107114
-0.0684655,-0.139154
-0.126224,-0.174563
-0.221761,-0.113352
-0.325684,-0.0584518
-0.405066,-0.0319375
-0.481172,-0.0135373
-0.572714,0.0445205
-0.649723,0.0842519
-0.71141,0.10811
-0.758397,0.118824
-1.70259,0.475066
-1.70346,0.437789
-1.68982,0.399837
-1.66618,0.361434
-1.61297,0.326103
-1.55879,0.291274
-1.497,0.254473
-0.982058,1.24166
-1.01899,1.16942
-1.04217,1.0899
-1.05239,1.00579
-1.36352,0.204533
-1.31689,0.172212
-1.26737,0.135861
-1.21775,0.0969334
-1.16804,0.102069
-1.11385,0.105712
-1.06737,0.105891
-1.02468,0.10402
1.67801,-2.95727
1.5559,-2.96007
1.43931,-2.929
1.3289,-2.87752
1.22908,-2.81459
-0.56366,-0.781887
-0.521564,-0.837385
-0.491826,-0.885114
-0.520399,-0.853866
-0.550427,-0.819581
-0.58053,-0.783688
-0.617101,-0.716116
-0.648024,-0.653874
-0.67304,-0.597642
-0.687725,-0.559969
-0.559494,-0.468058
-0.531796,-0.476047
-0.502491,-0.485271
-0.469289,-0.49657
-0.433632,-0.509831
-0.396901,-0.524789
-0.360276,-0.541093
-0.324685,-0.558363
-0.290798,-0.576228
0.745163,-1.73432
0.63992,-1.75108
0.533433,-1.75812
0.431002,-1.75803
0.333191,-1.75101
0.271358,-1.76538
0.205295,-1.76914
0.141494,-1.76452
0.0774061,-1.75013
-0.596199,-0.947935
-0.607977,-0.952077
-0.622741,-0.95244
-0.639453,-0.949437
-0.631496,-0.958177
-0.632129,-0.956558
-0.635866,-0.948573
-0.643036,-0.934006
-1.15505,-0.414618
-1.1047,-0.436841
-1.07583,-0.462661
-1.04513,-0.490104
-1.01408,-0.517854
0.656587,-1.28029
0.616439,-1.24875
0.575274,-1.21741
0.535549,-1.18786
0.493414,-1.15719
0.458127,-1.1314
0.424083,-1.10024
-0.879062,-0.787632
-0.879948,-0.774734
-0.88075,-0.761447
-0.881579,-0.747035
-0.882327,-0.73227
-0.88293,-0.717749
-0.883356,-0.703893
Feature: 4.
4.99051,-1.16832
4.99051,-1.16832
4.99051,-1.16832
4.99051,-1.16832
4.99051,-1.16832
4.99051,-1.16832
4.99051,-1.16832
4.56031,-1.35499
4.57625,-1.34052
4.59057,-1.32753
4.60363,-1.31568
4.62456,-1.30045
4.64227,-1.2875
4.65809,-1.27597
4.67255,-1.26553
4.69642,-1.25595
4.71639,-1.24794
4.73411,-1.24084
5.89303,-0.0862162
5.95172,-0.194146
5.994,-0.291604
6.02871,-0.379839
6.05043,-0.45803
6.06313,-0.527044
6.06874,-0.588783
6.06977,-0.644641
6.33615,-1.57313
6.26608,-1.51266
6.20484,-1.45988
6.15171,-1.41344
6.0985,-1.37173
6.05763,-1.33526
6.02471,-1.30016
5.99653,-1.2719
5.1669,-0.444336
5.18819,-0.43429
5.20976,-0.424575
5.23028,-0.415761
5.25181,-0.40695
5.27335,-0.39858
5.29413,-0.390935
5.31368,-0.383709
5.33162,-0.377896
3.59659,-0.805637
3.6197,-0.709187
3.65298,-0.630506
3.69219,-0.565776
3.73665,-0.511978
3.79179,-0.46394
3.84636,-0.431342
3.90251,-0.40587
3.94914,-0.36872
4.01078,-0.366435
4.08344,-0.360244
5.85203,-0.862423
5.79209,-1.07597
5.71591,-1.24483
4.52283,-1.0499
4.5337,-1.01035
4.54641,-0.978109
4.5606,-0.952312
4.57522,-0.931552
4.59043,-0.915422
4.64869,-0.898898
4.69773,-0.886035
4.67815,-0.983372
4.66843,-1.03289
4.65558,-1.07288
4.64092,-1.10496
4.62444,-1.1293
4.62238,-1.24592
4.61277,-1.34278
4.59656,-1.42078
4.57509,-1.48161
5.06752,-0.984103
5.08971,-0.98569
5.11401,-0.987559
5.13905,-0.989649
5.15962,-0.991521
5.17766,-0.993288
5.15681,-1.00184
5.14007,-1.00905
5.12567,-1.01569
5.11297,-1.02195
5.69159,-1.23256
5.63287,-1.20389
5.56901,-1.17537
5.50362,-1.14787
5.41874,-1.12707
5.38805,-1.1986
5.35673,-1.25381
5.32206,-1.29675
5.28985,-1.32783
5.27516,-1.35838
4.34127,-0.449456
4.37739,-0.525967
4.41397,-0.595329
4.4487,-0.655894
4.48012,-0.706981
4.49395,-0.708537
4.50637,-0.708783
4.51476,-0.70916
4.52281,-0.708431
4.54573,-0.696567
4.21027,-0.195871
4.25198,-0.261733
4.28723,-0.317881
4.31838,-0.367465
4.34632,-0.411992
4.37156,-0.452129
4.39764,-0.492971
4.4191,-0.526883
4.44094,-0.560906
4.46227,-0.593786
4.52675,-0.631505
4.55532,-0.557203
4.48704,-0.33775
4.47208,-0.298014
4.46689,-0.284162
4.47192,-0.291546
4.48622,-0.315496
4.50808,-0.351762
4.55901,-0.418373
5.57681,-1.6372
5.53215,-1.75512
5.48369,-1.83583
5.43139,-1.87975
5.37714,-1.89636
5.32224,-1.88979
5.32238,-1.99203
4.27472,-0.334104
4.27063,-0.359771
4.26797,-0.391601
4.26642,-0.432005
4.26601,-0.469434
3.65659,0.0504086
3.64284,0.189191
3.64052,0.295903
3.65195,0.37178
3.67705,0.419816
3.70555,0.451538
3.74513,0.462629
3.79357,0.456127
3.84827,0.435265
4.63847,-1.60733
5.32406,-1.96908
5.29639,-1.90916
5.26679,-1.84297
5.24405,-1.75346
5.21487,-1.68682
4.68275,-1.11638
4.65117,-1.01516
4.625,-0.932016
4.60142,-0.862532
4.58282,-0.806629
4.5702,-0.763421
4.56362,-0.73157
4.56251,-0.709546
4.56598,-0.695806
4.57307,-0.688897
5.52364,-2.0235
5.4793,-2.08807
5.41133,-2.01754
5.48826,-1.76981
5.40289,-1.66284
5.31014,-1.56371
5.21701,-1.47464
5.12845,-1.39655
5.06347,-1.33839
5.01032,-1.292
5.74307,-1.69399
5.66094,-1.66619
5.57855,-1.63643
5.49121,-1.60269
5.50108,-1.72166
5.50334,-1.81026
5.49795,-1.86983
5.44291,-1.86027
5.06084,-1.34042
5.10251,-1.47425
5.14279,-1.57976
5.17823,-1.65607
5.20718,-1.70462
5.22147,-1.73573
5.23302,-1.74512
5.24113,-1.73594
4.72814,-0.145549
4.74266,-0.189136
4.75583,-0.229922
4.76936,-0.273356
4.78041,-0.310184
4.79,-0.343301
4.79847,-0.373709
5.25291,-1.51035
5.24233,-1.50398
4.85829,-0.69338
4.84951,-0.711696
4.83981,-0.731847
4.83103,-0.749998
5.3077,-1.52291
5.23339,-1.37309
5.14752,-1.23728
5.08284,-1.14028
5.01877,-1.06051
4.94939,-0.878494
4.88937,-0.73058
4.84075,-0.612364
4.80382,-0.51938
4.78476,-0.455701
4.76087,-0.383948
3.82387,-0.823639
3.85369,-0.722592
3.89116,-0.63986
3.93338,-0.573086
3.99636,-0.547857
4.05849,-0.530025
4.12678,-0.521048
4.18711,-0.515438
4.24647,-0.513203
4.30186,-0.513905
3.09511,-1.08078
3.15161,-1.05045
3.21162,-1.02477
3.2631,-1.00531
3.31009,-0.9903
6.12492,-1.49848
6.05387,-1.66727
5.97659,-1.78179
5.89651,-1.85769
5.82012,-1.90602
4.8292,-1.55854
4.79896,-1.54038
4.76746,-1.51739
4.73606,-1.49126
4.70337,-1.39392
4.67568,-1.30581
4.65337,-1.22708
4.64096,-1.16985
3.96449,-0.655078
3.99328,-0.634681
4.02338,-0.619268
4.05716,-0.609186
4.09324,-0.603894
4.13028,-0.602753
4.16712,-0.605092
4.20287,-0.610249
4.23687,-0.617608
4.28561,-0.630983
4.38145,-0.647124
6.38072,-0.957301
6.28477,-1.04474
6.18564,-1.11333
6.08907,-1.16684
5.99594,-1.20649
5.94307,-1.32382
5.88327,-1.41715
5.82417,-1.49915
5.7628,-1.55131
5.72178,-1.59635
5.65045,-1.591
5.57874,-0.821661
5.56796,-0.892508
5.55348,-0.950784
5.53658,-0.998057
5.54246,-1.1258
5.53815,-1.22744
5.52983,-1.30903
5.51763,-1.37215
5.50208,-1.41896
5.4934,-1.46147
5.00658,-0.513872
5.03547,-0.538578
5.06618,-0.565047
5.09724,-0.591945
4.98485,-1.5067
4.94541,-1.46136
4.90481,-1.41804
4.86556,-1.37811
4.82381,-1.33844
4.78884,-1.30486
4.7544,-1.28343
4.72289,-1.26324
4.72016,-1.2449
4.71731,-1.22571
4.59369,-1.40008
4.59358,-1.38024
4.59344,-1.36092
4.59319,-1.34127
4.59293,-1.32196
4.59275,-1.30349
4.59269,-1.28621
4.07335,-2.07144
4.13184,-1.9999
4.19146,-1.92706
4.24852,-1.85744
4.30186,-1.79247
4.35126,-1.73238
4.80395,-0.425784
4.77927,-0.483131
4.75107,-0.539677
4.72411,-0.589585
4.69889,-0.634061
4.67538,-0.673877
Feature: 5.
5.63299,-2.51412
5.63299,-2.51412
5.63299,-2.51412
5.63299,-2.51412
5.63299,-2.51412
5.63299,-2.51412
5.63299,-2.51412
5.0652,-2.7227
5.08114,-2.70824
5.09546,-2.69524
5.10852,-2.68339
5.13029,-2.66785
5.14874,-2.65463
5.1652,-2.64286
5.18022,-2.63221
5.2041,-2.62263
5.22406,-2.61463
5.24178,-2.60752
5.38384,-1.82163
5.39329,-1.88302
5.39983,-1.93913
5.40354,-1.99027
5.40608,-2.04021
5.40554,-2.08337
5.40282,-2.12184
5.399,-2.15648
3.32176,-2.57308
3.40376,-2.48479
3.48828,-2.41159
3.57204,-2.35042
3.65518,-2.2988
3.74764,-2.25208
3.83081,-2.21996
3.91174,-2.19453
3.98929,-2.15695
4.06934,-2.15416
4.15556,-2.14747
5.76876,-2.62643
5.69174,-2.6962
4.58297,-2.45399
4.60516,-2.45558
4.62947,-2.45745
4.65451,-2.45954
4.67507,-2.46141
4.69312,-2.46318
4.67323,-2.47205
4.65734,-2.47954
4.64367,-2.48641
4.63162,-2.49289
5.44378,-2.79684
5.38741,-2.76854
5.32555,-2.74033
5.26189,-2.7131
5.17916,-2.69263
5.13304,-2.76172
5.08839,-2.8147
5.0422,-2.85562
5.00003,-2.88488
4.97326,-2.91313
4.44922,-2.35784
4.46657,-2.43532
4.4868,-2.50538
4.50727,-2.56643
4.52626,-2.61786
4.53782,-2.61947
4.54826,-2.61976
4.55491,-2.62017
4.56142,-2.61947
4.5909,-2.60747
3.98232,-1.83677
4.02165,-1.9023
4.05482,-1.95816
4.08414,-2.00748
4.11046,-2.05177
4.13428,-2.09171
4.15911,-2.13237
4.17945,-2.16612
4.20031,-2.19999
4.22076,-2.23275
4.28524,-2.27047
3.86664,-1.89657
3.85346,-1.70404
3.86465,-1.67613
3.88238,-1.67215
3.90747,-1.68781
3.93931,-1.71873
3.97651,-1.76088
4.03091,-1.82879
5.68251,-3.27293
5.6005,-3.39283
5.51957,-3.47457
5.44173,-3.51885
5.3653,-3.53545
5.29114,-3.52863
5.25426,-3.62975
3.56347,-1.609
3.56515,-1.63787
3.5675,-1.67245
3.5703,-1.71522
3.57366,-1.75469
3.40292,-2.27321
3.45821,-2.14094
3.51594,-2.0382
3.57955,-1.96453
3.64996,-1.91746
3.71778,-1.88586
3.79147,-1.87434
3.8695,-1.88007
3.94984,-1.89996
4.28402,-3.07018
4.84537,-3.40266
4.8177,-3.34274
4.7881,-3.27655
4.77099,-3.18891
4.7418,-3.12226
4.19447,-2.57889
4.18335,-2.48434
4.17501,-2.40676
4.16697,-2.34192
4.16189,-2.28993
4.16105,-2.25001
4.1647,-2.22094
4.17249,-2.20127
4.18371,-2.18953
4.19751,-2.18433
5.58789,-2.01846
5.64421,-3.80575
5.57948,-3.87158
5.5115,-3.80105
5.3222,-3.17119
5.24856,-3.06557
5.16597,-2.96751
5.08161,-2.87932
5.00064,-2.80193
4.94222,-2.74436
4.89474,-2.69844
5.91448,-3.25113
5.83234,-3.22333
5.74996,-3.19357
5.66261,-3.15983
5.64477,-3.2816
5.62294,-3.37223
5.5966,-3.43326
5.54218,-3.42367
5.47004,-3.296
5.47109,-3.4379
5.47596,-3.54972
5.48059,-3.631
5.48272,-3.68347
5.47368,-3.71768
5.46496,-3.72954
5.45543,-3.72234
4.94333,-2.12114
4.95846,-2.16466
4.97216,-2.20539
4.98614,-2.24878
4.99759,-2.28556
5.00751,-2.31864
5.01627,-2.34902
6.05081,-3.35777
6.02905,-3.38
6.00728,-3.38956
5.98561,-3.38955
5.96365,-3.3777
6.08269,-1.91424
6.04799,-2.03856
6.0101,-2.14582
5.96792,-2.2389
5.92773,-2.31068
5.91182,-2.28944
5.87544,-2.25463
5.83993,-2.23087
5.51085,-3.18316
5.45175,-3.04304
5.41027,-2.94198
5.36631,-2.85844
5.33727,-2.66815
5.31219,-2.51231
5.29382,-2.38664
5.2831,-2.28676
5.28677,-2.21676
5.30172,-2.13347
3.44937,-2.55409
3.52249,-2.46185
3.59773,-2.38589
3.67284,-2.32432
3.75477,-2.30181
3.83336,-2.28616
3.91596,-2.27896
3.98873,-2.2748
4.05536,-2.27337
4.11705,-2.27474
5.74778,-1.93177
5.68584,-1.94694
3.61214,-2.27425
3.65108,-2.25604
3.69002,-2.24246
3.73147,-2.23394
3.77422,-2.22996
3.81704,-2.22995
3.8589,-2.23325
3.899,-2.23922
3.93678,-2.24728
3.98639,-2.26082
4.08223,-2.27696
5.46718,-2.43114
5.43903,-2.50069
5.40948,-2.55768
5.3795,-2.60373
5.35446,-2.72815
5.32338,-2.82642
5.29186,-2.90472
5.25957,-2.96472
5.22661,-3.00861
5.19266,-3.04653
3.88175,-2.18368
3.93209,-2.2059
3.96129,-2.2308
3.99227,-2.25744
4.02357,-2.28449
5.27651,-2.97625
5.24175,-2.92997
5.20522,-2.88583
5.16948,-2.84518
5.13078,-2.80487
5.09845,-2.77073
5.06071,-2.74999
5.02634,-2.7304
5.02361,-2.71206
5.02077,-2.69287
5.03754,-2.70968
5.03909,-2.68927
5.04039,-2.66946
5.04139,-2.64938
5.04221,-2.6297
5.04298,-2.6109
5.04374,-2.59334
3.89541,-3.52399
3.9539,-3.45245
4.01353,-3.37961
4.07059,-3.30999
4.12393,-3.24502
4.17333,-3.18493
Feature: 6.
12.014,-1.70502
12.0201,-1.54957
12.0312,-1.4194
12.0468,-1.31413
12.0669,-1.22252
12.0269,-1.55186
12.0907,-1.31735
12.1609,-1.09469
12.2244,-0.928189
12.2867,-0.786584
12.3386,-0.604448
12.4023,-0.515772
12.4758,-0.445925
11.9276,-1.1513
11.939,-1.04877
11.9518,-0.961888
11.9657,-0.888691
11.9799,-0.82682
11.9945,-0.775037
12.0528,-0.758514
12.1018,-0.74565
13.7442,1.17887
13.7815,0.901062
13.8035,0.664245
13.813,0.464839
13.8124,0.298781
13.9214,-0.294823
13.9001,-0.297616
13.8829,-0.299799
13.8682,-0.302063
13.8552,-0.30452
15.0476,-0.770393
14.1539,0.378098
14.1376,0.220369
14.1181,0.0904154
14.0931,-0.0173033
14.0689,-0.104486
14.0635,-0.203173
12.9178,-0.57071
12.9318,-0.582251
12.9444,-0.591267
12.9529,-0.599356
12.961,-0.605416
12.9835,-0.564558
13.0062,-0.514399
13.0421,-0.504559
13.0745,-0.495718
13.0963,-0.489793
13.2447,-0.374635
13.2288,-0.168054
13.2203,-0.00914198
13.2204,0.109583
13.229,0.195272
13.2448,0.254339
13.2942,0.209247
14.1269,-0.442519
14.0952,-0.621284
14.0572,-0.755244
14.4621,-1.39845
14.3734,-1.21645
14.2771,-1.05246
14.1806,-0.907337
14.0889,-0.780819
14.0209,-0.680844
13.9651,-0.598359
12.9511,-0.17626
12.9852,-0.428086
13.0065,-0.632366
13.0162,-0.792612
12.9608,-0.780045
12.4046,-0.0307577
12.4718,-0.317089
12.5317,-0.555404
12.5823,-0.747287
12.6229,-0.896363
12.6461,-1.01487
12.6647,-1.10022
12.6782,-1.15704
12.7289,0.0477456
12.7433,0.00663128
12.7565,-0.0320195
12.7699,-0.0736117
12.781,-0.108852
12.7905,-0.140602
12.7989,-0.169833
12.8075,-0.201011
12.8145,-0.223433
12.8222,-0.246676
12.8922,-0.393006
12.8914,-0.463944
12.8877,-0.516429
12.8817,-0.554258
12.8733,-0.575763
12.864,-0.590735
12.8561,-0.526055
13.3148,-0.597077
13.3052,-0.599844
13.2962,-0.600178
13.3824,-0.19109
13.3736,-0.209405
13.3639,-0.229557
13.3551,-0.247708
13.2425,-0.0955137
13.2255,-0.291066
13.2024,-0.459944
13.1724,-0.606264
13.1425,-0.723998
13.1082,-0.822684
13.0766,-0.839239
13.1988,-0.397886
13.1529,-0.326785
13.1091,-0.271876
13.523,-0.490664
13.5025,-0.621504
13.4774,-0.723346
13.4471,-0.797886
13.4815,-0.785206
11.567,-1.52735
11.5652,-1.30528
12.1721,-0.618478
12.2351,-0.504223
12.2964,-0.409104
12.3635,-0.333035
12.4223,-0.269187
12.4805,-0.232922
12.5349,-0.204116
12.5929,-0.184144
12.6563,-0.189442
12.7174,-0.196518
12.6906,-1.29161
12.7035,-1.07815
12.7188,-0.908686
12.7383,-0.775967
13.8016,0.832695
13.8117,0.377484
13.7963,0.0119758
13.7634,-0.283393
13.7229,-0.523289
13.678,-0.716061
13.6009,-0.636312
12.0177,-1.75981
11.9864,-1.62172
11.9597,-1.49819
11.9382,-1.38868
11.9263,-1.30471
13.5372,0.88524
13.521,0.630552
13.4911,0.417393
13.4591,0.219147
13.4174,0.0774978
13.4026,-0.0963572
13.3313,-0.0910092
13.4348,1.21569
13.4819,0.935326
13.5109,0.700587
13.5298,0.503024
13.5398,0.338921
13.5425,0.204234
13.5586,0.0335034
Feature: 7.
12.2288,-2.82089
12.3201,-2.5817
12.4166,-2.35398
12.5003,-2.18323
12.5799,-2.03768
12.6534,-1.85029
12.7298,-1.75831
12.8128,-1.68594
14.6089,-1.54625
14.5885,-1.54859
14.572,-1.55037
14.5579,-1.55229
14.5454,-1.55445
14.9622,-0.736464
14.9349,-0.902109
14.9058,-1.03883
14.8724,-1.15233
14.8409,-1.24448
14.8266,-1.34912
13.3585,-1.87856
13.3709,-1.89062
13.3821,-1.9001
13.3894,-1.90858
13.3965,-1.91499
13.4235,-1.87263
13.4516,-1.82063
13.4875,-1.81079
13.5199,-1.80195
13.5418,-1.79602
14.0151,-0.850762
14.0365,-1.14967
14.7921,-3.15284
14.718,-2.96802
14.6344,-2.80148
14.5488,-2.6541
14.4665,-2.52556
14.4067,-2.42381
14.3579,-2.33975
13.4562,-2.02025
13.4184,-1.94785
13.3815,-1.89179
13.626,-2.0937
13.589,-2.22552
13.5495,-2.32807
13.5065,-2.40313
13.5386,-2.39053
12.547,-2.03296
12.6253,-1.91457
12.6999,-1.81573
12.7784,-1.73633
12.8471,-1.66951
12.9111,-1.63148
12.9705,-1.60112
13.0329,-1.57979
13.0962,-1.58509
13.1574,-1.59216
13.1966,-2.33444
13.2311,-2.11019
13.265,-1.931
13.3006,-1.78956
14.4586,-0.197953
14.4301,-0.676831
14.3804,-1.06171
14.3171,-1.373
14.25,-1.62603
14.1817,-1.82968
14.118,-1.74381
Feature: 8.
20.9177,0.506476
20.8617,0.522204
20.7518,0.152559
20.7869,-0.0617622
20.8147,-0.230408
20.8357,-0.359627
20.9765,0.397054
20.9874,0.363442
20.9969,0.333094
21.0053,0.305071
21.0138,0.27493
21.0208,0.252417
21.0285,0.228874
21.0365,0.205414
21.0319,0.181971
21.0273,0.160116
21.0424,-0.0198761
21.044,-0.148768
21.0421,-0.252189
21.0375,-0.334808
21.0301,-0.395725
21.0215,-0.445401
21.0128,-0.345701
21.0058,-0.262356
21.0036,-0.241008
21.0018,-0.220428
22.0946,3.32502
21.5952,1.71154
21.5957,1.4329
21.587,1.19218
21.5691,0.983799
21.5492,0.812508
21.5231,0.66765
21.4915,0.651094
20.0731,-0.427993
20.1081,-0.425055
20.1424,-0.415519
20.2139,-0.384192
Feature: 9.
21.4729,-0.744967
21.4174,-0.729016
21.1748,-1.31352
21.1925,-1.53272
21.2053,-1.70544
21.2132,-1.83807
20.9716,-1.16384
20.9829,-1.19745
20.9926,-1.2278
21.0012,-1.25582
21.0099,-1.28596
21.0169,-1.30848
21.0246,-1.33202
21.0325,-1.35548
21.0279,-1.37892
21.0233,-1.40078
20.8981,-1.56649
20.8887,-1.69432
20.8771,-1.79674
20.864,-1.87843
20.8492,-1.93849
20.834,-1.98738
20.8319,-1.88847
20.8306,-1.80579
20.8285,-1.78444
20.8267,-1.76386
22.3511,0.97611
19.9966,-1.90659
20.0294,-1.90354
20.0619,-1.8939
20.1334,-1.86258
