PILLARS.
Pillar: 1.
-3.55152,-2.69737
-3.55152,-2.69737
-3.55152,-2.69737
-3.55152,-2.69737
-3.55152,-2.69737
-3.55152,-2.69737
-3.55152,-2.69737
-3.55152,-2.69737
-3.55152,-2.69737
-3.55152,-2.69737
-3.55152,-2.69737
-3.69922,-2.65138
-3.69922,-2.65138
-3.69922,-2.65138
-3.69922,-2.65138
-3.69922,-2.65138
-3.69922,-2.65138
-3.59599,-2.66523
-3.59777,-2.66508
-3.5992,-2.66496
-3.60037,-2.66487
-3.53768,-2.60501
-3.53988,-2.60669
-3.54169,-2.60807
-3.54318,-2.60921
-3.54444,-2.61018
-3.5455,-2.611
-3.54641,-2.6117
-3.54719,-2.61231
-3.54787,-2.61284
-3.54847,-2.6133
-3.54335,-2.62146
-3.54335,-2.62146
-3.48066,-2.624
-3.48216,-2.62389
-3.48349,-2.6238
-3.48466,-2.62372
-3.4857,-2.62364
-3.48664,-2.62358
-3.48748,-2.62352
-3.48824,-2.62347
-3.3785,-2.66458
-3.3785,-2.66458
-3.85991,-2.69156
-3.85258,-2.6909
-3.84606,-2.69032
-3.84024,-2.6898
-3.83501,-2.68933
-3.8303,-2.68891
-3.82603,-2.68852
-3.82216,-2.68818
-3.99958,-2.54165
-3.99958,-2.54165
-4.29144,-2.63748
-4.28711,-2.63715
-4.28313,-2.63684
-4.27946,-2.63656
-4.27609,-2.6363
-4.27296,-2.63606
-4.27007,-2.63583
-4.26738,-2.63563
-3.69968,-2.49565
-3.23063,-2.79607
-3.22246,-2.79386
-3.21457,-2.79184
-3.20695,-2.79
-3.19957,-2.78832
-3.19241,-2.78679
-3.18547,-2.78539
-3.17874,-2.78411
-3.60369,-2.76589
-3.77466,-2.02149
-3.24252,-2.77396
-3.2443,-2.77296
-3.24594,-2.77202
-3.24745,-2.77114
-3.24885,-2.77032
-3.25014,-2.76955
-3.25134,-2.76883
-3.30626,-2.60425
-3.30698,-2.60362
-3.30766,-2.60303
-3.51033,-2.87017
-3.51025,-2.87009
-3.10524,-2.94969
-3.10759,-2.94894
-3.17887,-2.75801
-3.18777,-2.75811
-3.19551,-2.75817
-3.20232,-2.75818
-3.20835,-2.75816
-3.42425,-2.87133
-3.42392,-2.87179
-3.42359,-2.87223
-2.86991,-2.79569
-2.86799,-2.7964
-2.86612,-2.79709
-2.86429,-2.79777
-2.8625,-2.79844
-3.51364,-2.52361
-3.5136,-2.5235
-3.22533,-2.5951
-3.22464,-2.5953
-3.22396,-2.5955
-2.89293,-2.67257
-2.89241,-2.67298
-2.8919,-2.67337
-2.8914,-2.67377
-2.89092,-2.67415
-3.19928,-2.29671
-3.19899,-2.29579
-3.19871,-2.29488
-3.19842,-2.29399
-3.15921,-2.07776
-3.15912,-2.07662
-3.15905,-2.07551
-3.15897,-2.07441
-2.9841,-2.4389
-2.98318,-2.43872
-2.98227,-2.43853
-2.98138,-2.43835
-2.98051,-2.43817
-2.97964,-2.438
Pillar: 2.
-3.46108,-0.961637
-3.46108,-0.961637
-3.46108,-0.961637
-3.46108,-0.961637
-3.46108,-0.961637
-3.46108,-0.961637
-3.46108,-0.961637
-3.46108,-0.961637
-3.46108,-0.961637
-3.46108,-0.961637
-3.46108,-0.961637
-3.31339,-1.00763
-3.31339,-1.00763
-3.31339,-1.00763
-3.31339,-1.00763
-3.31339,-1.00763
-3.31339,-1.00763
-3.21336,-1.02073
-3.21517,-1.02058
-3.21663,-1.02045
-3.21783,-1.02035
-3.22682,-0.947041
-3.22962,-0.94861
-3.23192,-0.949896
-3.23384,-0.950964
-3.23546,-0.951862
-3.23684,-0.952623
-3.23802,-0.953275
-3.23904,-0.953838
-3.23993,-0.954328
-3.24071,-0.954756
-3.36843,-1.0096
-3.36843,-1.0096
-3.2371,-1.02108
-3.2386,-1.02097
-3.23993,-1.02088
-3.2411,-1.0208
-3.24215,-1.02072
-3.24308,-1.02066
-3.24392,-1.0206
-3.24468,-1.02054
-3.49707,-0.969101
-3.49707,-0.969101
-3.75551,-0.995153
-3.74811,-0.994499
-3.74153,-0.993919
-3.73565,-0.9934
-3.73037,-0.992935
-3.72561,-0.992517
-3.7213,-0.992138
-3.71739,-0.991794
-2.98546,-1.09976
-2.98546,-1.09976
-3.37446,-1.13195
-3.37031,-1.13151
-3.3665,-1.13109
-3.363,-1.13071
-3.35978,-1.13036
-3.35679,-1.13004
-3.35403,-1.12973
-3.35147,-1.12945
-3.37132,-1.16225
-3.12098,-1.42722
-3.11263,-1.42502
-3.10458,-1.42302
-3.09681,-1.42119
-3.08931,-1.41952
-3.08205,-1.418
-3.07502,-1.4166
-3.06821,-1.41533
-3.83149,-1.01748
-3.61422,-0.265624
-3.51154,-1.03143
-3.51282,-1.03034
-3.51398,-1.02933
-3.51505,-1.02839
-3.51603,-1.0275
-3.51694,-1.02668
-3.51778,-1.0259
-3.08914,-1.25384
-3.0897,-1.25324
-3.09023,-1.25267
-3.63118,-0.800143
-3.6306,-0.800026
-3.45939,-0.906602
-3.46129,-0.905773
-3.28946,-0.590578
-3.02351,-1.22972
-3.02384,-1.2291
-3.02417,-1.22851
-3.02449,-1.22793
-3.25384,-1.01667
-3.24898,-1.01762
-3.24457,-1.01849
-3.24057,-1.0193
-3.35083,-1.10398
-3.35085,-1.10407
-3.25349,-1.22667
-3.35506,-1.19341
-3.35508,-1.19367
-3.3551,-1.19393
-3.02318,-1.5296
-3.02142,-1.53111
-3.01967,-1.53258
-3.01794,-1.53403
-3.01623,-1.53545
-3.19062,-1.33318
-3.19063,-1.33369
-3.19064,-1.33419
-3.19064,-1.33468
-3.26049,-1.24273
-3.2604,-1.24263
-3.1492,-1.29167
-3.1486,-1.29186
-3.14802,-1.29205
-2.88869,-1.36692
-2.8882,-1.36733
-2.88772,-1.36772
-2.88725,-1.36812
-2.88679,-1.3685
-3.03182,-1.07966
-3.03143,-1.07961
-3.03105,-1.07955
-3.03067,-1.0795
-3.0303,-1.07944
-3.02994,-1.07939
-3.02958,-1.07934
-3.02923,-1.07929
-3.50705,-1.02614
-3.50709,-1.02596
-3.50713,-1.02578
-3.50716,-1.02561
-3.50719,-1.02544
-3.04246,-1.08359
-3.04222,-1.08354
-3.04198,-1.08349
-3.04174,-1.08344
-3.04151,-1.08339
-3.04128,-1.08335
-3.2248,-1.20779
-3.2239,-1.2076
-3.22302,-1.20742
-3.22214,-1.20725
-3.22129,-1.20707
-3.22044,-1.2069
Pillar: 3.
-1.40708,-0.381917
-1.40708,-0.381917
-1.40708,-0.381917
-1.40708,-0.381917
-1.40708,-0.381917
-1.40708,-0.381917
-1.40708,-0.381917
-1.40708,-0.381917
-1.40708,-0.381917
-1.40708,-0.381917
-1.40708,-0.381917
-1.61738,-0.49393
-1.62034,-0.494924
-1.62277,-0.495727
-1.62481,-0.496383
-1.62653,-0.496928
-1.62799,-0.497385
-1.62925,-0.497771
-1.63033,-0.498102
-1.63128,-0.498386
-1.63212,-0.498633
-1.67435,-1.25568
-1.67573,-1.26259
-1.67696,-1.26878
-1.67806,-1.27435
-1.67906,-1.27937
-1.67997,-1.28393
-1.68079,-1.28806
-1.68154,-1.29184
-1.68223,-1.29528
-0.884492,-0.176564
-0.875971,-0.174666
-0.867775,-0.172926
-0.859882,-0.171327
-0.852268,-0.169858
-0.844914,-0.168504
-0.837804,-0.167255
-0.83092,-0.166102
-0.960677,-0.517558
-0.703594,-0.406213
-0.653344,-0.46384
-0.654448,-0.463591
-0.655457,-0.463357
-0.656382,-0.463136
-0.657232,-0.462929
-0.658015,-0.462732
-0.658739,-0.462547
-0.621778,-0.642741
-0.70002,-0.548274
-0.6738,-0.295881
-0.674247,-0.295563
-0.674677,-0.29526
-1.02873,-0.589522
-1.0281,-0.590036
-0.897454,-0.403045
-0.899235,-0.402784
-0.663905,-0.416026
-0.732392,-0.345799
-0.741195,-0.346
-0.748853,-0.346146
-0.755572,-0.346249
-0.761509,-0.346318
-0.608514,-0.281855
-0.608758,-0.281475
-0.608994,-0.281111
-0.609222,-0.280761
-0.762953,-0.291324
-0.758411,-0.291186
-0.754297,-0.291057
-0.75056,-0.290934
-0.711164,-0.270848
-0.547323,-0.640543
-0.548068,-0.640052
-0.548771,-0.639585
-0.910353,-0.680491
-0.669253,-0.436101
-0.667887,-0.436358
-0.66663,-0.436597
-0.665465,-0.43682
-0.0883479,-0.695187
-0.0886304,-0.694791
-0.0888954,-0.69441
-0.0891456,-0.694044
-0.0636633,-0.774545
-0.0642739,-0.774423
-0.0648516,-0.774308
-0.0653974,-0.774199
-0.0473301,-0.732495
-0.0476279,-0.732145
-0.0479119,-0.731808
-0.0481831,-0.731482
-0.0484419,-0.731167
-0.0486887,-0.730864
-0.0489255,-0.730569
-0.0491519,-0.730286
-0.0493691,-0.730011
-0.936969,-0.555059
-0.976511,-0.194139
-0.975661,-0.194572
-0.974858,-0.194984
-0.974095,-0.195377
-0.973371,-0.195752
-0.0598008,-0.702101
-0.0598012,-0.701932
-0.0933154,-0.734105
-0.0931584,-0.734008
-0.0930068,-0.733915
0.139072,-0.509995
0.136225,-0.510527
-0.458952,-0.703897
-0.462032,-0.703818
-0.465076,-0.703744
-0.468081,-0.703674
-0.47105,-0.703608
-0.448208,-0.547605
-0.447955,-0.547608
-0.447708,-0.547611
-0.447466,-0.547613
-0.44723,-0.547616
-0.447,-0.547618
-0.446774,-0.54762
-0.446554,-0.547622
-0.446338,-0.547624
-0.305134,-0.669714
-0.305104,-0.66967
-0.305075,-0.669627
-0.305047,-0.669585
-0.305019,-0.669544
-0.304992,-0.669504
-0.304964,-0.669464
-0.304938,-0.669426
-0.30491,-0.669389
-0.765057,-1.24538
-0.780736,-0.496763
-0.780644,-0.496763
-0.780554,-0.496761
-0.780466,-0.49676
-0.78038,-0.496759
-0.780296,-0.496758
-0.780214,-0.496757
-0.780132,-0.496757
-0.744092,-0.491803
-0.744105,-0.491902
-0.747474,-0.28339
-0.853677,-0.237928
-0.853739,-0.238079
-0.853801,-0.238226
-0.629716,-0.329099
-0.628254,-0.330006
-0.626804,-0.330896
-0.625365,-0.331768
-0.623937,-0.332623
-0.740497,-0.540805
-0.740491,-0.540813
-0.740487,-0.540822
-0.697766,-0.430589
-0.698124,-0.430463
-0.698467,-0.43034
-0.698794,-0.43022
-0.828293,-0.217446
-0.828382,-0.217794
-0.828465,-0.218135
-0.828544,-0.21847
-0.890121,-0.332545
-0.889787,-0.333003
-0.889462,-0.333449
-0.45008,-0.14773
-0.448765,-0.147894
-0.447479,-0.148054
-0.446219,-0.148211
-0.444986,-0.148364
0.126172,-0.733649
0.124655,-0.73357
0.123185,-0.733496
0.121768,-0.733429
0.120398,-0.733368
-0.791969,-0.525944
-0.791842,-0.525957
-0.801463,-0.244985
-0.800946,-0.245005
-0.80044,-0.245026
-0.602148,-0.192556
-0.601684,-0.192908
-0.601233,-0.193254
-0.60079,-0.193593
-0.60036,-0.193926
-0.0031684,-0.760862
-0.00277227,-0.760867
-0.00238264,-0.760873
-0.00200012,-0.760878
-0.00162378,-0.760883
-0.0012545,-0.760888
-0.000890732,-0.760894
-0.00053367,-0.760899
0.0900914,-0.721908
-0.888083,-0.992541
-0.887619,-0.991917
-0.887164,-0.991307
-0.886719,-0.990709
-0.746847,-0.971852
-0.746702,-0.97085
-0.746563,-0.969868
-0.746426,-0.968906
-0.643793,-0.454537
-1.00284,-0.503228
-1.00296,-0.503248
-1.00308,-0.503268
-0.991223,-0.222523
-0.991198,-0.222488
-0.991176,-0.222452
-0.991153,-0.222417
-0.991131,-0.222382
-0.440633,-0.626118
-0.702112,-0.67961
-0.702258,-0.679684
-0.702403,-0.679758
-0.702548,-0.67983
0.0948295,-0.727567
0.0947977,-0.727476
0.0947675,-0.727387
0.0947402,-0.727299
0.0947132,-0.727213
0.0372257,-0.632879
0.037431,-0.632851
-0.850614,-0.473695
-0.850369,-0.473642
-0.850128,-0.47359
-0.849892,-0.473538
-0.849659,-0.473487
-0.84943,-0.473437
-0.764218,-0.443937
Pillar: 4.
4.9259,-1.09327
4.9259,-1.09327
4.9259,-1.09327
4.9259,-1.09327
4.9259,-1.09327
4.9259,-1.09327
4.9259,-1.09327
4.71595,-1.0591
4.71595,-1.0591
4.71595,-1.0591
4.81606,-1.05651
4.81425,-1.0562
4.81279,-1.05594
4.8116,-1.05572
4.88873,-1.06576
4.88873,-1.06576
4.88873,-1.06576
4.88873,-1.06576
5.59756,-1.02016
5.60496,-1.01989
5.61154,-1.01965
5.61742,-1.01944
5.62269,-1.01926
5.62746,-1.0191
5.63176,-1.01896
5.63568,-1.01883
5.77269,-0.928631
5.77682,-0.927039
5.7806,-0.925566
5.78408,-0.924202
5.78728,-0.922934
5.79025,-0.921756
5.79299,-0.920656
5.79554,-0.91963
5.41783,-0.206347
5.41645,-0.213261
5.41522,-0.219453
5.41412,-0.225021
5.41312,-0.230046
5.41221,-0.234598
5.41139,-0.238736
5.41064,-0.242507
5.40995,-0.245955
4.74349,-0.76099
4.7423,-0.762324
4.74121,-0.763561
4.74021,-0.764708
4.73928,-0.765776
4.73843,-0.766771
4.73765,-0.767701
4.78262,-0.724072
4.69774,-0.828076
4.89325,-0.790949
4.90311,-0.789849
4.02696,-0.956537
4.02644,-0.956761
4.02594,-0.956976
4.86656,-0.921209
4.85773,-0.921626
4.85005,-0.921985
4.84331,-0.922296
4.83735,-0.922568
5.1984,-0.785524
5.19658,-0.786763
5.19494,-0.787883
4.22009,-0.899165
4.21979,-0.899265
4.21949,-0.899362
4.21921,-0.899457
3.98994,-1.34323
3.99494,-1.34102
3.99948,-1.33898
4.00361,-1.33708
4.04142,-1.32415
5.33515,-0.946203
5.33309,-0.945849
5.33114,-0.945514
5.3293,-0.945198
5.32757,-0.944899
4.9297,-1.03443
4.93384,-1.03312
4.93762,-1.0319
4.94108,-1.03077
4.94426,-1.02971
4.89023,-0.826609
4.88947,-0.826709
4.88875,-0.826807
4.52803,-0.840679
4.73609,-1.05569
4.73757,-1.05495
4.73894,-1.05425
4.7402,-1.05359
4.87467,-0.986208
4.87691,-0.985613
4.52677,-0.636466
4.5265,-0.637079
4.52625,-0.637671
4.52601,-0.63824
4.54668,-0.556443
4.54609,-0.556774
4.54553,-0.557092
4.545,-0.557398
4.82362,-0.731451
4.86738,-0.73695
4.60755,-0.756542
4.60725,-0.756707
4.60696,-0.756867
4.60669,-0.757022
4.60643,-0.757174
4.60618,-0.757321
4.60594,-0.757464
4.60571,-0.757604
4.60549,-0.757739
5.01479,-0.852546
5.0146,-0.852575
5.04492,-0.919049
4.91539,-1.29002
4.91647,-1.28922
4.91749,-1.28847
4.91846,-1.28774
4.91938,-1.28704
4.89867,-1.03344
4.89977,-1.03303
4.5563,-0.784273
4.5563,-0.78439
4.52346,-0.758358
4.52361,-0.758383
4.52377,-0.758409
4.73285,-0.970895
4.73012,-0.970184
4.96962,-1.66452
5.06279,-0.904159
4.33139,-1.04663
4.32828,-1.04688
4.32522,-1.04713
4.32219,-1.04737
4.3192,-1.04761
4.50423,-0.526187
4.50448,-0.526625
4.50473,-0.527053
4.50497,-0.52747
4.50521,-0.527877
4.50544,-0.528275
4.50567,-0.528662
4.50589,-0.529041
4.50611,-0.52941
4.33899,-1.08724
5.04384,-0.98312
5.04364,-0.983006
5.04345,-0.982895
5.04326,-0.982787
5.04307,-0.98268
4.7219,-0.877379
4.72193,-0.877377
4.72195,-0.877374
4.72198,-0.877372
4.72201,-0.87737
4.72203,-0.877367
4.72206,-0.877365
4.72208,-0.877364
4.72211,-0.877361
4.96837,-0.943674
4.70276,-0.826141
4.70285,-0.826191
4.70293,-0.826241
4.70302,-0.826289
4.7031,-0.826336
4.70318,-0.826382
4.70326,-0.826427
4.70334,-0.826472
4.70117,-0.798625
4.70127,-0.798682
4.58732,-1.02628
4.58899,-1.0259
4.59059,-1.02554
4.59213,-1.02519
4.5936,-1.02485
4.59502,-1.02452
4.59638,-1.0242
4.67855,-0.913741
4.67865,-0.91372
4.67875,-0.913699
5.06478,-0.865882
5.06317,-0.866129
5.06161,-0.866367
5.0601,-0.866598
5.05864,-0.86682
5.05722,-0.867036
5.05585,-0.867246
5.05073,-0.636594
5.04915,-0.636965
5.04762,-0.637327
5.04614,-0.63768
5.0447,-0.638023
5.0433,-0.638358
5.04194,-0.638684
5.04063,-0.639002
4.82027,-0.666222
4.81976,-0.666407
4.81927,-0.666589
4.8188,-0.666766
4.81833,-0.666939
4.74365,-0.679867
4.74702,-0.679376
4.66198,-0.8621
4.66247,-0.862106
4.66294,-0.862111
4.6634,-0.862116
4.74938,-0.950216
4.64636,-0.877948
4.64632,-0.87786
4.64629,-0.877774
4.90674,-0.416667
4.90822,-0.416201
4.9097,-0.415736
4.91115,-0.415272
4.9126,-0.414809
5.00315,-0.71933
5.0019,-0.71955
4.85422,-0.782027
4.85423,-0.782049
4.85423,-0.782071
4.88305,-0.89271
4.88269,-0.892594
4.88235,-0.892481
4.88202,-0.892371
4.90172,-0.808396
4.90139,-0.808342
4.90108,-0.80829
3.85239,-1.11543
3.85392,-1.11463
3.85542,-1.11384
3.85689,-1.11307
3.85833,-1.11231
4.75205,-0.568177
4.75054,-0.568211
4.74907,-0.568246
4.74766,-0.568285
4.74629,-0.568326
4.43252,-1.01197
4.43309,-1.01161
4.43365,-1.01125
4.66612,-0.670193
4.6666,-0.670419
4.66706,-0.670641
4.66751,-0.670859
4.66795,-0.671073
4.46885,-0.738524
4.46925,-0.73862
4.46964,-0.738714
4.47002,-0.738807
4.4704,-0.738899
4.47077,-0.738989
4.47113,-0.739079
4.47149,-0.739167
4.56209,-0.74861
4.95231,-0.852579
4.95225,-0.852576
4.7193,-0.756836
4.7198,-0.75695
4.72028,-0.757062
4.72076,-0.757174
4.86057,-1.20687
4.8607,-1.20618
4.86082,-1.20551
4.86095,-1.20486
4.94425,-0.97612
5.02201,-1.3659
5.0217,-1.36516
5.07976,-0.889006
5.07965,-0.888976
5.07953,-0.888945
5.03018,-1.1657
5.03023,-1.1655
5.03028,-1.1653
5.03033,-1.16511
5.03037,-1.16492
4.94665,-0.941073
4.94672,-0.941023
5.33519,-0.757822
5.33504,-0.757845
5.3349,-0.757867
5.33475,-0.757889
4.3448,-0.888268
4.34477,-0.888285
4.34474,-0.888301
4.3447,-0.888318
4.34467,-0.888333
4.28219,-0.894421
4.28239,-0.894434
4.63455,-0.944848
4.63461,-0.944816
4.63468,-0.944785
4.51851,-1.06431
4.51875,-1.06425
4.51899,-1.06419
4.51923,-1.06413
4.51946,-1.06408
4.51969,-1.06402
4.60097,-1.06927
4.87265,-0.95317
4.87263,-0.95314
4.8726,-0.95311
4.87258,-0.95308
4.87255,-0.953051
4.26499,-0.970526
4.26589,-0.970217
4.26677,-0.969913
4.26764,-0.969615
4.26849,-0.969323
4.26933,-0.969036
Pillar: 5.
5.57127,-2.4366
5.57127,-2.4366
5.57128,-2.4366
5.57128,-2.4366
5.57127,-2.4366
5.57128,-2.4366
5.57128,-2.4366
5.20098,-2.44099
5.20098,-2.44099
5.20098,-2.44099
5.30378,-2.43746
5.302,-2.43713
5.30057,-2.43686
5.29939,-2.43664
5.37494,-2.44723
5.37494,-2.44723
5.37494,-2.44723
5.37494,-2.44723
5.21195,-2.42577
5.21044,-2.42565
5.20912,-2.42555
5.20795,-2.42546
5.2069,-2.42538
5.20597,-2.42531
5.20513,-2.42525
5.20437,-2.42519
4.91828,-2.53971
4.91656,-2.5411
4.91499,-2.54238
4.91354,-2.54358
4.9122,-2.54468
4.91095,-2.54572
4.9098,-2.54668
5.02832,-2.49439
4.87825,-2.60623
5.0542,-2.57098
5.06392,-2.56989
4.52112,-2.47044
4.51888,-2.47138
4.83754,-2.40869
4.83548,-2.40834
4.83354,-2.408
4.8317,-2.40768
4.82996,-2.40739
4.43388,-2.49752
4.43804,-2.49622
4.44184,-2.49501
4.44532,-2.49388
4.44851,-2.49283
4.64017,-2.38896
4.63924,-2.38903
4.63836,-2.38911
4.28541,-2.4042
4.3621,-2.5931
4.36386,-2.59242
4.36549,-2.59178
4.36701,-2.59119
4.47594,-2.51738
4.4782,-2.51679
4.46262,-2.54063
4.46194,-2.54123
4.46128,-2.54181
4.46066,-2.54237
4.54834,-2.46169
4.54756,-2.46202
4.54682,-2.46234
4.54613,-2.46265
4.88548,-2.63569
4.94656,-2.64055
4.33779,-2.38661
4.33731,-2.38674
4.33685,-2.38687
4.33641,-2.387
4.33598,-2.38713
4.33558,-2.38725
4.33519,-2.38736
4.33481,-2.38748
4.33444,-2.38759
4.75009,-2.48344
4.74989,-2.48347
4.78109,-2.40132
4.47152,-2.72867
4.47289,-2.72797
4.4742,-2.72729
4.47545,-2.72665
4.47663,-2.72603
4.38012,-2.44689
4.38124,-2.44648
4.35524,-2.40598
4.35513,-2.40608
4.34275,-2.38245
4.34287,-2.38248
4.34298,-2.3825
4.39931,-2.57061
4.39702,-2.56999
4.73532,-3.28176
4.69328,-2.49595
3.65642,-2.34659
3.65323,-2.34679
3.65007,-2.34699
3.64696,-2.34719
3.64388,-2.34739
4.74001,-2.84212
4.74006,-2.84258
4.74011,-2.84303
4.74016,-2.84347
4.74021,-2.84389
4.74026,-2.84431
4.7403,-2.84471
4.74035,-2.84511
4.74039,-2.8455
3.90744,-2.5271
4.52883,-2.40209
4.52863,-2.40197
4.52844,-2.40186
4.52825,-2.40175
4.52806,-2.40165
4.37113,-2.3767
4.37114,-2.37669
4.37116,-2.37669
4.37117,-2.37668
4.37119,-2.37668
4.3712,-2.37667
4.37122,-2.37667
4.37123,-2.37666
4.37125,-2.37666
4.57043,-2.43117
4.7003,-1.79949
4.86629,-2.60014
4.86636,-2.6002
4.86643,-2.60025
4.8665,-2.6003
4.86657,-2.60034
4.86664,-2.60039
4.8667,-2.60044
4.86677,-2.60048
4.84113,-2.57464
4.84124,-2.5747
4.48058,-2.41815
4.48198,-2.41776
4.48332,-2.41737
4.48462,-2.41701
4.48586,-2.41665
4.48707,-2.41631
4.48823,-2.41597
4.84398,-2.46169
4.84408,-2.46167
4.84418,-2.46165
4.9976,-2.4212
4.99599,-2.42144
4.99442,-2.42168
4.99291,-2.42191
4.99144,-2.42214
4.99002,-2.42235
4.98865,-2.42256
5.11083,-2.61964
5.10926,-2.62001
5.10773,-2.62037
5.10624,-2.62072
5.1048,-2.62107
5.1034,-2.6214
5.10205,-2.62173
5.10073,-2.62205
5.00386,-2.63087
5.00333,-2.63105
5.00282,-2.63124
5.00232,-2.63142
5.00183,-2.63159
4.93373,-2.64389
4.93701,-2.64341
5.58925,-2.60081
5.58279,-2.59888
5.57681,-2.59707
5.57126,-2.59538
5.56609,-2.59379
5.17922,-2.18014
5.17991,-2.18171
5.18053,-2.18323
5.18108,-2.18469
5.18158,-2.1861
5.59743,-2.418
5.59267,-2.4177
5.58811,-2.4174
5.09572,-2.64652
5.09576,-2.64641
5.0958,-2.64631
5.53047,-2.13152
5.53238,-2.1309
5.53427,-2.13028
5.53614,-2.12967
5.53799,-2.12906
5.77655,-2.37209
5.77525,-2.37234
4.79861,-2.55166
4.79861,-2.55169
4.79861,-2.55171
4.75755,-2.65877
4.75719,-2.65865
4.75684,-2.65854
4.75651,-2.65843
4.75137,-2.57251
4.75099,-2.57245
4.75062,-2.5724
5.08206,-2.44511
5.08147,-2.44514
4.18241,-2.37065
4.18277,-2.37074
4.18313,-2.37083
4.18348,-2.37092
4.18383,-2.371
4.18417,-2.37109
4.1845,-2.37117
4.18483,-2.37125
4.25776,-2.3775
4.64287,-2.4805
4.64281,-2.4805
4.8301,-2.48228
4.83,-2.48225
4.8299,-2.48222
4.63515,-2.72928
4.63524,-2.72909
4.63533,-2.72891
4.63542,-2.72873
4.63551,-2.72855
4.47692,-2.48386
4.477,-2.48382
4.52495,-2.39127
4.26475,-2.44119
4.26462,-2.44122
4.26448,-2.44125
4.26436,-2.44128
4.68155,-2.33986
4.68147,-2.33989
4.68141,-2.33991
4.68134,-2.33994
4.68127,-2.33996
4.58438,-2.3536
4.58457,-2.35362
4.94615,-2.40205
4.94621,-2.40201
4.94628,-2.40198
4.98945,-2.35895
4.9897,-2.35889
4.98994,-2.35883
4.99018,-2.35877
4.99041,-2.35871
4.99065,-2.35866
5.06353,-2.36693
4.70838,-2.39475
4.70835,-2.39472
4.70833,-2.39469
4.7083,-2.39466
4.70828,-2.39463
Pillar: 6.
12.3283,-0.829976
12.3358,-0.829675
12.3431,-0.829325
12.3502,-0.828935
12.357,-0.828511
13.0576,-0.455407
13.0568,-0.458441
13.056,-0.461273
13.0553,-0.463922
13.0805,-0.0759706
13.0138,-0.485229
13.2126,-0.539527
13.2225,-0.539086
12.1962,-0.621637
12.1874,-0.622338
12.1797,-0.622975
12.173,-0.623559
12.167,-0.624097
12.5331,-0.664104
12.5313,-0.665344
12.5297,-0.666463
13.229,-0.362596
13.2336,-0.356358
13.2377,-0.350595
13.2415,-0.345257
13.2808,-0.346234
13.5287,-0.377336
13.5328,-0.375864
13.5366,-0.374513
13.5401,-0.373268
13.5432,-0.372119
13.9399,-0.457904
13.4299,-0.296922
13.4313,-0.294564
13.4325,-0.292352
13.4336,-0.290275
13.5796,-0.367639
13.5818,-0.366981
12.8572,-0.575774
12.8566,-0.576923
12.8561,-0.578022
12.8555,-0.579074
13.1306,-0.488182
13.1718,-0.41815
13.1669,-0.423137
13.1654,-0.423753
13.1641,-0.424315
13.1628,-0.42483
13.4801,-0.155063
13.4809,-0.152493
13.4817,-0.150031
13.4825,-0.147671
13.4832,-0.145407
13.511,-0.34821
13.5121,-0.347749
13.1426,-0.473815
13.1428,-0.474069
13.1429,-0.474314
13.4292,-0.150785
13.431,-0.152146
13.4328,-0.153413
13.4345,-0.154594
13.4361,-0.155696
13.4376,-0.156728
13.4391,-0.157694
12.5682,-0.512823
12.5666,-0.513094
12.5651,-0.513356
12.5635,-0.51361
12.5621,-0.513855
12.5607,-0.514092
12.5593,-0.514322
12.4383,-0.548521
12.4367,-0.548899
12.4352,-0.549266
12.4337,-0.549623
12.4322,-0.549969
12.4308,-0.550305
12.4295,-0.550632
12.4282,-0.55095
12.7415,-0.515841
12.741,-0.516125
12.7405,-0.516403
12.7401,-0.516674
12.7396,-0.516937
12.6644,-0.503299
12.6677,-0.503205
12.7082,-0.458648
12.714,-0.457389
12.7191,-0.456338
12.5577,-0.0899018
12.5524,-0.0914072
12.5476,-0.0928014
12.5431,-0.0940959
12.539,-0.0953014
12.7716,-0.440993
12.7734,-0.440467
11.9712,-0.420321
13.1118,-0.433862
13.1123,-0.433867
13.1127,-0.433872
13.1132,-0.433877
12.4109,-0.990115
12.4112,-0.988868
12.4113,-0.987703
12.4115,-0.986612
12.4116,-0.985592
12.6386,-0.984128
12.6413,-0.979046
12.7648,-0.312285
12.7607,-0.314318
12.7568,-0.316259
12.7018,-0.34704
12.6938,-0.349495
12.6861,-0.351861
13.7323,-0.324887
13.7273,-0.32599
11.7808,-0.708999
11.7795,-0.709437
13.0051,-0.358478
13.0048,-0.358378
13.0044,-0.358279
13.0041,-0.358182
13.0305,-0.388564
13.0302,-0.38875
13.0299,-0.388929
13.0396,-0.402121
13.0389,-0.402397
13.0382,-0.402662
12.8973,-0.651654
12.8972,-0.651043
12.8971,-0.650455
12.8971,-0.649888
12.6832,-0.544834
12.6817,-0.545062
12.6803,-0.545285
12.6788,-0.545505
12.6775,-0.545719
12.7937,-0.591778
12.793,-0.591529
11.8726,-0.708318
11.8731,-0.70837
11.8735,-0.708422
11.874,-0.708474
11.8744,-0.708526
12.5386,-0.259061
12.5388,-0.258815
12.539,-0.258571
12.5392,-0.258331
12.6607,-0.422363
12.6284,0.0461878
12.6281,0.0469323
13.0756,-0.219009
13.0756,-0.218592
13.0757,-0.218181
13.0757,-0.217777
13.0757,-0.217379
13.0283,-0.38217
13.0284,-0.382064
Pillar: 7.
13.4641,-1.66833
13.463,-1.67146
13.4619,-1.67438
13.461,-1.67711
13.5361,-1.27131
13.4252,-1.6965
13.6107,-1.75524
13.6205,-1.75483
14.2172,-1.62506
14.2213,-1.62357
14.2251,-1.62221
14.2286,-1.62095
14.2318,-1.6198
14.1466,-1.47035
14.1481,-1.46786
14.1496,-1.46552
14.1509,-1.46333
14.2773,-1.55246
14.2795,-1.5518
13.2814,-1.88568
13.2807,-1.88687
13.28,-1.88801
13.2794,-1.8891
13.596,-1.78403
13.649,-1.70971
13.6075,-1.72761
13.6061,-1.72822
13.6047,-1.72878
13.6035,-1.7293
13.3403,-1.50302
13.3377,-1.49998
13.5935,-1.6651
13.656,-1.63017
13.842,-1.88722
13.8435,-1.88866
13.845,-1.89001
13.8463,-1.89126
13.8477,-1.89243
13.849,-1.89352
13.8502,-1.89455
13.0624,-1.92725
13.0578,-1.92938
13.0534,-1.93141
12.6612,-1.95287
12.6526,-1.95531
12.6442,-1.95766
13.7451,-1.93118
13.7406,-1.93228
13.4921,-1.73106
13.4918,-1.73097
13.4914,-1.73087
13.4911,-1.73077
13.4981,-1.76787
13.4978,-1.76807
13.4974,-1.76826
13.4769,-1.79134
13.4762,-1.79161
13.4755,-1.79188
13.5584,-1.60013
13.5585,-1.59947
13.5585,-1.59884
13.5585,-1.59823
13.0272,-1.71314
13.0256,-1.71338
13.0241,-1.71361
13.0227,-1.71384
13.0213,-1.71406
13.398,-1.64916
13.3974,-1.64888
Pillar: 8.
20.4061,-0.022216
20.4046,-0.0224843
20.4032,-0.0227435
20.4018,-0.0229955
20.5125,-0.485179
20.5111,-0.485517
20.5097,-0.485845
20.5084,-0.486163
20.8734,-0.216706
20.8729,-0.217063
20.7966,-0.176148
20.8,-0.176462
20.8421,-0.176644
20.848,-0.177003
20.8532,-0.177321
20.7387,-0.180036
20.7387,-0.180036
20.7387,-0.180036
20.6248,-0.324931
20.6195,-0.33042
20.6146,-0.335519
20.61,-0.340268
20.6057,-0.344705
20.839,-0.214124
20.8408,-0.214249
20.7795,-0.220388
20.7795,-0.220388
20.7795,-0.220388
21.4472,0.149115
20.8032,0.00861128
20.803,0.0131317
20.8028,0.0174075
20.8026,0.0214571
20.8024,0.0252975
20.9861,0.337402
20.9888,0.342484
20.2971,-0.18392
20.292,-0.183164
20.7345,-0.21567
20.7344,-0.215516
Pillar: 9.
20.8497,-1.33111
20.8483,-1.33138
20.8469,-1.33164
20.8455,-1.3319
20.7917,-1.9519
20.7903,-1.95223
20.789,-1.95256
20.7877,-1.95288
20.8585,-1.76708
20.858,-1.76744
20.787,-1.72656
20.7903,-1.72688
20.8238,-1.72698
20.8294,-1.72734
20.8343,-1.72765
20.7196,-1.73037
20.7196,-1.73037
20.7196,-1.73037
20.3836,-1.84802
20.3775,-1.85339
20.3719,-1.85837
20.3667,-1.86302
20.3618,-1.86736
20.6854,-1.74851
20.687,-1.74863
20.59,-1.75076
20.59,-1.75076
20.59,-1.75076
20.8877,-2.13188
20.1863,-1.65314
20.1817,-1.65241
20.6421,-1.68616
20.642,-1.686
FEATURES.
Feature: 1.
-3.55152,-2.69737
-3.55152,-2.69737
-3.55152,-2.69737
-3.55152,-2.69737
-3.55152,-2.69737
-3.55152,-2.69737
-3.55152,-2.69737
-3.55152,-2.69737
-3.55152,-2.69737
-3.54026,-2.71214
-3.53988,-2.70983
-3.91942,-2.88268
-3.90426,-2.86666
-3.88884,-2.85037
-3.87237,-2.83298
-3.85816,-2.81797
-3.84538,-2.8045
-3.83373,-2.79221
-3.81293,-2.7811
-3.79552,-2.77179
-3.78007,-2.76349
-4.00189,-2.75027
-3.98765,-2.77095
-3.97361,-2.78416
-3.95957,-2.79248
-3.94494,-2.79689
-3.93139,-2.79299
-3.91571,-2.79178
-3.90609,-2.78098
-3.89014,-2.77904
-3.87351,-2.77289
-3.34734,-2.28036
-3.35939,-2.30521
-3.37165,-2.33014
-3.36441,-2.34026
-3.35941,-2.35177
-3.35672,-2.36414
-3.35475,-2.38032
-3.35556,-2.39415
-3.35833,-2.40712
-3.36203,-2.41961
-3.32604,-2.9537
-3.33047,-2.93394
-3.33492,-2.91379
-3.32447,-2.86009
-3.32172,-2.81646
-3.31959,-2.78159
-3.32477,-2.75252
-3.33437,-2.72813
-3.34733,-2.70854
-3.36181,-2.69358
-3.85278,-2.53049
-3.86292,-2.53077
-3.87325,-2.5311
-3.93463,-2.55825
-3.98761,-2.58163
-4.03301,-2.60141
-4.07907,-2.61726
-4.11339,-2.63084
-4.13967,-2.64417
-4.16251,-2.65312
-3.71708,-1.66711
-3.71604,-1.72423
-3.72731,-1.80719
-3.73328,-1.88534
-3.7321,-1.95901
-3.72337,-2.02818
-3.70766,-2.09275
-3.68606,-2.15264
-3.65985,-2.20792
-4.67421,-0.49411
-4.68436,-0.686233
-4.60447,-0.776742
-4.58514,-0.948088
-4.54733,-1.09996
-4.49977,-1.23416
-4.44492,-1.35218
-4.38056,-1.45887
-4.31552,-1.55337
-0.76909,-4.47722
-0.962976,-4.43604
-1.14767,-4.37895
-1.59465,-3.92972
-1.72112,-3.91956
-1.85447,-3.89782
-1.94916,-3.85186
-3.52037,-2.45522
-3.50725,-2.473
-3.49441,-2.48863
-3.4807,-2.50378
-3.46706,-2.51799
-3.85926,-2.26143
-3.81381,-2.29294
-3.76555,-2.32835
-3.71717,-2.36625
-3.65366,-2.37547
-3.58748,-2.38425
-3.53048,-2.39484
-3.47857,-2.40605
-2.79354,-3.21775
-2.82071,-3.20706
-2.84953,-3.19547
-2.8829,-3.1577
-2.91682,-3.1177
-2.95013,-3.07681
-2.97262,-3.02208
-2.99123,-2.97091
-3.00553,-2.92423
-3.01114,-2.89482
-1.43967,-3.14154
-1.56107,-3.13018
-1.68111,-3.11269
-1.79496,-3.09125
-1.9024,-3.06569
-1.98754,-3.03953
-2.07319,-3.00787
-2.15078,-2.97209
-2.5019,-2.19807
-2.53355,-2.20845
-2.55578,-2.2356
-2.58731,-2.24727
-2.61625,-2.25828
-2.64275,-2.26878
Feature: 2.
-3.46108,-0.961637
-3.46108,-0.961637
-3.46108,-0.961637
-3.46108,-0.961637
-3.46108,-0.961637
-3.46108,-0.961637
-3.46108,-0.961637
-3.46108,-0.961637
-3.46108,-0.961637
-3.45705,-0.976046
-3.45572,-0.973788
-3.53358,-1.23893
-3.51843,-1.22291
-3.50301,-1.20662
-3.48654,-1.18923
-3.47232,-1.17422
-3.45955,-1.16075
-3.44789,-1.14846
-3.42752,-1.13725
-3.41047,-1.12786
-3.39536,-1.11948
-3.54657,-1.12602
-3.5512,-1.14154
-3.55365,-1.15042
-3.55404,-1.1551
-3.55201,-1.15643
-3.54868,-1.15012
-3.54272,-1.14668
-3.53793,-1.13479
-3.52987,-1.1311
-3.52011,-1.12347
-3.17242,-0.668508
-3.18447,-0.693354
-3.19673,-0.718282
-3.18042,-0.729411
-3.16756,-0.741846
-3.15804,-0.755035
-3.15015,-0.77196
-3.14582,-0.786455
-3.14412,-0.800018
-3.14395,-0.813028
-3.44461,-1.25823
-3.44904,-1.23846
-3.45349,-1.21832
-3.41369,-1.16282
-3.38543,-1.11804
-3.36113,-1.08248
-3.34705,-1.05305
-3.33992,-1.02852
-3.33834,-1.00894
-3.3402,-0.994097
-2.83866,-1.0886
-2.8488,-1.08889
-2.85914,-1.08921
-2.93307,-1.10761
-2.99704,-1.12347
-3.05205,-1.13676
-3.1065,-1.14703
-3.14815,-1.15578
-3.18156,-1.16447
-3.20991,-1.16988
-3.38872,-0.333718
-3.38768,-0.39083
-3.4274,-0.467107
-3.45816,-0.539944
-3.47856,-0.609384
-3.4886,-0.675167
-3.48921,-0.737001
-3.48178,-0.79469
-3.4679,-0.848168
-4.44313,1.25386
-4.51352,1.06865
-4.435,0.978271
-4.47344,0.811547
-4.48581,0.662141
-4.48181,0.528929
-4.46473,0.410881
-4.43258,0.303538
-4.39596,0.207974
-0.945017,-3.12083
-1.08724,-3.07395
-1.22691,-3.0135
-2.33056,-1.99115
-2.37867,-1.95302
-2.43526,-1.90726
-2.50044,-1.85293
-4.68156,1.61821
-2.47891,-1.89887
-2.50197,-1.87048
-2.52662,-1.84124
-2.55138,-1.81242
-2.57667,-1.78298
-2.59402,-1.76497
-2.61545,-1.74387
-2.64082,-1.71862
-2.62699,-0.677795
-2.67765,-0.705834
-2.73347,-0.736882
-2.81626,-0.711322
-2.90755,-0.688605
-2.97618,-0.691353
-3.04238,-0.697918
-3.11524,-0.693755
-3.17491,-0.700733
-3.22061,-0.717494
-3.25296,-0.742198
-3.44554,0.570585
-3.46931,0.449194
-3.48056,0.32764
-3.48006,0.207558
-2.81195,-1.91222
-2.80313,-1.90152
-2.80069,-1.89073
-2.83047,-1.85309
-2.86128,-1.81323
-2.8919,-1.77245
-2.9215,-1.71742
-2.94629,-1.66602
-2.96595,-1.61917
-2.97623,-1.58963
-3.57956,-0.559764
-3.55059,-0.58596
-3.52018,-0.610958
-3.486,-0.635933
-3.44953,-0.661019
-3.41218,-0.686171
-3.37511,-0.71124
-3.33923,-0.736025
-3.00069,-1.36451
-3.03668,-1.34558
-3.07371,-1.32504
-3.10959,-1.30478
-3.14778,-1.28196
-3.06094,-1.26135
-3.06058,-1.25158
-3.06019,-1.24091
-3.05988,-1.22865
-3.05953,-1.21565
-3.05909,-1.20258
-2.79573,-0.978541
-2.82041,-0.987266
-2.84264,-1.01442
-2.86812,-1.02468
-2.8918,-1.03449
-2.91373,-1.04398
Feature: 3.
-1.40708,-0.381917
-1.40708,-0.381917
-1.40708,-0.381917
-1.40708,-0.381917
-1.40708,-0.381917
-1.40708,-0.381917
-1.40708,-0.381917
-1.40708,-0.381917
-1.40708,-0.381917
-1.40548,-0.387775
-1.40382,-0.386643
-1.90354,-0.816061
-1.91187,-0.812552
-1.91773,-0.804871
-1.92123,-0.795138
-1.92202,-0.783929
-1.92104,-0.767484
-1.91736,-0.754425
-1.91374,-0.737751
-1.90759,-0.726298
-1.89954,-0.711903
-1.97501,-1.40494
-1.95424,-1.3947
-1.93321,-1.38479
-1.91319,-1.3758
-1.89218,-1.3668
-1.87117,-1.35825
-1.85089,-1.35043
-1.83185,-1.3435
-1.81432,-1.33753
-0.979167,0.483875
-1.03805,0.458661
-1.08631,0.429775
-1.12254,0.398191
-1.1468,0.365035
-1.16011,0.331339
-1.16398,0.297931
-1.1601,0.265417
-1.54054,0.996066
-1.60378,0.910815
-1.52514,0.822711
-1.56004,0.7517
-1.57189,0.685339
-1.56935,0.624112
-1.55498,0.56842
-1.52619,0.514226
-1.49335,0.465507
-1.45517,0.420374
-1.42763,0.367705
1.09811,-1.51547
1.01541,-1.54737
0.924979,-1.55715
0.089035,-1.00998
0.0783312,-1.0697
0.0541457,-1.11989
0.000339538,-1.10247
-2.05106,1.55114
-0.945135,-0.180981
-0.948544,-0.180179
-0.950154,-0.179785
-0.949062,-0.181114
-0.946421,-0.183387
-0.153911,-0.747783
-0.164117,-0.745727
-0.177833,-0.739489
-0.193282,-0.730754
-0.210607,-0.718854
-0.208828,-0.74444
-0.214352,-0.761345
-0.226453,-0.769161
-0.24393,-0.768451
0.222011,-0.909349
0.164089,-0.88995
0.101097,-0.869255
0.0365379,-0.848273
-0.0481612,-0.833892
-0.0758134,-0.851167
-0.104064,-0.859306
-0.135741,-0.861357
-0.287682,-0.758733
-0.254436,-0.791131
-0.219991,-0.822259
-0.186858,-0.849608
-0.156628,-0.87177
-0.142681,-0.868144
-0.130108,-0.863894
-0.121608,-0.860289
-0.462533,-0.136852
-0.421646,-0.197154
-0.387139,-0.24827
-0.356681,-0.293325
-0.329401,-0.333796
-0.304785,-0.370286
-0.279373,-0.40789
-0.258502,-0.43884
-0.237271,-0.470198
-1.06203,1.70517
-1.21611,1.69459
-1.26918,1.62568
-1.30585,1.54443
-1.32691,1.45385
-1.33432,1.35715
0.978007,-2.26088
0.91984,-2.27447
0.861668,-2.26438
0.803413,-2.23648
0.745035,-2.1907
0.687346,-2.12995
0.682071,-2.12872
-0.550207,0.579518
-0.567959,0.526603
-0.581485,0.468368
-0.591749,0.401389
-0.598399,0.338841
-1.1655,1.36199
-1.22041,1.35314
-1.25469,1.32901
-1.2678,1.28897
-1.26133,1.23442
-1.24677,1.17676
-1.21753,1.10873
-1.17658,1.03226
-1.12716,0.949607
-0.323832,-0.239083
-0.367825,-0.207283
-0.4038,-0.185225
-0.435118,-0.169523
-0.459745,-0.161087
-0.47697,-0.159836
-0.487022,-0.165094
-0.490702,-0.175896
-0.489084,-0.191185
0.0834521,-1.40178
0.0186539,-1.40505
-0.0881497,-1.31951
-0.19339,-1.23468
-0.292479,-1.15305
-0.364277,-1.09256
-0.423003,-1.04174
-0.481357,-0.989641
-0.526746,-0.946465
-0.0202441,-0.0656219
-0.0709021,-0.0936602
-0.126726,-0.124709
-0.220325,-0.054811
-0.322067,0.00790787
-0.400264,0.0397713
-0.475161,0.0631648
-0.56644,0.126893
-0.643241,0.171354
-0.704696,0.199045
-0.751382,0.212785
-1.67265,0.511543
-1.67359,0.478594
-1.66028,0.444854
-1.63717,0.410394
-1.58594,0.378131
-1.53353,0.346132
-1.47343,0.312319
-0.936921,1.30015
-0.976447,1.2309
-1.00226,1.15437
-1.01508,1.07318
-1.32513,0.277354
-1.27968,0.245846
-1.23142,0.210434
-1.18304,0.172538
-1.13432,0.17799
-1.08112,0.181957
-1.03551,0.182449
-0.993612,0.180888
1.6429,-2.84514
1.52595,-2.84694
1.41407,-2.81539
1.30785,-2.76378
1.2117,-2.70099
-0.546131,-0.698355
-0.504706,-0.75058
-0.475379,-0.795143
-0.50214,-0.763922
-0.530362,-0.729612
-0.558755,-0.693643
-0.594269,-0.625912
-0.624254,-0.563506
-0.648473,-0.507113
-0.66274,-0.469288
-0.539636,-0.377481
-0.511804,-0.38566
-0.482461,-0.395029
-0.449272,-0.406448
-0.413719,-0.419775
-0.377193,-0.434728
-0.34087,-0.450952
-0.30566,-0.468068
-0.272212,-0.485709
0.739913,-1.62762
0.636966,-1.64318
0.532706,-1.64929
0.432373,-1.64851
0.336541,-1.64103
0.276731,-1.65548
0.212476,-1.65945
0.153023,-1.6549
0.0906099,-1.64172
-0.571005,-0.863876
-0.581817,-0.867711
-0.59578,-0.867635
-0.613585,-0.862869
-0.605465,-0.870499
-0.605754,-0.86798
-0.609258,-0.859024
-0.616249,-0.84349
-1.13491,-0.314283
-1.08517,-0.337258
-1.0563,-0.363551
-1.0256,-0.391462
-0.994561,-0.419641
0.608652,-1.17664
0.571875,-1.14311
0.534115,-1.10991
0.497565,-1.07867
0.458763,-1.04632
0.426407,-1.01918
0.39572,-0.9884
-0.861931,-0.677782
-0.862493,-0.664532
-0.862917,-0.650853
-0.86331,-0.635972
-0.863579,-0.620699
-0.863673,-0.60566
-0.863579,-0.591298
Feature: 4.
4.9259,-1.09327
4.9259,-1.09327
4.9259,-1.09327
4.9259,-1.09327
4.9259,-1.09327
4.93041,-1.07274
4.93169,-1.07509
4.5428,-1.2407
4.55702,-1.22569
4.56979,-1.21222
4.58145,-1.19993
4.60183,-1.18665
4.61889,-1.17544
4.63401,-1.16547
4.64773,-1.15641
4.66964,-1.14807
4.68797,-1.1411
4.70423,-1.13492
5.82237,-0.0187215
5.88153,-0.12387
5.92436,-0.218864
5.95959,-0.304878
5.98189,-0.381149
5.99518,-0.448494
6.00138,-0.508771
6.00298,-0.563313
6.28155,-1.48856
6.21075,-1.42759
6.14893,-1.37436
6.09538,-1.32752
6.04186,-1.28544
6.00079,-1.24862
5.96772,-1.21317
5.93949,-1.1846
5.11717,-0.355607
5.13794,-0.345368
5.15897,-0.335461
5.17899,-0.326467
5.2,-0.31747
5.22101,-0.308917
5.24129,-0.301099
5.26033,-0.294175
5.27786,-0.288204
3.63131,-0.797523
3.64687,-0.698196
3.67422,-0.615591
3.7073,-0.546811
3.74554,-0.489222
3.79277,-0.446373
3.84042,-0.409186
3.89029,-0.379693
3.93108,-0.338191
3.98691,-0.331977
4.05507,-0.32254
5.79263,-0.811848
5.73327,-1.02263
5.6576,-1.18841
4.61377,-1.06296
4.6166,-1.02189
4.62017,-0.986529
4.62557,-0.957501
4.63182,-0.933426
4.6416,-0.900623
4.68947,-0.881503
4.72983,-0.866274
4.70981,-0.949553
4.69702,-1.00241
4.68055,-1.04388
4.66232,-1.0766
4.6423,-1.10074
4.63625,-1.21532
4.62264,-1.30909
4.60256,-1.38328
4.57745,-1.43986
5.10384,-0.901024
5.11996,-0.903036
5.13757,-0.90533
5.15564,-0.907803
5.17044,-0.90994
5.18338,-0.911899
5.16048,-0.923561
5.1418,-0.933053
5.12554,-0.941343
5.11207,-0.943177
5.65803,-1.13603
5.60033,-1.11128
5.53752,-1.08602
5.47311,-1.06114
5.38868,-1.03982
5.35868,-1.11173
5.32796,-1.16714
5.29381,-1.2101
5.26204,-1.24112
5.24738,-1.27169
4.30965,-0.349635
4.34676,-0.428113
4.3842,-0.49941
4.41965,-0.561783
4.45169,-0.61449
4.46592,-0.616026
4.47874,-0.616317
4.48745,-0.616712
4.49582,-0.616062
4.51778,-0.604219
4.19229,-0.103516
4.23322,-0.171379
4.26776,-0.229128
4.29824,-0.280008
4.32553,-0.325599
4.35015,-0.366596
4.37557,-0.408173
4.39644,-0.442629
4.41766,-0.477088
4.43838,-0.510291
4.50074,-0.548295
4.52423,-0.4649
4.45404,-0.245723
4.43721,-0.205329
4.43034,-0.190979
4.43389,-0.198013
4.4469,-0.22174
4.46768,-0.25788
4.5177,-0.324794
5.53869,-1.54301
5.49578,-1.6613
5.4489,-1.74242
5.39824,-1.78624
5.34555,-1.80284
5.29211,-1.79632
5.29323,-1.89973
5.28918,-1.96524
5.28025,-2.00788
4.20925,-0.0626422
4.19664,-0.0762196
4.18731,-0.10031
4.18049,-0.137663
4.17667,-0.174512
3.65318,0.218581
3.63166,0.360947
3.62252,0.468836
3.62831,0.543887
3.64898,0.589552
3.6742,0.619057
3.71144,0.626802
3.75839,0.616167
3.81229,0.59068
4.63686,-1.52496
5.30731,-1.88798
5.27952,-1.82819
5.24974,-1.76217
5.21983,-1.69343
5.19121,-1.62482
4.64805,-1.01017
4.61495,-0.904529
4.58754,-0.818242
4.56299,-0.746695
4.54373,-0.689719
4.53078,-0.646289
4.52415,-0.614904
4.52323,-0.593876
4.52707,-0.581521
4.53466,-0.576264
5.48401,-1.95916
5.38013,-1.84405
5.27729,-1.73354
5.18019,-1.62962
5.11004,-1.54977
5.05269,-1.48215
4.99549,-1.41546
4.95107,-1.35962
4.91414,-1.31112
4.88703,-1.27577
5.34311,-1.50235
5.27757,-1.4589
5.20644,-1.41636
5.13424,-1.37574
5.06438,-1.33765
5.01183,-1.30792
4.96776,-1.2828
5.55335,-1.32935
5.48649,-1.31788
5.4192,-1.30492
5.34759,-1.28947
5.381,-1.43979
5.40421,-1.55893
5.41679,-1.64716
5.41964,-1.70671
5.41436,-1.74099
5.40274,-1.75395
4.81672,-0.79401
4.87815,-0.932866
4.93769,-1.05093
4.99145,-1.14565
5.0374,-1.21679
5.06561,-1.26639
5.09021,-1.29792
5.1103,-1.31311
4.61483,0.0714906
4.63156,0.0267201
4.64745,-0.0164602
4.66441,-0.0640347
4.67881,-0.104927
4.69173,-0.142387
4.69621,-0.174793
4.79098,-0.658174
4.78248,-0.672517
4.77312,-0.688306
4.76467,-0.702537
5.2382,-1.49495
5.16718,-1.33342
5.08453,-1.18737
5.02188,-1.08289
4.95969,-0.996254
4.89161,-0.805701
4.83257,-0.650536
4.78474,-0.526277
4.74853,-0.428336
4.72967,-0.361469
4.70372,-0.286109
3.77818,-0.772026
3.80739,-0.669429
3.84414,-0.584911
3.88553,-0.516309
3.94664,-0.487653
4.00709,-0.466676
4.07375,-0.454435
4.13274,-0.446049
4.19108,-0.44132
4.24566,-0.43979
3.07262,-0.983769
3.12799,-0.953585
3.18687,-0.927986
3.23735,-0.908566
3.28345,-0.893555
6.04172,-1.40413
5.97507,-1.56965
5.90193,-1.6817
5.82559,-1.75573
5.75253,-1.80267
4.77351,-1.45242
4.74491,-1.43568
4.71507,-1.41388
4.68526,-1.38872
4.65346,-1.2924
4.62657,-1.20513
4.60494,-1.12713
4.59286,-1.07052
3.92887,-0.556268
3.95768,-0.537956
3.98775,-0.524332
4.02147,-0.515797
4.05741,-0.511809
4.09422,-0.51174
4.13075,-0.514931
4.16611,-0.520742
4.19966,-0.528578
4.24748,-0.542203
4.34224,-0.558772
6.30092,-0.870288
6.20686,-0.954307
6.10965,-1.02004
6.01494,-1.07117
5.92359,-1.10889
5.87247,-1.22417
5.81428,-1.31585
5.75899,-1.38755
5.69934,-1.44066
5.66034,-1.48706
5.58973,-1.48265
5.52247,-0.735352
5.51271,-0.806985
5.49905,-0.865774
5.48093,-0.924462
5.48675,-1.04874
5.48266,-1.14742
5.4745,-1.22625
5.46243,-1.28685
5.44703,-1.3314
5.43922,-1.37192
4.95207,-0.419823
4.98095,-0.445542
5.01166,-0.472948
5.0427,-0.500682
4.85169,-1.46773
4.81606,-1.41704
4.77923,-1.36894
4.74345,-1.32477
4.70528,-1.28122
4.67345,-1.24436
4.64251,-1.21837
4.61428,-1.19439
4.61584,-1.17447
4.61747,-1.15363
4.49972,-1.33274
4.50019,-1.31102
4.50065,-1.28998
4.50101,-1.2687
4.50139,-1.24788
4.50186,-1.22802
4.50244,-1.20947
4.00443,-1.98816
4.06357,-1.91624
4.12387,-1.84302
4.18158,-1.77304
4.23553,-1.70773
4.67674,-0.416851
4.65514,-0.46828
4.63291,-0.495429
4.60992,-0.542749
4.58825,-0.584732
4.56794,-0.622138
Feature: 5.
5.57127,-2.4366
5.57127,-2.4366
5.57127,-2.4366
5.57127,-2.4366
5.57127,-2.4366
5.58138,-2.41337
5.58192,-2.41607
5.02783,-2.62259
5.04204,-2.60758
5.05482,-2.59411
5.06647,-2.58182
5.08721,-2.56842
5.10458,-2.5571
5.11998,-2.54703
5.13394,-2.53789
5.15585,-2.52955
5.17417,-2.52258
5.19044,-2.5164
5.30458,-1.76102
5.31488,-1.81997
5.32231,-1.87389
5.32696,-1.92308
5.33049,-1.97124
5.33094,-2.01284
5.32921,-2.04993
5.32634,-2.08336
3.36159,-2.56435
3.43536,-2.47293
3.51337,-2.39563
3.59047,-2.33028
3.66694,-2.27478
3.74681,-2.23307
3.82328,-2.1964
3.89813,-2.16697
3.97037,-2.12505
4.04484,-2.11833
4.12659,-2.1084
5.67021,-2.56729
5.59438,-2.63278
4.60624,-2.36351
4.62235,-2.36552
4.63996,-2.36782
4.65804,-2.37029
4.67283,-2.37243
4.68577,-2.37439
4.66311,-2.38613
4.64464,-2.39569
4.62856,-2.40404
4.61685,-2.40647
5.3963,-2.69647
5.34014,-2.67198
5.27864,-2.64693
5.21535,-2.62224
5.13292,-2.60125
5.08724,-2.67051
5.04296,-2.7235
4.9971,-2.76427
4.9552,-2.79332
4.92836,-2.82143
4.39031,-2.25318
4.40835,-2.33237
4.42917,-2.40413
4.45014,-2.46679
4.46954,-2.51965
4.48164,-2.52121
4.49258,-2.52152
4.49964,-2.52192
4.50655,-2.52128
4.53525,-2.50939
3.94265,-1.73678
3.98093,-1.80424
4.01314,-1.86163
4.04158,-1.91219
4.06707,-1.95749
4.09012,-1.99824
4.11414,-2.03959
4.13378,-2.07385
4.15392,-2.10814
4.17367,-2.14118
4.23603,-2.17919
3.82113,-1.79621
3.80585,-1.60461
3.81524,-1.57642
3.83137,-1.57227
3.85506,-1.58787
3.88569,-1.6188
3.92187,-1.66103
3.97547,-1.72933
5.62129,-3.17504
5.54095,-3.2948
5.46156,-3.37649
5.38537,-3.42031
5.31051,-3.43658
5.23782,-3.42954
5.20187,-3.5313
5.16573,-3.59469
5.14215,-3.63615
3.45417,-1.31776
3.45195,-1.33753
3.45168,-1.36693
3.45273,-1.40882
3.45577,-1.44957
3.33792,-2.08788
3.38867,-1.95424
3.44244,-1.8521
3.50293,-1.78064
3.57114,-1.73705
3.63762,-1.70856
3.71068,-1.7011
3.7887,-1.71154
3.86955,-1.73652
4.25586,-2.97902
4.7923,-3.30694
4.76452,-3.24715
4.73474,-3.18114
4.70482,-3.1124
4.6762,-3.04379
4.13107,-2.46059
4.11954,-2.36246
4.11095,-2.28243
4.10279,-2.21612
4.09782,-2.16354
4.0973,-2.12382
4.1015,-2.09556
4.10998,-2.07719
4.12201,-2.06709
4.13671,-2.06376
5.54881,-1.95589
5.57461,-3.73838
5.48035,-3.62276
5.38586,-3.51176
5.296,-3.40738
5.23214,-3.3271
5.18025,-3.2591
5.12778,-3.19206
5.08747,-3.13591
5.0541,-3.08714
5.02699,-3.05178
5.20621,-2.89159
5.14465,-2.84852
5.07693,-2.80631
5.00765,-2.76596
4.94031,-2.72809
4.88991,-2.69855
4.84768,-2.6736
5.71878,-2.8773
5.65192,-2.86583
5.58463,-2.85287
5.51302,-2.83742
5.51588,-2.9907
5.51252,-3.11193
5.502,-3.20159
5.48478,-3.26211
5.46207,-3.29702
5.43532,-3.31037
5.14664,-2.75034
5.17277,-2.89482
5.20157,-3.01726
5.22859,-3.11538
5.25129,-3.18918
5.25929,-3.24087
5.26632,-3.27404
5.27115,-3.29053
4.77894,-1.89488
4.79823,-1.93943
4.81635,-1.98242
4.83525,-2.02983
4.85131,-2.07058
4.86569,-2.10791
4.8723,-2.14013
5.92629,-3.28005
5.90626,-3.30157
5.88639,-3.3104
5.86668,-3.30965
5.84688,-3.29706
5.99185,-1.8532
5.95631,-1.97712
5.91775,-2.08365
5.87504,-2.17559
5.83459,-2.2462
5.80809,-2.21195
5.77225,-2.17192
5.7373,-2.14383
5.4067,-3.1424
5.35196,-2.99243
5.31349,-2.8842
5.27227,-2.79405
5.24595,-2.59573
5.22309,-2.43302
5.20659,-2.30161
5.19753,-2.197
5.20222,-2.12398
5.21695,-2.03721
3.3925,-2.50002
3.46467,-2.40645
3.5389,-2.32891
3.61294,-2.26571
3.69335,-2.23995
3.77057,-2.22132
3.85181,-2.21098
3.92348,-2.20415
3.98957,-2.20033
4.05088,-2.19955
5.68315,-1.82743
5.61952,-1.84211
3.56932,-2.17386
3.60773,-2.15765
3.64613,-2.14581
3.68709,-2.13878
3.72932,-2.13608
3.77159,-2.1371
3.81286,-2.14122
3.85233,-2.14783
3.88945,-2.15635
3.93805,-2.17013
4.03281,-2.1867
5.40805,-2.344
5.3804,-2.41426
5.35123,-2.4717
5.3164,-2.52876
5.29155,-2.64959
5.26088,-2.74481
5.2297,-2.82028
5.1977,-2.87769
5.16502,-2.91927
5.13219,-2.95513
3.83068,-2.07944
3.88042,-2.10241
3.90946,-2.12824
3.9403,-2.15573
3.97147,-2.18354
5.14372,-2.92898
5.11399,-2.87709
5.08229,-2.82794
5.05095,-2.78284
5.01663,-2.73847
4.98813,-2.7009
4.95554,-2.67526
4.92588,-2.65159
4.92744,-2.63167
4.92908,-2.61083
4.95511,-2.63294
4.95763,-2.61049
4.95987,-2.58882
4.96178,-2.567
4.96351,-2.5457
4.96514,-2.52543
4.96673,-2.50652
3.84016,-3.42974
3.8993,-3.35781
3.95959,-3.28459
4.0173,-3.21461
4.07125,-3.14931
Feature: 6.
11.9231,-1.64435
11.9259,-1.49611
11.9341,-1.37218
11.9473,-1.26866
11.9649,-1.18226
11.9651,-1.58759
12.0238,-1.3529
12.0854,-1.15862
12.1435,-0.987604
12.2006,-0.842018
12.2483,-0.654235
12.3069,-0.56122
12.3766,-0.488452
11.9488,-1.1663
11.9522,-1.07213
11.9559,-0.990703
11.9612,-0.921711
11.9672,-0.862977
11.9763,-0.779204
12.0242,-0.760083
12.0646,-0.744855
13.6558,1.15305
13.6896,0.872666
13.708,0.634898
13.7137,0.435774
13.7096,0.270885
13.7832,-0.265253
13.7602,-0.275539
13.7414,-0.283814
13.7251,-0.291029
13.7108,-0.282514
14.8882,-0.769572
13.9994,0.379177
13.9832,0.22066
13.9638,0.0901468
13.9389,-0.0178894
13.9147,-0.105281
13.9087,-0.20382
12.7621,-0.563185
12.7764,-0.574029
12.7892,-0.58251
12.798,-0.590118
12.8064,-0.595828
12.8282,-0.554591
12.8505,-0.504186
12.8876,-0.494776
12.9211,-0.486286
12.9437,-0.480573
13.0927,-0.367223
13.0767,-0.160831
13.0678,-0.00213087
13.0677,0.116347
13.0761,0.201757
13.0917,0.260525
13.1403,0.215606
13.9739,-0.440456
13.9425,-0.617609
13.9049,-0.750226
14.2019,-0.818769
14.1343,-0.750006
14.0614,-0.685732
13.9877,-0.626454
13.9164,-0.572363
13.8627,-0.528942
13.8176,-0.492119
12.7146,0.178201
12.7755,-0.117649
12.8202,-0.363574
12.8498,-0.562164
12.866,-0.717722
12.8713,-0.835503
12.8682,-0.921061
12.1233,0.300483
12.2032,0.0297726
12.2769,-0.203029
12.3415,-0.397536
12.3958,-0.555422
12.4304,-0.680416
12.4599,-0.777453
12.4838,-0.849554
12.5372,0.143343
12.5538,0.108921
12.5696,0.074713
12.5865,0.0349151
12.6008,0.000762641
12.6136,-0.0308581
12.618,-0.0546931
12.6232,-0.083304
12.633,-0.112873
12.6435,-0.143806
12.7484,-0.395216
12.7488,-0.46555
12.7466,-0.517317
12.7421,-0.554363
12.7356,-0.575039
12.7278,-0.589197
12.7202,-0.526418
13.1568,-0.605848
13.2408,-0.229935
13.2323,-0.244278
13.2229,-0.260067
13.2145,-0.274298
13.1101,-0.108302
13.0919,-0.304808
13.0678,-0.474137
13.0371,-0.620357
13.0067,-0.737838
12.972,-0.835866
12.938,-0.850555
13.0562,-0.403441
13.0104,-0.324054
12.9667,-0.262151
13.3791,-0.495001
13.3587,-0.619737
13.3343,-0.716292
13.3049,-0.786227
13.3413,-0.784284
11.4047,-1.53617
11.4042,-1.30594
12.0239,-0.662428
12.0861,-0.544075
12.1467,-0.445217
12.2129,-0.365361
12.271,-0.298276
12.3287,-0.25768
12.3825,-0.225045
12.4401,-0.201493
12.5032,-0.204415
12.5642,-0.209141
12.5488,-1.29137
12.5603,-1.07889
12.5741,-0.909877
12.5921,-0.777205
13.6558,0.81636
13.666,0.367631
13.6512,0.00750172
13.6189,-0.283366
13.5793,-0.519529
13.5351,-0.709217
13.457,-0.626318
11.884,-1.7248
11.8539,-1.58924
11.8284,-1.46787
11.8078,-1.36024
11.7965,-1.27787
13.4006,0.877475
13.384,0.62705
13.3539,0.417492
13.3215,0.243043
13.2806,0.100421
13.2667,-0.0749735
13.1961,-0.0705633
13.3046,1.1769
13.3492,0.902483
13.3764,0.672889
13.3937,0.480019
13.4024,0.320145
13.404,0.189223
13.4192,0.0229274
Feature: 7.
12.17,-2.85031
12.2556,-2.61094
12.3402,-2.41221
12.4185,-2.23692
12.493,-2.08737
12.5625,-1.89425
12.6341,-1.79789
12.7132,-1.7226
14.4701,-1.51381
14.4473,-1.52398
14.4287,-1.53216
14.4125,-1.53929
14.3998,-1.52995
14.8034,-0.736231
14.776,-0.902771
14.7467,-1.04014
14.7133,-1.15404
14.6817,-1.24646
14.6667,-1.35098
13.1974,-1.86944
13.2103,-1.88077
13.2218,-1.88967
13.2294,-1.89766
13.2368,-1.9037
13.2633,-1.86093
13.2912,-1.80865
13.3282,-1.79924
13.3618,-1.79075
13.3844,-1.78504
13.8633,-0.844634
13.8838,-1.14291
13.893,-1.37761
13.889,-1.49766
14.577,-2.56375
14.5144,-2.49391
14.4458,-2.42869
14.3757,-2.3686
14.3076,-2.31381
14.2566,-2.26978
14.2138,-2.23243
13.2869,-2.02929
13.25,-1.94863
13.2139,-1.88559
13.4609,-2.09926
13.4245,-2.22474
13.3859,-2.32181
13.3442,-2.39209
13.3771,-2.39023
12.3945,-2.0709
12.4722,-1.94837
12.5462,-1.84576
12.6241,-1.76253
12.6923,-1.69245
12.756,-1.64998
12.8151,-1.6157
12.8774,-1.59071
12.9405,-1.59363
13.0015,-1.59836
13.0522,-2.33218
13.0854,-2.10898
13.1178,-1.93028
13.1517,-1.78893
14.31,-0.210867
14.2818,-0.683097
14.2329,-1.06247
14.1706,-1.36915
14.1044,-1.61835
14.0371,-1.81885
13.9727,-1.72962
Feature: 8.
20.6066,0.693734
20.6384,0.437965
20.6562,0.233019
20.6631,0.0716699
20.4466,0.136536
20.4879,-0.0709446
20.5225,-0.239652
20.5503,-0.374014
20.7216,0.282368
20.7357,0.255137
20.7483,0.229512
20.7524,0.214478
20.7574,0.193455
20.7671,0.164577
20.7776,0.134031
20.7882,0.103313
20.7857,0.0720578
20.7831,0.0428761
20.8164,-0.192746
20.8181,-0.320724
20.8166,-0.423072
20.8126,-0.504524
20.8061,-0.564212
20.7984,-0.612667
20.7908,-0.516895
20.7846,-0.436556
20.7824,-0.414935
20.7806,-0.394099
21.9032,3.08458
21.4001,1.53549
21.3983,1.25446
21.3876,1.01204
21.3679,0.802675
21.3466,0.630691
21.3195,0.485664
21.2855,0.470975
19.8664,-0.536923
19.9034,-0.549254
19.9395,-0.552451
20.0096,-0.524914
Feature: 9.
21.1762,-0.565506
21.1917,-0.828521
21.1953,-1.03959
21.1897,-1.20612
20.8389,-1.30407
20.8654,-1.5155
20.8872,-1.6875
20.9038,-1.82464
20.6967,-1.26788
20.7121,-1.29513
20.7259,-1.32077
20.7317,-1.33583
20.7381,-1.35687
20.748,-1.38575
20.7585,-1.4163
20.7692,-1.44702
20.7667,-1.47827
20.764,-1.50745
20.6581,-1.72666
20.6488,-1.85347
20.6378,-1.95473
20.6253,-2.03517
20.6115,-2.09394
20.5972,-2.14155
20.5959,-2.04659
20.595,-1.96693
20.5929,-1.94531
20.5911,-1.92447
22.1347,0.7474
19.7799,-2.00777
19.8137,-2.01991
19.8471,-2.02294
19.9172,-1.9954
