PILLAR: 1.
-3.26576,-1.04024
-3.26576,-1.04024
-3.26576,-1.04024
-3.26576,-1.04024
-3.26576,-1.04024
-3.26576,-1.04024
-3.26576,-1.04024
-3.26576,-1.04024
-3.26576,-1.04024
-3.20144,-1.03623
-3.20144,-1.03623
-3.20144,-1.03623
-3.20144,-1.03623
-3.20144,-1.03623
-3.06424,-1.05315
-3.06635,-1.05298
-3.06801,-1.05284
-3.06934,-1.05273
-2.83866,-1.10152
-3.13927,-1.05423
-3.13927,-1.05423
-3.13927,-1.05423
-3.13927,-1.05423
-3.13927,-1.05423
-3.13927,-1.05423
-3.13927,-1.05423
-3.13927,-1.05423
-3.13927,-1.05423
-3.13927,-1.05423
-3.21961,-1.07066
-3.21961,-1.07066
-3.21961,-1.07066
-2.94572,-1.06348
-2.94922,-1.06353
-2.9523,-1.06357
-2.95502,-1.06361
-2.95745,-1.06365
-2.95961,-1.06368
-2.96156,-1.0637
-2.93034,-1.10695
-2.93034,-1.10695
-3.44607,-1.04564
-3.44607,-1.04564
-3.65186,-1.03294
-3.64967,-1.03277
-3.64766,-1.0326
-3.64582,-1.03245
-3.64412,-1.03232
-3.64256,-1.03219
-3.64112,-1.03207
-3.63979,-1.03197
-3.37731,-1.01352
-3.37731,-1.01352
-3.37731,-1.01352
-3.64654,-1.01598
-3.64455,-1.01591
-3.6427,-1.01585
-3.64098,-1.01579
-3.63938,-1.01574
-3.63788,-1.01568
-3.63649,-1.01563
-2.87067,-1.14624
-2.87062,-1.14625
-3.21645,-1.23247
-3.21475,-1.23262
-3.21314,-1.23277
-3.21164,-1.2329
-3.21022,-1.23302
-3.20888,-1.23314
-3.20762,-1.23324
-3.20643,-1.23334
-3.53315,-1.77184
-3.53287,-1.77114
-3.53261,-1.77047
-3.53236,-1.76984
-3.53212,-1.76922
-3.53189,-1.76864
-3.53167,-1.76808
-3.17842,-0.630664
-3.17436,-0.626305
-3.17034,-0.622023
-3.16636,-0.617817
-3.16817,-0.612399
-3.16431,-0.608292
-3.16605,-0.603013
-3.16779,-0.597809
-3.16412,-0.593822
-3.1658,-0.588747
-3.65674,-1.02101
-3.65659,-1.02103
-3.65643,-1.02105
-3.65629,-1.02107
-3.65614,-1.02109
-3.65601,-1.02111
-3.65587,-1.02113
-3.65575,-1.02115
-3.65562,-1.02116
-3.263,-1.06743
-3.0767,-1.50325
-3.26545,-0.580879
-3.25701,-0.57458
-2.86235,-1.32268
-2.85314,-1.32266
-2.8443,-1.32267
-2.83579,-1.32271
-2.8276,-1.32276
-2.8197,-1.32283
-2.81207,-1.32292
-3.09341,-1.00957
-3.64465,-1.01876
-3.64257,-1.01806
-3.33082,-1.27196
-2.92921,-1.50626
-2.93427,-1.50701
-2.93918,-1.50779
-2.94393,-1.5086
-2.94854,-1.50943
-2.95301,-1.51027
-2.95273,-1.50652
-3.52454,-0.808849
-3.52346,-0.808821
-3.3526,-0.832956
-3.35268,-0.832914
-3.35276,-0.832878
-3.35284,-0.832845
-3.35292,-0.832816
-3.35301,-0.832789
-3.35309,-0.832766
-3.35317,-0.832747
-3.45196,-1.28272
-3.45171,-1.28143
-3.45147,-1.2802
-3.45123,-1.27901
-3.451,-1.27787
-3.45077,-1.27676
-3.45055,-1.2757
-3.45034,-1.27468
-2.89676,-1.67247
-2.89141,-1.67559
-3.75807,-0.54538
-3.75932,-0.541604
-3.76059,-0.537851
-3.76187,-0.534121
-3.76317,-0.530414
-3.76447,-0.526729
-3.6231,-0.543076
-3.63459,-0.53917
-3.3903,-1.00244
-3.39028,-1.00257
-3.39026,-1.00271
-3.39024,-1.00283
-3.39023,-1.00296
-3.35713,-1.19332
-3.35696,-1.19296
-2.96026,-1.09547
-2.96036,-1.09534
-2.96046,-1.09522
-3.19723,-0.902555
-3.4096,-1.01438
-3.40931,-1.01452
-3.17102,-0.942769
-3.17012,-0.944088
-3.16923,-0.945385
-3.16835,-0.94666
-3.16748,-0.947915
-3.16661,-0.949148
-3.16576,-0.950362
-3.16491,-0.951557
-3.32597,-0.993906
-3.32599,-0.993872
-3.41609,-1.12655
-3.6772,-1.15208
-3.6772,-1.15221
-3.6772,-1.15234
-3.29687,-1.09074
-3.29687,-1.09075
-3.29687,-1.09077
-3.02724,-1.07974
-3.02723,-1.07971
-3.02723,-1.07969
-3.09645,-1.35474
-3.09639,-1.35475
-3.09633,-1.35476
-3.09627,-1.35477
-3.67426,-1.72151
-3.97847,-0.860823
-3.97906,-0.859677
-3.97965,-0.858538
-3.2175,-1.13566
-3.37174,-1.10459
-3.86367,-1.12653
-3.86377,-1.12657
-3.86386,-1.12662
-4.14728,-1.11338
-4.14818,-1.11349
-4.14908,-1.1136
-4.14997,-1.11371
-4.15085,-1.11383
-4.15174,-1.11394
-3.09995,-1.29734
-2.83474,-1.18387
-2.83258,-1.18567
-3.83968,-1.07757
-3.98028,-1.09043
-4.00148,-1.10619
-4.00166,-1.1064
-4.00185,-1.10661
-4.00204,-1.10681
-4.00223,-1.10702
-3.5443,-0.962168
-3.71913,-1.25493
-3.77109,-1.24119
-3.77099,-1.24111
-3.77089,-1.24103
-3.77079,-1.24096
-3.77069,-1.24088
-3.77059,-1.2408
PILLAR: 2.
-3.56847,-2.69151
-3.56847,-2.69151
-3.56847,-2.69151
-3.56847,-2.69151
-3.56847,-2.69151
-3.56847,-2.69151
-3.56847,-2.69151
-3.56847,-2.69151
-3.56847,-2.69151
-3.57553,-2.68331
-3.57553,-2.68331
-3.57553,-2.68331
-3.57553,-2.68331
-3.57553,-2.68331
-3.39448,-2.70959
-3.39664,-2.7094
-3.39834,-2.70925
-3.39971,-2.70914
-3.45989,-2.6917
-3.57381,-2.68397
-3.57381,-2.68397
-3.57381,-2.68397
-3.57381,-2.68397
-3.57381,-2.68397
-3.57381,-2.68397
-3.57381,-2.68397
-3.57381,-2.68397
-3.57381,-2.68397
-3.57381,-2.68397
-3.49348,-2.66754
-3.49348,-2.66754
-3.49348,-2.66754
-3.21193,-2.66166
-3.21544,-2.66171
-3.21854,-2.66175
-3.22127,-2.66179
-3.22371,-2.66182
-3.22588,-2.66185
-3.22784,-2.66187
-3.68618,-2.62895
-3.68618,-2.62895
-3.17045,-2.69026
-3.17045,-2.69026
-3.46047,-2.68947
-3.45841,-2.68931
-3.45652,-2.68916
-3.45479,-2.68902
-3.4532,-2.6889
-3.45174,-2.68878
-3.45039,-2.68868
-3.44914,-2.68858
-3.31499,-2.72011
-3.31499,-2.72011
-3.31499,-2.72011
-3.6821,-2.72333
-3.68023,-2.72327
-3.6785,-2.7232
-3.67689,-2.72314
-3.67539,-2.72308
-3.67398,-2.72303
-3.67267,-2.72298
-3.49702,-2.53852
-3.8936,-2.58557
-3.89354,-2.58559
-4.35893,-2.57887
-4.35705,-2.57918
-4.35527,-2.57946
-4.35361,-2.57973
-4.35204,-2.57998
-4.35057,-2.58021
-4.34918,-2.58043
-4.34786,-2.58063
-4.21536,-2.21482
-4.22091,-2.20413
-4.22632,-2.19356
-2.8693,-2.48772
-4.22427,-2.18384
-2.86709,-2.47817
-2.85827,-2.47118
-4.21524,-2.17503
-2.8562,-2.46197
-2.84775,-2.4552
-3.20124,-2.68229
-3.20108,-2.68231
-3.20093,-2.68233
-3.20078,-2.68235
-3.20064,-2.68237
-3.2005,-2.68239
-3.20037,-2.68241
-3.20024,-2.68242
-3.20012,-2.68244
-3.5925,-2.6362
-3.38358,-2.57878
-3.37515,-2.57844
-3.36704,-2.57815
-3.35923,-2.57789
-3.3517,-2.57767
-3.34442,-2.57747
-3.33739,-2.57731
-3.52619,-2.7397
-3.52496,-2.73906
-3.69932,-2.60209
-2.72275,-2.92202
-3.44667,-2.88071
-3.4464,-2.88071
-3.27384,-2.90479
-3.27405,-2.90475
-3.27426,-2.90472
-3.27446,-2.90469
-3.27466,-2.90466
-3.27485,-2.90464
-3.27503,-2.90462
-3.27521,-2.90461
-3.36087,-2.62076
-3.361,-2.6209
-3.36113,-2.62103
-3.36125,-2.62116
-3.36137,-2.62129
-3.75863,-2.38808
-3.75889,-2.38756
-3.75914,-2.38705
-3.75939,-2.38655
-3.54675,-2.72331
-3.54681,-2.72345
-4.00584,-2.36697
-3.40486,-3.20372
-3.3408,-3.22519
-3.33989,-3.22904
-3.33899,-3.23286
-3.35022,-2.0527
-3.35004,-2.04923
-3.34987,-2.0458
-3.34969,-2.04239
-3.34952,-2.03901
-3.08071,-2.17467
-3.08047,-2.17366
-3.08024,-2.17266
-3.12203,-2.21772
-3.12181,-2.21701
-3.12159,-2.21631
-3.12138,-2.21562
-3.12117,-2.21494
-3.32159,-2.13538
-3.32145,-2.13436
-3.32132,-2.13336
-3.75433,-1.87508
-3.75581,-1.87369
-3.75728,-1.87233
-3.75873,-1.87098
-3.39595,-2.05756
-3.7161,-1.99994
-3.71756,-1.99865
-3.57454,-2.51347
-3.4204,-2.54447
-3.20264,-2.40664
-3.20256,-2.40659
-3.20249,-2.40655
-3.45183,-2.37512
-3.45243,-2.37506
-3.45302,-2.37501
-3.45361,-2.37495
-3.45419,-2.3749
-3.45477,-2.37485
-3.71947,-2.34319
-3.90658,-2.41619
-3.90867,-2.41429
-3.04838,-2.50631
-3.10646,-2.47026
-3.16419,-2.50848
-3.16418,-2.50857
-3.16416,-2.50866
-3.16414,-2.50874
-3.16413,-2.50883
-3.15491,-2.72952
-3.28111,-2.67674
-3.10609,-2.38408
-3.09452,-2.33346
-3.09441,-2.33338
-3.09431,-2.3333
-3.0942,-2.33322
-3.0941,-2.33314
-3.094,-2.33306
PILLAR: 3.
-1.3638,-0.387449
-1.3638,-0.387449
-1.3638,-0.387449
-1.3638,-0.387449
-1.3638,-0.387449
-1.3638,-0.387449
-1.3638,-0.387449
-1.3638,-0.387448
-1.3638,-0.387448
-1.42106,-0.399662
-1.42106,-0.399662
-1.42106,-0.399663
-1.42106,-0.399662
-1.42106,-0.399663
-1.30138,-0.369545
-1.30347,-0.369428
-1.30511,-0.369335
-1.30643,-0.369261
-1.36398,-0.354176
-1.96165,-0.49118
-1.4731,-1.24659
-1.47405,-1.25724
-1.47492,-1.26684
-1.4757,-1.27551
-1.47641,-1.28339
-1.47705,-1.29055
-1.47764,-1.2971
-1.47818,-1.30309
-1.47867,-1.3086
-0.722579,-0.517961
-0.714316,-0.514446
-0.705722,-0.514276
-0.372921,-0.761045
-0.363365,-0.76257
-0.354195,-0.764036
-0.34538,-0.765448
-0.336896,-0.766809
-0.328718,-0.768123
-0.320825,-0.769392
-0.170713,-0.478344
-0.784877,-0.619909
-0.782609,-0.620609
-0.914695,-0.503086
-0.289318,-0.338216
-0.28835,-0.336013
-0.435901,-0.296382
-0.891718,-0.691156
-0.890592,-0.692158
-0.719828,-0.71413
-0.719902,-0.714256
-0.719977,-0.714378
-0.720052,-0.714497
-0.720128,-0.714614
-0.720204,-0.714726
-0.720279,-0.714836
-0.720354,-0.714943
-0.994905,-0.39016
-0.994504,-0.389288
-0.994115,-0.388449
-0.993738,-0.387643
-0.993373,-0.386867
-0.99302,-0.386119
-0.992678,-0.385398
-0.992346,-0.384704
-0.619036,-0.536159
-0.615977,-0.534691
-0.323865,-0.640026
-0.325176,-0.638233
-0.326502,-0.636449
-0.327839,-0.634673
-0.329188,-0.632905
-0.330547,-0.631146
-0.188849,-0.636134
-0.200377,-0.633348
-0.983406,-0.727224
-0.983363,-0.727584
-0.983321,-0.727933
-0.98328,-0.728272
-0.983238,-0.728601
3.86646e-19,4.59135e-41
-0.860777,-0.49447
-0.860611,-0.494112
-0.414973,-0.603885
-0.415054,-0.603831
-0.415136,-0.60378
-0.622294,-0.602752
3.86646e-19,4.59135e-41
-0.769321,-0.6638
-0.769027,-0.663943
-0.510809,-0.811289
-0.51006,-0.809596
-0.509323,-0.807912
-0.508597,-0.806237
-0.507881,-0.804571
-0.507176,-0.802915
-0.50648,-0.801267
-0.505794,-0.799629
-0.296989,-0.651436
-0.295904,-0.652154
-0.294771,-0.651554
3.86646e-19,4.59135e-41
-1.20506,-0.728896
-1.19341,-0.72552
-1.18307,-0.722527
-1.17385,-0.719855
-1.16555,-0.717453
-1.15806,-0.715283
-1.15126,-0.713312
-1.14505,-0.711515
-1.13937,-0.709869
-0.544897,-0.766165
-0.545519,-0.765809
-0.546122,-0.765464
3.86646e-19,4.59135e-41
3.86646e-19,4.59135e-41
3.86646e-19,4.59135e-41
-0.0888632,-0.811567
-0.0895256,-0.81115
-0.0901666,-0.810745
-0.397928,-0.855527
-0.362155,-0.632588
-0.355501,-0.633875
-0.349421,-0.635066
-0.343848,-0.636171
-0.338724,-0.6372
-0.177949,-0.651405
-0.177828,-0.650709
-0.177709,-0.650023
-0.161288,-0.606896
-0.161329,-0.603316
-0.161355,-0.599769
-0.161368,-0.596253
-0.161369,-0.592768
-0.999902,-0.612019
-0.46173,-0.633647
-0.457217,-0.633601
-0.452737,-0.63355
-0.522255,-0.573604
-0.517663,-0.571496
-0.51314,-0.569399
-0.508685,-0.567313
-0.504293,-0.565239
-0.0810688,-0.796656
-0.0817425,-0.796215
-0.0823982,-0.795785
-0.155181,-0.607701
-0.221353,-0.411806
-0.219553,-0.412825
-0.217857,-0.4138
-0.216258,-0.414731
-0.21475,-0.415623
-0.1361,-0.638981
-0.135299,-0.639477
-0.134468,-0.639051
3.86646e-19,4.59135e-41
-0.420708,-0.865972
3.86646e-19,4.59135e-41
-0.793038,-0.79967
-1.08643,-0.575455
-1.09012,-0.574833
-1.0938,-0.57478
-1.09742,-0.57473
-1.10092,-0.574141
-1.10437,-0.57356
3.86646e-19,4.59135e-41
-0.383407,-0.619493
-0.383318,-0.619231
-0.383251,-0.619496
-0.383164,-0.61924
-0.383098,-0.619499
-0.383011,-0.619249
-0.382946,-0.619502
-0.38286,-0.619257
-0.382795,-0.619506
-0.272824,0.308066
0.449234,-0.827446
3.86646e-19,4.59135e-41
-1.74423,-0.501285
-1.74684,-0.500305
-1.74958,-0.500777
-1.75231,-0.501236
-1.75503,-0.501684
-1.75762,-0.500769
-1.76019,-0.499866
-1.76276,-0.498974
-0.211547,-0.0163865
3.86646e-19,4.59135e-41
3.86646e-19,4.59135e-41
3.86646e-19,4.59135e-41
3.86646e-19,4.59135e-41
-1.11033,-1.43098
-1.10339,-1.41685
-1.09688,-1.40361
-1.09077,-1.39118
-1.08502,-1.37948
-1.07961,-1.36846
-1.08057,-1.37041
-1.07546,-1.36002
-1.07063,-1.35018
3.86646e-19,4.59135e-41
3.86646e-19,4.59135e-41
-0.666248,-0.681297
-0.666266,-0.681263
-0.827685,-0.439511
-1.14873,-0.269642
-1.14877,-0.26968
-1.1488,-0.269719
-1.60295,-0.799086
-1.60314,-0.798659
-1.60333,-0.798241
-1.60352,-0.797831
-1.05377,-0.625839
-0.785867,-0.613146
-0.721199,-0.658453
-0.721342,-0.658303
-0.870368,-1.07178
-0.972667,-0.827325
-0.972223,-0.828957
-0.971781,-0.830582
-0.971343,-0.8322
-0.733644,-0.590734
-0.733644,-0.59075
-0.733644,-0.590764
-0.433586,-0.774621
-0.433579,-0.774597
-0.433573,-0.774573
-0.555387,-0.752149
-0.555314,-0.752208
-0.555241,-0.752267
-0.555171,-0.752323
-0.644596,-0.841258
-0.693236,-0.546715
-0.693299,-0.546857
3.86646e-19,4.59135e-41
-1.73487,-0.52531
3.86646e-19,4.59135e-41
-0.201195,-1.11878
-0.201319,-1.11856
-0.201442,-1.11834
-0.201563,-1.11812
-0.201683,-1.1179
-0.2018,-1.11769
-0.995741,-0.83263
-0.997386,-0.833299
-1.01142,-0.777984
-1.01184,-0.780567
-1.01226,-0.783129
-1.13657,-0.738338
-1.13599,-0.735537
-1.13542,-0.732761
-1.13486,-0.730007
-1.1343,-0.727277
-0.148743,-1.37721
-0.148401,-1.37659
-0.148066,-1.37598
-0.201275,-1.38015
-0.200999,-1.37963
-0.200728,-1.37912
-0.200462,-1.37861
-0.2002,-1.37812
-0.790321,-1.35162
-0.790078,-1.35095
-0.789839,-1.35029
-1.15528,-1.35878
-1.15667,-1.35783
-1.15806,-1.3569
-1.15943,-1.35598
-1.19719,-0.657629
-0.746751,-1.46195
-1.05794,-1.44569
-1.05933,-1.44474
3.86646e-19,4.59135e-41
-1.22537,-1.29469
-1.22499,-1.29423
-1.22462,-1.29378
-1.22425,-1.29334
-1.22389,-1.29289
-1.22353,-1.29246
-1.22317,-1.29203
-1.22283,-1.29161
-1.22248,-1.29119
-0.550898,-1.55492
-0.851281,-0.798562
-0.851844,-0.799089
-0.852403,-0.799615
3.86646e-19,4.59135e-41
3.86646e-19,4.59135e-41
3.86646e-19,4.59135e-41
-0.783877,-0.700221
-0.783864,-0.700221
-0.78385,-0.70022
-0.783837,-0.700219
-0.783824,-0.700218
-0.783811,-0.700217
-0.783798,-0.700216
-0.783785,-0.700215
-0.783773,-0.700215
-0.454698,-0.812415
-0.45484,-0.811994
-0.454981,-0.811579
-0.748065,-0.707086
-0.749065,-0.70637
-0.75006,-0.705659
-0.75105,-0.704951
-0.752035,-0.704248
-0.753015,-0.703548
-1.00199,-0.606617
3.86646e-19,4.59135e-41
-0.839382,-0.657472
-0.840504,-0.657161
-0.84162,-0.656853
-0.842733,-0.656546
-0.843806,-0.656131
-0.844875,-0.655717
-0.845939,-0.655304
PILLAR: 4.
4.87741,-1.10965
4.87741,-1.10965
4.87741,-1.10965
4.87741,-1.10965
4.87741,-1.10965
4.87741,-1.10965
4.87741,-1.10965
4.39599,-1.36628
4.39599,-1.36628
4.39599,-1.36628
4.53928,-1.18139
4.53716,-1.18147
4.5355,-1.18153
4.53416,-1.18157
4.47569,-1.17306
4.68103,-1.18492
4.68103,-1.18492
4.38677,-1.239
4.38327,-1.23911
4.38019,-1.23921
4.37746,-1.2393
4.37503,-1.23938
4.37287,-1.23946
4.37092,-1.23952
4.58097,-1.23444
4.58097,-1.23444
4.58097,-1.23444
5.07741,-1.21769
5.07959,-1.21821
5.08159,-1.21868
5.08342,-1.21913
5.0851,-1.21954
5.08665,-1.21992
5.08808,-1.22027
5.0894,-1.2206
5.13052,-1.0612
5.13251,-1.06179
5.13435,-1.06233
5.13607,-1.06282
5.13767,-1.06328
5.13916,-1.06369
5.14056,-1.06408
5.234,-1.08223
4.85746,-0.324967
4.85651,-0.335623
4.85564,-0.345218
4.85486,-0.353893
4.85415,-0.361765
4.85351,-0.368931
4.85292,-0.375476
4.85238,-0.38147
4.85189,-0.386975
5.11999,-1.10508
5.12169,-1.10412
5.12327,-1.10323
5.12477,-1.10239
5.12617,-1.1016
5.12749,-1.10085
5.12874,-1.10015
5.12992,-1.09949
4.78158,-1.13541
4.78175,-1.13513
5.11246,-0.347741
5.11273,-0.347044
5.113,-0.346378
5.11325,-0.34574
5.11349,-0.345129
5.11372,-0.344544
5.11394,-0.343982
4.47349,-0.846303
4.46841,-0.846883
4.46348,-0.847437
4.45871,-0.847966
4.45407,-0.848472
4.44956,-0.848956
4.45023,-0.84951
4.28896,-0.923684
5.01151,-0.893212
4.99648,-0.904611
4.9968,-0.904744
4.9971,-0.904873
4.9974,-0.904996
4.99768,-0.905115
4.99796,-0.905229
4.99823,-0.90534
4.9985,-0.905446
4.92363,-0.877434
4.92352,-0.87754
4.02721,-0.925078
4.02574,-0.925798
4.02425,-0.926508
4.02274,-0.927208
4.02123,-0.927899
4.0197,-0.92858
4.16236,-0.919176
4.15074,-0.917809
4.70436,-0.949252
4.70694,-0.949461
3.93163,-0.941879
3.93154,-0.94195
3.93145,-0.942019
3.68685,-1.26496
4.66008,-0.105195
4.66003,-0.0976456
4.65997,-0.0901672
4.65989,-0.0827589
4.65981,-0.0754193
4.65972,-0.068147
4.65962,-0.0609404
4.65952,-0.0537992
5.07779,-0.89933
5.07698,-0.899317
4.5709,-1.64901
4.6459,-0.132539
4.5731,-1.64917
4.86957,-0.865552
4.86894,-0.865518
4.86833,-0.865487
4.53508,-0.655972
4.53444,-0.656297
4.53383,-0.656614
4.22044,-0.580308
4.26139,-0.799534
4.26811,-0.799175
4.27424,-0.798836
4.27986,-0.798516
4.28504,-0.798214
4.44887,-0.777847
4.45473,-0.049215
4.45415,-0.0431331
4.37827,-1.68321
4.46243,-0.0842683
4.46241,-0.0808733
4.4624,-0.0775019
4.46241,-0.0741534
4.46243,-0.0708282
4.77665,-0.0314571
4.77943,-0.0257507
4.67033,-1.51134
5.51562,-0.274512
5.51985,-0.269757
5.47714,-1.46679
5.46072,-0.325108
5.46531,-0.323146
5.46984,-0.321192
5.4743,-0.319247
5.4787,-0.31731
5.57464,-0.272174
4.59203,-0.776657
4.59135,-0.776593
4.5907,-0.776532
4.50543,-0.949617
4.39534,-1.13591
4.39741,-1.13522
4.39936,-1.13455
4.40121,-1.13391
4.40295,-1.1333
4.60306,-0.933717
4.59914,-1.53723
4.65599,-0.117048
4.65639,-0.112686
5.21398,-0.514449
5.2288,-1.05798
4.62924,-0.0486393
4.56863,-1.58395
4.62939,-0.0486182
4.56878,-1.58398
4.62954,-0.0485975
4.56893,-1.58401
4.62969,-0.0485775
4.56908,-1.58404
4.62984,-0.0485581
4.85703,-0.91535
4.17489,-0.679724
5.11376,-1.05889
4.7136,-1.01446
4.71442,-1.01409
4.71521,-1.01374
4.71597,-1.01339
4.7167,-1.01304
4.71741,-1.01271
4.71809,-1.01238
4.97059,-0.95554
5.10081,-0.994722
5.10004,-0.994504
5.09929,-0.99429
5.09856,-0.994082
5.09784,-0.993878
5.09715,-0.993677
5.09647,-0.993481
4.85094,-0.70719
4.8509,-0.707389
4.85086,-0.707584
4.85082,-0.707775
4.85078,-0.707962
4.85075,-0.708145
4.8507,-0.708325
4.85067,-0.708502
4.63143,-0.714155
4.63195,-0.714293
4.54854,-0.784983
4.55152,-0.689392
4.55641,-0.690301
4.56068,-0.691112
4.56445,-0.691841
4.18015,0.229661
4.18042,0.22874
4.85351,-1.01384
4.87623,-1.03217
4.87616,-1.03202
5.00304,-0.98788
4.87381,-0.858669
4.87469,-0.859518
4.87553,-0.860333
4.87632,-0.861117
4.87707,-0.86187
4.89513,-0.220403
5.20428,-0.219791
5.20374,-0.220163
5.2032,-0.22053
5.20268,-0.220891
5.20217,-0.221246
5.20166,-0.221596
5.20116,-0.221941
5.34362,-0.876152
4.93117,-1.21826
4.93117,-1.21807
4.93117,-1.21789
5.33409,-0.88988
5.3339,-0.889747
5.3337,-0.889617
5.33352,-0.889489
5.09831,-0.782788
4.92878,-1.06853
4.66292,-0.841168
4.8463,-0.799305
4.8979,-0.232264
4.89756,-0.229437
4.65423,0.0394517
4.78584,-1.22562
4.78629,-1.22725
4.78673,-1.22887
4.78717,-1.23048
4.72177,-1.36028
4.72234,-1.36273
4.6423,-0.822588
4.29412,-0.697787
4.29455,-0.697759
4.29498,-0.697731
4.23186,-0.639883
4.23218,-0.639655
4.2325,-0.63943
4.23281,-0.639209
4.23312,-0.638993
4.49687,-0.824069
4.49706,-0.824066
4.42665,-1.06157
5.30177,-0.747951
5.30153,-0.7468
5.30129,-0.745657
5.30105,-0.744523
5.30081,-0.743396
5.25097,-0.701394
4.53421,-0.796417
4.53418,-0.796416
4.53416,-0.796415
4.80215,-0.86919
4.80225,-0.869079
4.80235,-0.868971
4.80245,-0.868864
4.80255,-0.868759
4.80265,-0.868655
PILLAR: 5.
5.51172,-2.45643
5.51172,-2.45643
5.51172,-2.45643
5.51172,-2.45643
5.51172,-2.45643
5.51172,-2.45642
5.51172,-2.45642
4.9067,-2.72941
4.9067,-2.72941
4.9067,-2.72941
5.086,-2.53049
5.08384,-2.53058
5.08214,-2.53065
5.08077,-2.53071
5.02079,-2.52281
5.22613,-2.53467
5.22613,-2.53467
4.96495,-2.49366
4.96144,-2.49377
4.95835,-2.49388
4.95562,-2.49397
4.95318,-2.49406
4.95101,-2.49414
4.94906,-2.49421
5.1591,-2.48913
5.1591,-2.48913
5.1591,-2.48913
5.3607,-2.66012
5.36257,-2.66073
5.3643,-2.66128
5.36592,-2.66179
5.36743,-2.66226
5.36883,-2.66269
5.37015,-2.66308
5.33999,-2.69415
5.68968,-2.40718
5.69154,-2.40615
5.69329,-2.40518
5.69494,-2.40427
5.69648,-2.40342
5.69794,-2.40262
5.69932,-2.40186
5.70061,-2.40115
5.35227,-2.43706
5.35245,-2.43679
4.4812,-2.55417
4.47616,-2.55475
4.47128,-2.5553
4.46657,-2.55583
4.46201,-2.55634
4.45758,-2.55682
4.45726,-2.55738
4.25492,-2.63123
4.97747,-2.60076
4.65396,-2.45998
4.65377,-2.46045
4.65359,-2.46089
4.65342,-2.46132
4.65324,-2.46174
4.65308,-2.46213
4.65291,-2.46251
4.65275,-2.46288
5.08778,-2.64386
5.08781,-2.64401
5.08783,-2.64415
5.08786,-2.64429
5.08788,-2.64442
5.08791,-2.64455
5.08794,-2.64467
5.08797,-2.64479
5.01311,-2.61678
5.013,-2.61688
4.75068,-2.53122
4.74987,-2.53121
4.64208,-2.43275
4.64136,-2.4327
4.64066,-2.43265
4.53671,-2.57934
4.53576,-2.57966
4.53484,-2.57998
4.27185,-2.50299
4.12901,-2.71834
4.1364,-2.71803
4.14318,-2.71773
4.14939,-2.71745
4.15511,-2.71719
4.30176,-2.69558
4.47718,-2.41157
4.47638,-2.41149
4.47559,-2.41142
4.26434,-2.57073
4.02173,-2.7317
4.02438,-2.73114
4.0269,-2.73061
4.02929,-2.7301
4.03155,-2.7296
4.15285,-2.50961
4.14584,-2.60899
4.39117,-2.31673
4.7542,-2.45356
4.32329,-1.73548
4.30805,-2.45587
4.53448,-3.69014
4.47929,-2.31109
4.45402,-2.39402
4.45482,-2.39365
4.45559,-2.39328
4.45632,-2.39293
4.45703,-2.39258
4.45772,-2.39224
4.45838,-2.39191
4.32793,-2.59375
4.59013,-2.41159
4.66812,-2.43611
4.66739,-2.43591
4.66669,-2.43571
4.666,-2.43551
4.66533,-2.43532
4.66468,-2.43513
4.66404,-2.43495
4.84156,-2.51412
4.61896,-2.69696
4.61903,-2.69717
4.61909,-2.69737
4.61915,-2.69758
4.61921,-2.69778
4.61927,-2.69797
4.61932,-2.69816
4.61937,-2.69835
4.50713,-2.67651
4.50769,-2.67665
4.5215,-2.75108
4.40935,-2.65053
4.41449,-2.65146
4.419,-2.65228
4.42299,-2.65303
4.36454,-2.56169
5.03105,-3.00715
4.97068,-2.87049
4.97045,-2.87009
5.0137,-2.85896
5.01289,-2.8563
5.01213,-2.85381
5.01142,-2.85147
5.01074,-2.84928
5.12758,-2.88514
4.43577,-2.0062
4.43614,-2.00677
4.43651,-2.00734
5.25804,-3.50004
5.25856,-3.50089
4.87992,-2.25334
4.88572,-2.25492
4.89117,-2.25643
4.89631,-2.25787
4.90116,-2.25925
4.68531,-2.36187
4.66873,-2.37471
4.66865,-2.37456
4.74111,-2.32087
4.50343,-2.16569
4.50481,-2.16668
4.50612,-2.16762
4.50736,-2.16854
4.50854,-2.16941
4.71232,-2.55239
4.71237,-2.55246
4.33694,-2.51522
4.95946,-2.52577
4.96004,-2.52557
4.49587,-3.19958
4.84144,-3.20363
4.84113,-3.20403
4.84083,-3.20442
4.84053,-3.20481
4.84024,-3.20519
4.83995,-3.20557
4.83966,-3.20594
5.16217,-1.84903
5.45289,-2.4026
5.45293,-2.40239
5.45297,-2.40219
5.64596,-2.5905
5.64569,-2.59038
5.64543,-2.59026
5.64517,-2.59014
5.35157,-2.49311
5.52868,-2.69009
5.23502,-2.47275
4.81438,-2.57067
4.9014,-1.96438
4.90188,-1.96156
4.81126,-3.42995
4.79095,-2.97734
4.79139,-2.97897
4.79184,-2.98059
4.79228,-2.9822
4.79579,-3.11045
4.79687,-3.11287
4.60806,-2.57398
4.26075,-2.40598
4.26076,-2.40595
4.26076,-2.40592
4.29593,-1.83048
4.29598,-1.83063
4.29604,-1.83078
4.29609,-1.83093
4.438,-2.22469
4.479,-2.33479
4.4792,-2.33493
4.43352,-1.79301
4.43337,-1.79298
4.43321,-1.79295
4.43306,-1.79293
4.43292,-1.7929
4.43277,-1.79287
4.39637,-2.57814
4.39492,-2.57837
4.72211,-2.5604
4.72266,-2.55987
4.7232,-2.55933
4.72342,-2.04639
4.7236,-2.04536
4.72378,-2.04433
4.72396,-2.04331
4.72413,-2.0423
4.72284,-2.13889
4.72288,-2.1391
4.88655,-2.23848
4.26424,-2.35785
4.26445,-2.35782
4.26466,-2.35778
4.22474,-2.3002
4.22495,-2.29997
4.22516,-2.29974
4.22537,-2.29952
4.22558,-2.29931
4.53827,-2.48388
4.53846,-2.48388
4.68845,-2.30131
4.68856,-2.3014
4.68867,-2.30149
4.19503,-2.87304
4.19339,-2.87299
4.19176,-2.87294
4.19013,-2.8729
4.03379,-2.5433
4.69248,-2.26065
4.36818,-2.32909
4.36667,-2.32885
4.74424,-3.47928
4.74225,-3.4828
4.74026,-3.48631
4.80953,-2.52337
4.80954,-2.52337
4.80956,-2.52337
4.80957,-2.52337
4.80958,-2.52337
4.8096,-2.52337
4.80961,-2.52337
4.80962,-2.52337
4.80963,-2.52337
4.83388,-2.00689
4.8332,-2.00482
4.83252,-2.00275
4.83184,-2.0007
4.83117,-1.99865
4.8305,-1.99661
4.56648,-1.96302
5.08213,-2.25729
5.14839,-2.56618
4.59319,-1.672
4.59255,-1.66911
4.59192,-1.66623
4.12411,-3.0799
4.1219,-3.08182
4.11969,-3.08373
4.58665,-1.66975
4.97903,-2.51515
4.979,-2.51515
4.97898,-2.51514
PILLAR: 6.
11.8321,-1.89207
11.8322,-1.89321
11.8323,-1.89431
11.8325,-1.89537
11.8326,-1.89639
11.7577,-1.86837
11.7576,-1.86848
10.8867,-1.87545
10.8847,-1.88002
11.0284,-1.85244
11.0165,-1.85331
11.5701,-1.88476
11.5727,-1.88497
11.8886,-1.77039
11.9003,-1.76702
11.9106,-1.76402
11.9198,-1.76135
11.9281,-1.75895
11.9356,-1.75678
11.9424,-1.75481
11.9486,-1.75301
11.9543,-1.75137
12.5622,-1.9395
12.6563,-1.7316
12.6634,-1.72825
12.6698,-1.72514
12.6757,-1.72223
12.6811,-1.71951
12.8364,-1.77432
11.8815,-1.77547
11.8814,-1.77237
11.8813,-1.76928
11.8813,-1.7662
11.8812,-1.76314
12.0668,-1.82787
12.0681,-1.82816
12.1551,-1.79657
12.1596,-1.79478
12.1641,-1.79298
12.1685,-1.79119
12.1729,-1.78941
12.2454,-1.84688
12.3272,-1.66305
12.7493,-1.50939
12.7515,-1.5056
12.7536,-1.50197
12.7555,-1.49848
12.7574,-1.49514
12.9292,-1.70998
12.1817,-1.58315
11.8098,-2.20236
11.8879,-1.30223
11.8847,-1.29328
11.7999,-2.19314
11.7953,-2.20106
11.8737,-1.30032
11.9442,-2.25394
12.0315,-1.2759
12.0293,-1.26716
12.027,-1.25856
11.9356,-2.23667
11.9319,-2.24445
11.9283,-2.2521
11.9246,-2.25961
11.8773,-1.20994
12.4578,-1.73209
12.4586,-1.73186
12.4594,-1.73164
12.4601,-1.73142
12.4609,-1.73121
12.4616,-1.731
12.4622,-1.73081
12.3589,-2.63265
11.8702,-1.71534
11.8694,-1.7149
11.8687,-1.71448
11.868,-1.71406
11.8673,-1.71365
11.8666,-1.71326
11.866,-1.71287
12.0435,-1.79204
12.1546,-1.73649
12.1546,-1.7363
12.1546,-1.73612
12.1546,-1.73595
12.1546,-1.73578
12.1546,-1.73562
12.1547,-1.73546
12.1547,-1.7353
12.0952,-1.77547
12.0953,-1.77548
12.4867,-1.7518
12.4873,-1.75177
12.4456,-1.43261
12.397,-1.79854
12.4021,-1.79842
12.4065,-1.7983
12.4104,-1.79818
12.3569,-1.75485
12.149,-1.76103
12.1478,-1.7612
11.8585,-1.30986
11.9183,-1.44536
11.918,-1.44496
11.896,-1.14626
11.8969,-1.15017
11.8976,-1.15379
11.8983,-1.15714
11.8989,-1.16025
11.8577,-1.09179
12.0173,-1.25442
12.017,-1.2523
12.4498,-2.2786
12.4502,-2.27918
12.4506,-2.27974
12.1879,-1.84304
12.1883,-1.8434
11.1676,-2.18622
11.1733,-2.1858
11.1788,-2.1854
11.1839,-2.18502
11.1887,-2.18465
12.0487,-1.71897
12.0486,-1.71888
12.1417,-1.96578
11.9082,-2.41877
11.9096,-2.41697
11.911,-2.41525
11.9124,-2.41361
11.9136,-2.41203
11.8419,-2.24378
11.8434,-2.24038
12.0022,-0.964369
12.0009,-0.958271
11.7584,-1.75005
12.0129,-0.980275
12.0123,-0.97446
12.1843,-1.70359
11.5296,-1.70082
11.5292,-1.7007
11.5288,-1.70058
11.5283,-1.70046
11.5279,-1.70035
11.5275,-1.70024
11.5272,-1.70012
11.6105,-2.59551
11.7481,-1.7294
11.7479,-1.72954
11.7476,-1.72967
11.7474,-1.72981
11.4797,-1.84215
11.9914,-1.93032
11.7097,-1.82352
12.2487,-2.15525
12.541,-1.99426
12.5415,-1.99588
12.5419,-1.9975
12.5424,-1.99911
12.5012,-1.8232
12.5019,-1.82337
12.3783,-1.7652
12.1835,-2.09552
12.1835,-2.09582
12.1836,-2.09612
12.1836,-2.09641
12.3232,-1.89661
12.3642,-2.00671
12.3644,-2.00684
12.2539,-1.11892
11.8888,-2.0411
11.8886,-2.04139
11.8885,-2.04167
11.8883,-2.04195
11.8882,-2.04223
11.888,-2.0425
11.784,-1.54575
11.8374,-2.07681
12.1008,-2.08385
12.101,-2.08503
12.1011,-2.08621
12.1013,-2.08737
12.1015,-2.08853
12.1002,-2.18512
12.1002,-2.18533
11.9366,-2.08635
12.2321,-1.86777
12.2323,-1.86807
12.2325,-1.86836
12.2328,-1.86865
12.233,-1.86894
12.5295,-1.81764
12.5297,-1.81765
13.2496,-1.79631
12.5567,-1.19041
12.5571,-1.18995
12.5575,-1.1895
12.5579,-1.18905
12.5582,-1.18861
12.5586,-1.18818
12.5589,-1.18775
12.5593,-1.18732
12.5596,-1.18691
PILLAR: 7.
19.6392,-3.16232
19.6385,-3.16168
19.6379,-3.16106
19.6373,-3.16046
19.8148,-3.23963
19.5322,-2.92006
19.5323,-2.91953
19.5324,-2.91902
19.5847,-4.23724
19.5325,-2.91802
19.6602,-3.83413
19.7258,-3.41365
19.8937,-3.25615
19.8989,-3.25504
19.9035,-3.25402
19.8452,-3.25479
19.6373,-3.26097
19.636,-3.26114
19.6607,-3.56399
19.6592,-3.57532
19.6578,-3.58582
19.6565,-3.59558
19.6552,-3.60467
19.5783,-3.6466
19.7377,-3.80711
20.0934,-2.50828
20.1004,-2.49415
20.1069,-2.48091
20.113,-2.46848
20.1188,-2.45679
20.1232,-2.44772
20.1283,-2.43732
20.1331,-2.42749
20.63,-3.00513
20.6361,-3.0017
20.6417,-2.99843
20.6471,-2.9953
20.6522,-2.99231
19.6024,-2.97376
20.1969,-2.80239
20.1985,-2.79748
20.2001,-2.79278
20.2015,-2.78827
20.2029,-2.78394
20.1312,-2.61569
20.1327,-2.61229
20.676,-3.11255
