PILLAR: 1.
-3.381,-0.792709
-3.381,-0.792709
-3.381,-0.792709
-3.381,-0.792709
-3.381,-0.792709
-3.381,-0.792709
-3.381,-0.792709
-3.381,-0.792709
-3.381,-0.792709
-3.23434,-0.83787
-3.22999,-0.842504
-3.23029,-0.842517
-3.23052,-0.842528
-3.2307,-0.842535
-3.23084,-0.842541
-3.18933,-0.843267
-3.19,-0.843201
-3.19053,-0.843149
-3.19097,-0.843107
-3.18448,-0.847258
-3.15967,-0.778793
-3.15986,-0.77893
-3.16002,-0.779048
-3.16017,-0.779152
-3.1603,-0.779243
-3.16041,-0.779323
-3.16051,-0.779394
-3.1606,-0.779457
-3.16067,-0.779514
-3.28987,-0.840939
-3.28989,-0.840957
-3.28991,-0.840973
-3.09963,-0.830648
-3.10184,-0.830846
-3.1038,-0.83102
-3.10553,-0.831172
-3.10707,-0.831308
-3.10845,-0.831428
-3.10968,-0.831537
-2.8693,-0.820308
-3.41836,-0.752175
-3.11323,-0.765984
-3.11525,-0.766224
-3.1171,-0.766442
-3.11879,-0.766642
-3.12034,-0.766824
-3.12177,-0.766993
-3.12309,-0.767147
-3.12431,-0.767291
-3.27779,-0.788365
-3.2778,-0.788362
-3.84716,-0.828126
-3.84394,-0.827894
-3.84094,-0.827677
-3.83816,-0.827475
-3.83557,-0.827286
-3.83315,-0.827109
-3.83089,-0.826942
-3.82878,-0.826786
-2.8698,-0.918768
-2.86974,-0.918783
-3.24333,-1.00937
-3.24169,-1.00937
-3.24016,-1.00937
-3.23871,-1.00936
-3.23734,-1.00935
-3.23605,-1.00935
-3.23483,-1.00934
-3.23367,-1.00933
-3.5619,-1.3362
-3.56139,-1.3353
-3.5609,-1.33445
-3.56043,-1.33364
-3.55999,-1.33286
-3.55956,-1.33211
-3.55916,-1.33141
-3.55877,-1.33073
-3.22979,-0.417079
-3.22611,-0.412318
-3.22246,-0.407642
-3.22434,-0.402104
-3.22623,-0.39665
-3.22812,-0.391278
-3.23,-0.385985
-3.23188,-0.380771
-3.23377,-0.375631
-3.47328,-0.778501
-3.47319,-0.77853
-3.47311,-0.778557
-3.47303,-0.778584
-3.47295,-0.778609
-3.47287,-0.778634
-3.47279,-0.778657
-3.47272,-0.77868
-3.47265,-0.778703
-3.09708,-0.891181
-3.33492,-0.337014
-2.9793,-1.17051
-2.97188,-1.16784
-2.96473,-1.16537
-2.95784,-1.16307
-2.9512,-1.16094
-3.10166,-1.15196
-3.10192,-1.14865
-3.07546,-0.926645
-3.73147,-0.82952
-3.72937,-0.828524
-3.54683,-0.815627
-3.54621,-0.815138
-3.54562,-0.814674
-3.54507,-0.814233
-3.54455,-0.813814
-3.54406,-0.813415
-3.54359,-0.813035
-2.80137,-1.07848
-2.80225,-1.0774
-2.8031,-1.07637
-2.80392,-1.07539
-2.85711,-1.13764
-2.85466,-1.13522
-2.85583,-1.13465
-2.85387,-1.13251
-3.50167,-0.639888
-3.50122,-0.639865
-3.33765,-0.718214
-3.33823,-0.717774
-3.22654,-0.399095
-3.40807,-0.458015
-3.40637,-0.453405
-3.71029,-0.47957
-3.373,-0.889189
-3.37276,-0.889047
-3.29025,-0.875263
-3.29015,-0.875178
-3.05645,-0.885471
-3.06793,-0.8858
-3.07791,-0.886056
-3.08666,-0.886256
-3.09438,-0.88641
-3.95611,-0.883752
-3.95571,-0.883523
-3.95531,-0.8833
-3.95492,-0.883083
-3.95476,-0.590817
-3.95174,-0.592157
-3.94897,-0.593458
-3.94642,-0.59472
-3.94405,-0.595946
-3.36776,-1.00217
-3.36765,-1.00178
-3.07452,-0.945949
-3.07476,-0.94558
-3.075,-0.945221
-3.23831,-0.820648
-3.23548,-0.821036
-3.23286,-0.821402
-3.23042,-0.821748
-3.16673,-0.93735
-3.42914,-0.976612
-3.42927,-0.976608
-3.42939,-0.976604
-2.95709,-1.38973
-2.95902,-1.38794
-3.084,-1.50844
-3.08531,-1.50843
-3.08659,-1.50842
-3.26739,-0.932758
-3.26738,-0.932778
-3.26737,-0.932797
-3.09652,-1.08204
-3.09636,-1.08215
-3.09621,-1.08227
-3.20244,-1.05282
-3.20218,-1.05291
-3.20193,-1.053
-3.20168,-1.05308
-3.30157,-0.640406
-3.30159,-0.640545
-2.9986,-0.651904
-2.99794,-0.65209
-2.9973,-0.652273
-2.99666,-0.652452
-3.01002,-0.835229
-3.00975,-0.835228
-3.00949,-0.835227
-2.90607,-0.85617
-2.90593,-0.856245
-2.90579,-0.856318
-2.90565,-0.856391
-2.90551,-0.856462
-3.5537,-0.790564
-3.55379,-0.790497
-3.55388,-0.79043
-3.55398,-0.790364
-3.55406,-0.790299
-3.61731,-0.653713
-3.61751,-0.653619
-3.6177,-0.653526
-2.9799,-0.965704
-2.98005,-0.965653
-3.37922,-1.06064
-3.37943,-1.06071
-3.13803,-0.957062
-3.1779,-0.956379
-3.17791,-0.9563
-3.17792,-0.956222
-3.17792,-0.956145
-3.17793,-0.95607
-3.23024,-0.9321
-3.03215,-0.907592
-3.03207,-0.907528
-3.032,-0.907464
-2.88728,-0.908643
-2.88707,-0.908599
-2.88685,-0.908554
-2.88665,-0.90851
-2.88644,-0.908467
-2.88624,-0.908424
-2.86561,-1.14139
-2.98716,-1.19924
-2.98716,-1.19921
-2.98716,-1.19917
-2.98715,-1.19914
-2.98715,-1.19911
-2.83546,-1.21808
-3.27537,-0.805851
-3.27536,-0.805877
-3.27536,-0.805902
-3.3762,-0.8069
-3.22698,-0.806921
-3.22718,-0.806904
-3.22738,-0.806888
-3.22759,-0.806871
-3.22779,-0.806855
-3.04172,-0.919321
-3.15713,-1.01033
-3.15679,-1.01024
-3.15646,-1.01015
-3.15613,-1.01006
-3.1558,-1.00997
-3.15548,-1.00989
PILLAR: 2.
-3.48364,-2.52381
-3.48364,-2.52381
-3.48364,-2.52381
-3.48364,-2.52381
-3.48364,-2.52381
-3.48364,-2.52381
-3.48364,-2.52381
-3.48364,-2.52381
-3.48364,-2.52381
-3.6303,-2.47865
-3.55381,-2.49903
-3.55381,-2.4991
-3.55381,-2.49916
-3.55381,-2.4992
-3.5538,-2.49923
-3.52496,-2.49744
-3.52563,-2.49737
-3.52616,-2.49732
-3.52659,-2.49728
-3.08244,-2.49498
-3.60591,-2.48022
-3.44464,-2.441
-3.44482,-2.44114
-3.44497,-2.44126
-3.4451,-2.44137
-3.44522,-2.44146
-3.44533,-2.44154
-3.44542,-2.44161
-3.4455,-2.44168
-3.44557,-2.44174
-3.44353,-2.4541
-3.44355,-2.45412
-3.44357,-2.45414
-3.29006,-2.43989
-3.29226,-2.44009
-3.2942,-2.44026
-3.29592,-2.44041
-3.29746,-2.44055
-3.29883,-2.44067
-3.30006,-2.44078
-3.23245,-2.45772
-3.3173,-2.44758
-3.05088,-2.43296
-3.05299,-2.43321
-3.05491,-2.43343
-3.05668,-2.43363
-3.0583,-2.43382
-3.05979,-2.43399
-3.06117,-2.43414
-3.06244,-2.43429
-3.30646,-2.48595
-3.30647,-2.48595
-3.8892,-2.52543
-3.88608,-2.5252
-3.88319,-2.52498
-3.88049,-2.52477
-3.87798,-2.52458
-3.87564,-2.5244
-3.87345,-2.52424
-3.87141,-2.52408
-3.86696,-2.36596
-3.8669,-2.36598
-4.31966,-2.39869
-4.31793,-2.39876
-4.31631,-2.39882
-4.31478,-2.39888
-4.31334,-2.39893
-4.31197,-2.39898
-4.31068,-2.39903
-4.30946,-2.39907
-4.18283,-2.01175
-4.18883,-2.00116
-2.83241,-2.22399
-2.82356,-2.21611
-2.81489,-2.20829
-2.80637,-2.20053
-2.79802,-2.19282
-2.78981,-2.18516
-2.78176,-2.17756
-3.32778,-2.48631
-3.32769,-2.48634
-3.3276,-2.48637
-3.32752,-2.48639
-3.32744,-2.48642
-3.32736,-2.48644
-3.32729,-2.48647
-3.32722,-2.48649
-3.32715,-2.48651
-3.70258,-2.37408
-3.07221,-2.52934
-3.06533,-2.52663
-3.05869,-2.52412
-3.05228,-2.52179
-3.04608,-2.51963
-2.99116,-2.50947
-2.99192,-2.5062
-2.88606,-2.68224
-3.36973,-2.52729
-3.36873,-2.52653
-3.26366,-2.52825
-3.26335,-2.52781
-3.26305,-2.5274
-3.26277,-2.527
-3.26251,-2.52663
-3.26227,-2.52627
-3.26204,-2.52593
-3.34419,-3.07179
-2.98651,-2.42267
-2.98773,-2.42155
-2.98891,-2.42047
-2.99006,-2.41944
-3.00738,-2.48617
-3.00584,-2.48365
-3.00702,-2.48309
-3.00586,-2.48085
-3.29116,-2.62403
-3.29117,-2.62406
-2.95664,-2.67678
-2.95744,-2.67638
-4.15351,-1.62421
-3.4173,-2.45664
-3.41711,-2.4565
-3.35921,-2.44182
-3.35914,-2.44174
-3.09993,-2.45294
-3.11176,-2.45326
-3.12205,-2.45351
-3.13108,-2.4537
-3.13906,-2.45385
-3.09761,-2.47542
-2.79237,-2.03775
-2.79272,-2.03828
-2.79306,-2.0388
-2.79338,-2.0393
-3.11075,-1.99569
-3.10736,-1.9968
-3.10423,-1.99788
-3.10134,-1.99894
-3.09865,-1.99998
-3.31221,-1.86203
-3.35372,-2.64509
-3.35365,-2.64523
-2.88152,-2.65385
-2.88071,-2.65402
-2.87991,-2.6542
-2.87913,-2.65437
-3.18967,-2.96018
-3.08613,-2.94872
-3.08496,-2.95191
-2.81658,-2.96237
-2.81572,-2.96517
-2.81487,-2.96796
-2.81402,-2.97072
-2.81319,-2.97346
-2.76507,-2.59726
-3.14595,-2.05261
-3.14592,-2.05212
-3.14588,-2.05164
-3.03445,-1.85051
-3.03448,-1.84992
-3.0345,-1.84934
-3.03453,-1.84876
-3.03455,-1.8482
-3.20334,-2.00192
-3.42934,-2.00459
-3.42955,-2.0041
-3.62433,-2.32176
-3.62448,-2.32171
-3.65048,-2.53733
-3.65076,-2.53739
-3.64224,-2.37126
-3.7102,-2.36025
-3.71024,-2.36016
-3.71028,-2.36007
-3.71033,-2.35998
-3.71036,-2.35989
-3.44363,-2.45
-3.38957,-2.35906
-3.32346,-2.31355
-3.32342,-2.31348
-3.32338,-2.31341
-3.12212,-2.32513
-3.1219,-2.32509
-3.12169,-2.32504
-3.12148,-2.325
-3.12127,-2.32496
-3.12106,-2.32492
-3.23652,-2.15226
-3.414,-2.18779
-3.41403,-2.18775
-3.41405,-2.1877
-3.41407,-2.18766
-3.4141,-2.18761
-3.46442,-2.18344
-3.31547,-2.48355
-3.31547,-2.48357
-3.31547,-2.4836
-3.05444,-2.45394
-3.05067,-2.47581
-3.05036,-2.47574
-3.05006,-2.47567
-3.04976,-2.4756
-3.04946,-2.47553
-3.11344,-2.39383
-2.37683,-2.37286
-2.90208,-2.17607
-2.90173,-2.17598
-2.9014,-2.17589
-2.90106,-2.1758
-2.90073,-2.17571
-2.90041,-2.17562
PILLAR: 3.
-1.38305,-0.195444
-1.38305,-0.195444
-1.38305,-0.195444
-1.38305,-0.195444
-1.38305,-0.195444
-1.38305,-0.195444
-1.38305,-0.195444
-1.38305,-0.195444
-1.38305,-0.195444
-1.4639,-0.170431
-1.46433,-0.170117
-1.46466,-0.169879
-1.46491,-0.169693
-1.46511,-0.169547
-1.41849,-0.183812
-1.41916,-0.18374
-1.4197,-0.183683
-1.42013,-0.183637
-1.51975,-0.113289
-1.60518,-0.289684
-1.60538,-0.289807
-1.60555,-0.289915
-1.6057,-0.290008
-1.60583,-0.29009
-1.60594,-0.290162
-1.60604,-0.290226
-1.60613,-0.290283
-1.60621,-0.290335
-1.40403,-0.307724
-0.804042,0.00404435
-0.791498,0.146746
-0.783535,0.148529
-0.775893,0.150179
-0.768548,0.15171
-0.761476,0.153132
-1.13443,0.476428
-1.1341,0.479019
-1.11046,0.352604
-0.358013,0.255745
-0.951528,-0.0393629
-0.948917,-0.0401769
-0.733448,-0.154338
-0.73271,-0.154349
-0.732014,-0.15436
-0.731357,-0.154369
-0.730736,-0.154378
-0.730147,-0.154387
-0.729591,-0.154396
-0.552603,-0.294553
-1.30791,-0.224924
-0.440408,-0.0209187
-0.44101,-0.0204525
-0.441598,-0.0200068
-0.442174,-0.0195799
-0.524325,-0.0192995
-0.52111,-0.0184587
-0.522288,-0.0178962
-0.519655,-0.0171463
-0.99559,-0.156966
-0.995024,-0.157533
-0.882612,-0.0207534
-0.883115,-0.020592
-0.622751,0.0613818
-0.882711,0.32577
-0.880543,0.328846
-1.18677,0.310114
-0.981471,-0.0336752
-0.981189,-0.0336297
-0.885542,-0.0575063
-0.885423,-0.0574711
-0.665365,-0.0287163
-0.676658,-0.0295683
-0.686465,-0.030301
-0.695052,-0.0309372
-0.702633,-0.0314926
-0.665311,-0.048915
-0.964064,-0.455049
-0.96338,-0.456772
-0.962714,-0.458447
-0.962066,-0.460075
-0.949214,-0.911515
-0.946113,-0.912044
-0.943262,-0.91258
-0.940629,-0.913121
-0.938191,-0.913665
-1.14153,-0.796288
-0.988926,0.0137624
-0.988821,0.0141509
-0.662292,-0.0120719
-0.662475,-0.0118553
-0.662654,-0.0116447
-0.778536,-0.0203722
-0.775872,-0.0202421
-0.773405,-0.0201199
-0.771117,-0.020005
-0.739018,-0.00438269
-0.16801,-0.43172
-0.169125,-0.431138
-0.1702,-0.430576
-0.49695,-0.719352
-0.317854,-0.48177
-0.316689,-0.481086
-0.315619,-0.480433
-0.314637,-0.47981
-0.589326,-0.314922
-0.589775,-0.314703
-0.590208,-0.31449
-0.714931,-0.225029
-0.741715,-0.18423
-0.740079,-0.184313
-0.738538,-0.184393
-0.773316,-0.174994
-0.183007,-0.374557
-0.183269,-0.374366
-0.183523,-0.37418
-0.0188544,-0.530325
-0.0237078,-0.529192
-0.0281176,-0.528161
-0.0321406,-0.527219
-0.0358281,-0.526355
-0.227604,-0.226508
-0.159102,-0.243444
-0.15951,-0.246972
-0.159906,-0.250472
-0.160288,-0.253947
-0.160659,-0.257395
-0.941666,-0.242738
-0.949916,0.0825464
-0.949737,0.0822498
-0.949566,0.0819627
-0.949403,0.0816852
-0.949249,0.0814164
0.0597538,-0.477436
-0.0494906,-0.4135
-0.0497859,-0.413305
-0.0500743,-0.413113
-0.131744,-0.446772
-0.131623,-0.446579
-0.131508,-0.446392
-0.131398,-0.44621
-0.131293,-0.446032
-0.215166,-0.235818
-0.214149,-0.235414
-0.218783,-0.377974
-0.467792,-0.237421
-0.467664,-0.237435
-0.467539,-0.237448
-0.467417,-0.237461
-0.467296,-0.237474
-0.319117,-0.362756
-0.31929,-0.362661
-0.31946,-0.362568
-0.319625,-0.362476
-0.319787,-0.362387
-0.319946,-0.362299
-0.320101,-0.362214
-0.320254,-0.362129
-0.320403,-0.362047
-0.784109,-0.203198
-0.784091,-0.20321
-0.784072,-0.203222
-0.784054,-0.203233
-1.19924,0.0725514
-0.875523,0.404442
-0.870562,0.402341
-0.86591,0.400345
-0.861545,0.398447
-0.640557,-0.0518231
-0.980102,0.104101
-0.98024,0.104125
-0.980376,0.10415
-0.643755,-0.0428152
-0.644786,-0.042568
-0.822601,-0.0760328
-0.823763,-0.0762571
-0.824892,-0.0764803
-0.474787,0.0636054
-0.530853,-0.259294
-0.530753,-0.259356
-0.345232,-0.176534
-0.391381,-0.15569
-0.39189,-0.155631
-0.392384,-0.155573
-0.392862,-0.155517
-0.786972,-0.114073
-0.78696,-0.114092
-0.786947,-0.114112
-0.796005,0.155038
-0.795901,0.155023
-0.795799,0.155009
-0.887994,0.158007
-0.887784,0.158004
-0.887577,0.158001
-0.887375,0.157999
-0.680603,-0.102046
-0.757023,-0.179928
-0.757059,-0.179963
-0.501941,0.0214982
-0.501338,0.0215036
-0.500745,0.0215092
-0.50016,0.0215148
0.0548109,-0.454514
-1.00724,-0.398507
-0.914192,-0.378151
-0.914262,-0.380288
-0.703725,-0.343023
-0.703488,-0.345323
-0.703255,-0.347607
-0.703026,-0.349875
-0.702802,-0.352128
-0.575,-0.0421204
-0.00850612,-0.46006
-0.00823529,-0.460105
-0.0079685,-0.460149
0.0919647,-0.454166
0.0921068,-0.454242
0.092248,-0.454317
0.0923861,-0.45439
0.0925237,-0.454463
-0.8576,-0.718021
-0.857448,-0.717731
-0.857298,-0.717447
-0.652219,-0.691776
-0.652204,-0.691266
-0.65219,-0.690764
-0.652177,-0.69027
-0.652165,-0.689783
-0.785504,-0.802084
-0.996414,-0.835641
-0.996538,-0.835335
-0.948832,-0.0833179
-0.948926,-0.0832378
-0.949019,-0.0831585
-0.949113,-0.0830795
-0.949203,-0.0830024
-0.525737,-0.682504
-0.525931,-0.682487
-0.526124,-0.682471
-1.10171,0.0796713
-0.294722,0.0989398
-0.294881,0.0987174
0.0923385,-0.306341
0.0647971,-0.370175
0.064803,-0.370174
0.0648093,-0.370174
0.0648162,-0.370173
0.064824,-0.370173
0.0262711,-0.301235
-0.0104346,-0.308086
-0.955572,-0.283531
-0.955478,-0.283523
-0.955386,-0.283516
-0.837324,-0.202026
-0.837113,-0.201975
-0.836904,-0.201924
-0.836699,-0.201875
-0.836496,-0.201825
-0.836295,-0.201777
-0.63671,-0.173113
PILLAR: 4.
4.73513,-0.686014
4.73513,-0.686014
4.73513,-0.686014
4.73513,-0.686014
4.73513,-0.686014
4.73513,-0.686013
4.73513,-0.686013
4.63493,-0.590065
4.63473,-0.589214
4.63456,-0.58854
4.6778,-0.649495
4.67712,-0.649404
4.67659,-0.64933
4.67615,-0.64927
4.5668,-0.692479
4.71478,-0.654443
4.71478,-0.654443
4.49441,-0.730706
4.49219,-0.730842
4.49023,-0.730961
4.4885,-0.731067
4.48696,-0.731162
4.48558,-0.731247
4.48434,-0.731324
4.32993,-0.727677
4.59887,-0.724638
4.59887,-0.724638
4.12045,-0.773449
4.11843,-0.774057
4.11658,-0.774617
4.11489,-0.775132
4.11334,-0.775608
4.11191,-0.77605
4.11059,-0.776458
4.10937,-0.776838
5.31354,-0.507418
5.31679,-0.507763
5.3198,-0.508074
5.3226,-0.508355
5.32521,-0.508611
5.32764,-0.508843
5.32991,-0.509055
5.33204,-0.509248
4.85207,-0.542717
4.85157,-0.543034
5.09676,-0.630417
5.09837,-0.629861
5.09988,-0.629338
5.10131,-0.628844
5.10266,-0.628379
5.10393,-0.627941
5.10513,-0.627526
5.10627,-0.627133
4.74037,-0.686841
4.74035,-0.686794
5.01828,-0.156763
5.01879,-0.155867
5.01928,-0.155013
5.01975,-0.154199
5.02019,-0.153421
5.02062,-0.152678
5.02102,-0.151969
5.02141,-0.15129
3.87731,-0.85163
3.87715,-0.850869
3.93524,-0.839931
4.69476,-0.362893
4.69546,-0.363868
4.69612,-0.364794
4.69674,-0.365673
4.69733,-0.366509
4.69789,-0.367304
4.69842,-0.368061
4.58452,-0.319193
4.1321,-0.407742
4.1314,-0.408455
4.13071,-0.409138
4.13004,-0.409792
4.05666,-0.28759
4.0597,-0.289857
4.05852,-0.289294
4.06098,-0.291284
5.13816,-0.450872
5.13986,-0.451453
4.8359,-0.452459
4.43981,-0.557454
4.43992,-0.557528
4.66741,-0.441996
4.65603,-0.444014
4.64614,-0.44581
4.63748,-0.447419
4.62983,-0.448868
4.66785,-0.457202
4.98884,-0.490686
4.98254,-0.491784
4.05576,-0.57416
4.05554,-0.574242
4.05533,-0.574321
3.90162,-0.84018
3.90446,-0.839063
3.90709,-0.838012
3.90953,-0.837021
3.94064,-0.827045
4.89267,-0.461826
4.892,-0.462066
4.89136,-0.462298
4.7463,-0.429319
4.74518,-0.429408
4.74411,-0.429495
4.3888,-0.190364
4.59579,-0.401398
4.59697,-0.401186
4.59804,-0.400985
4.59903,-0.400796
4.79891,-0.630686
4.87893,-0.678851
4.76683,-0.421966
4.76638,-0.422109
4.76594,-0.422247
4.63325,-0.536233
4.60064,-0.583192
4.60232,-0.582674
4.6039,-0.582183
4.56814,-0.585714
4.61229,-0.585343
4.61699,-0.585031
4.45494,-0.231511
4.45469,-0.231873
4.45445,-0.232227
4.60178,-0.105212
4.59708,-0.105732
4.59281,-0.106213
4.58891,-0.106661
4.58534,-0.107078
4.76816,-0.350245
4.76645,-0.350274
4.2668,-1.29337
4.34255,-1.27932
4.34225,-1.28236
4.34197,-1.28537
4.34169,-1.28837
4.34143,-1.29136
4.6782,-0.509241
4.70485,-0.921063
4.94168,-0.521849
4.86524,-0.853257
4.86553,-0.852874
4.8658,-0.852503
4.86607,-0.852143
4.86632,-0.851794
4.62872,-0.487798
4.51878,-0.493443
4.51848,-0.493456
4.51819,-0.493468
4.43714,-0.476242
4.43725,-0.476169
4.43737,-0.476099
4.43748,-0.47603
4.43758,-0.475964
4.57529,0.148768
4.57599,0.153057
4.566,-0.296912
4.31622,-0.119376
4.31635,-0.119794
4.31649,-0.120202
4.31662,-0.120602
4.31675,-0.120993
4.30927,-0.695779
4.95699,-0.576102
4.95664,-0.576063
4.95629,-0.576025
4.65128,-0.458267
4.65111,-0.458308
4.65094,-0.458349
4.65077,-0.458389
4.6506,-0.458428
4.65044,-0.458467
4.65028,-0.458505
4.65013,-0.458542
4.64998,-0.458579
4.89041,-0.54156
4.62576,-0.404018
4.62578,-0.404123
4.62579,-0.404227
4.62581,-0.404329
4.15155,-0.749649
4.37341,-0.920588
4.37933,-0.918885
4.3849,-0.917258
4.39013,-0.915702
4.40713,-0.464708
4.52707,0.624477
4.52517,0.623527
4.52335,0.622598
4.52163,0.621686
4.75484,-0.615193
4.75475,-0.61513
4.48597,-0.681416
4.48664,-0.680992
4.48731,-0.680582
4.48796,-0.680184
4.48859,-0.679798
4.48921,-0.679423
4.48982,-0.679059
4.58355,-0.539617
4.58356,-0.539607
4.82523,-0.521751
4.8247,-0.521833
4.96656,-0.27189
4.96529,-0.272229
4.96406,-0.272561
4.96286,-0.272886
4.96169,-0.273205
4.96054,-0.273515
4.95943,-0.27382
4.8398,-0.290103
4.71082,-0.312855
4.71043,-0.313018
4.71005,-0.313179
4.70968,-0.313336
4.70932,-0.313491
4.70896,-0.313642
4.70861,-0.313791
4.57481,-0.618756
4.57506,-0.618674
4.57531,-0.618593
4.27883,-0.408853
4.27753,-0.409306
4.27624,-0.40975
4.54367,-0.628043
4.539,-0.628379
4.22269,-0.801127
4.35346,-0.728909
4.35328,-0.728869
4.529,-0.679227
4.3282,-0.613967
4.32877,-0.614202
4.32931,-0.614465
4.32982,-0.614749
5.30531,-0.516136
5.30856,-0.515696
5.31155,-0.51528
5.31431,-0.514886
5.31686,-0.514512
4.97885,-0.60525
4.97843,-0.605286
5.183,-0.634763
4.95702,-0.592245
4.95715,-0.592329
4.95726,-0.59241
4.95735,-0.59249
4.95743,-0.592567
5.40606,-0.613892
5.40193,-0.612854
4.8385,-0.426228
4.3751,-0.564365
4.63722,-0.510586
4.63709,-0.510514
4.63696,-0.510443
5.00708,-0.0276428
5.00606,-0.0311644
4.82372,0.150248
4.82259,0.149438
4.82148,0.148645
4.7849,-0.430949
4.78334,-0.430932
4.36152,-0.752559
4.63152,-0.363705
4.63162,-0.363766
4.81247,-0.419715
4.76291,-0.462838
4.7624,-0.462793
4.7619,-0.462748
4.76143,-0.462705
4.85196,-0.427296
4.85148,-0.427283
4.85102,-0.42727
4.48722,-0.62386
4.48736,-0.623646
4.48749,-0.623436
4.38603,-0.680947
4.38627,-0.68075
4.38651,-0.680556
4.38674,-0.680367
4.35113,-0.615151
4.37317,-0.504748
4.37348,-0.504814
3.61045,-0.689819
3.61111,-0.689499
3.61175,-0.689183
3.61239,-0.688872
4.62045,-0.092386
4.33248,-0.560471
4.3325,-0.560078
4.54574,-0.405849
4.54599,-0.406903
4.54624,-0.40795
4.54648,-0.408989
4.54672,-0.41002
4.67025,-0.261548
4.35096,-0.344949
4.35123,-0.345059
4.3515,-0.345168
4.45023,-0.300062
4.45037,-0.300139
4.45051,-0.300215
4.45065,-0.300291
4.45079,-0.300365
4.8303,-0.479028
4.83023,-0.47904
4.58863,-0.375392
4.58882,-0.375577
4.58899,-0.37576
4.80436,-0.759653
4.80437,-0.759333
4.80438,-0.759019
4.80439,-0.758709
4.8044,-0.758403
5.02508,-0.995093
5.02475,-0.994689
4.59053,-0.339892
4.93081,-0.381031
4.93072,-0.381162
4.96229,-0.713658
4.9622,-0.713548
4.96211,-0.71344
4.96202,-0.713333
4.96193,-0.713227
4.80499,-0.554684
4.805,-0.554657
4.80501,-0.554631
5.2213,-0.274518
5.22112,-0.274645
5.22093,-0.27477
4.57328,-0.915025
4.03883,-0.70795
4.23152,-0.499243
4.23152,-0.499343
4.23153,-0.499441
4.23153,-0.499539
4.23153,-0.499635
4.18878,-0.528651
4.15196,-0.537749
4.48299,-0.588055
4.48304,-0.588026
4.22069,-0.691186
4.22091,-0.69112
4.22112,-0.691055
4.22132,-0.690991
4.22153,-0.690927
4.22173,-0.690864
4.41986,-0.677066
4.35588,-0.599021
4.83539,-0.03394
4.83542,-0.0341167
4.83546,-0.0342915
4.83549,-0.0344649
4.83553,-0.034636
4.78437,-0.0272727
4.72889,-0.563569
4.72886,-0.563553
4.10599,-0.609223
4.10632,-0.609108
4.10666,-0.608995
4.10698,-0.608883
4.10731,-0.608773
4.10763,-0.608664
PILLAR: 5.
5.38631,-2.0244
5.38631,-2.0244
5.38631,-2.0244
5.38631,-2.0244
5.38631,-2.0244
5.38631,-2.0244
5.38631,-2.0244
5.21069,-1.92478
5.21063,-1.92387
5.21058,-1.92314
5.24358,-1.98847
5.24291,-1.98838
5.24238,-1.9883
5.24194,-1.98824
5.10753,-2.04176
5.26782,-1.99873
5.26782,-1.99873
5.14435,-1.94707
5.14214,-1.9472
5.1402,-1.94732
5.13847,-1.94742
5.13694,-1.94751
5.13557,-1.94759
5.13433,-1.94767
4.97631,-1.94594
5.25731,-1.93643
5.25731,-1.93643
5.57946,-2.0953
5.58261,-2.09566
5.58553,-2.09599
5.58824,-2.09628
5.59077,-2.09655
5.59314,-2.09679
5.59534,-2.09702
5.59741,-2.09722
5.12178,-2.12996
5.12129,-2.13027
5.70165,-1.9202
5.70334,-1.9196
5.70493,-1.91904
5.70644,-1.91851
5.70785,-1.91802
5.70919,-1.91755
5.71046,-1.9171
5.71166,-1.91668
5.36861,-1.96541
5.36859,-1.96536
4.91358,-2.13273
4.91397,-2.13374
4.91433,-2.1347
4.91467,-2.13562
4.91499,-2.13649
4.91529,-2.13731
4.91557,-2.1381
4.79714,-2.08978
4.17776,-2.0802
4.17662,-2.08093
4.17553,-2.08162
4.17446,-2.08229
4.14562,-1.95831
4.14751,-1.96064
4.14634,-1.96007
4.1478,-1.96212
4.55319,-2.02053
4.55246,-2.02099
5.15903,-2.19222
5.15967,-2.19282
4.86084,-2.19376
4.86775,-2.12079
4.86708,-2.12103
4.86644,-2.12126
4.17154,-1.85718
4.17023,-1.85719
4.16896,-1.8572
3.97036,-1.67159
4.04376,-1.8382
4.0448,-1.83793
4.04574,-1.83768
4.0466,-1.83744
4.31565,-2.09206
4.27385,-2.04635
4.50761,-1.97974
4.50705,-1.97987
4.50651,-1.97999
4.31482,-2.08299
4.25685,-2.12451
4.25871,-2.12404
4.26046,-2.12358
4.22097,-2.12628
4.26461,-2.12579
4.26946,-2.12551
4.36056,-2.12228
4.36009,-2.12263
4.35963,-2.12297
4.62267,-1.99822
4.6173,-1.99875
4.6124,-1.99924
4.60794,-1.99969
4.60384,-2.00011
4.85779,-2.24125
4.85589,-2.24128
5.27361,-1.99455
4.7814,-2.09368
4.67564,-2.00278
4.43512,-2.29511
4.43558,-2.29478
4.43602,-2.29446
4.43645,-2.29414
4.43685,-2.29384
3.96946,-1.81423
4.18721,-1.87224
4.18685,-1.87224
4.18649,-1.87223
4.12081,-1.85862
4.12089,-1.85854
4.12097,-1.85846
4.12105,-1.85838
4.12112,-1.85831
4.30177,-2.09472
4.79984,-2.41311
4.79979,-2.41357
4.79974,-2.41402
4.79968,-2.41446
4.79963,-2.41489
3.9158,-2.14244
4.4587,-2
4.45834,-1.99996
4.458,-1.99992
4.30607,-1.95471
4.30585,-1.95474
4.30564,-1.95477
4.30543,-1.9548
4.30522,-1.95483
4.30503,-1.95486
4.30483,-1.95489
4.30464,-1.95492
4.30445,-1.95495
4.49257,-2.02488
4.79142,-2.16833
4.79141,-2.16844
4.79139,-2.16854
4.79138,-2.16865
4.11303,-2.5213
4.16735,-2.68064
4.17455,-2.67908
4.18132,-2.6776
4.18771,-2.67618
4.07195,-2.20479
5.09714,-3.19263
5.09543,-3.19355
5.09381,-3.19445
5.09229,-3.19534
4.93292,-2.01254
4.93129,-2.01321
4.92972,-2.01385
4.92823,-2.01446
4.60735,-1.98706
4.60725,-1.987
4.40537,-2.05884
4.4058,-2.0584
4.40623,-2.05797
4.40665,-2.05756
4.40707,-2.05716
4.40749,-2.05678
4.40791,-2.0564
4.75943,-2.06683
4.75944,-2.06682
4.76906,-2.05803
4.76856,-2.05812
5.30508,-2.74512
5.05172,-2.22616
5.05051,-2.2265
5.04933,-2.22683
5.04818,-2.22715
5.04706,-2.22747
5.04596,-2.22777
5.04489,-2.22808
5.02838,-2.22612
4.90485,-2.24833
4.90448,-2.24849
4.90413,-2.24865
4.90378,-2.2488
4.90343,-2.24896
4.9031,-2.24911
4.90277,-2.24925
4.84211,-2.08227
5.34603,-2.54123
5.34494,-2.5404
5.5982,-2.2848
5.40651,-2.18154
5.39808,-2.17915
5.39072,-2.17705
5.38424,-2.17519
5.37846,-2.17351
4.60822,-2.04885
4.60847,-2.04877
4.60872,-2.04869
4.09832,-1.82791
4.09678,-1.82833
4.09524,-1.82874
4.34661,-2.04489
4.34187,-2.04522
5.16476,-1.80862
5.27523,-1.75501
5.275,-1.75501
5.43073,-1.72298
5.18158,-1.69762
5.18229,-1.69774
5.18297,-1.69789
5.18363,-1.69805
4.58021,-1.58016
4.85014,-1.94516
4.84972,-1.9452
5.1006,-1.97832
4.81335,-1.93064
4.81354,-1.93073
4.81371,-1.93082
4.81386,-1.9309
4.814,-1.93099
5.81667,-1.97651
5.8121,-1.9763
5.1396,-2.2485
5.13948,-2.24843
5.13937,-2.24835
5.70001,-1.69874
5.69788,-1.70273
5.57861,-1.4938
5.5773,-1.49469
5.57603,-1.49556
5.71492,-1.98266
5.7133,-1.98268
4.61601,-2.13415
4.61611,-2.13421
4.74936,-2.1891
4.67785,-2.2313
4.67734,-2.23126
4.67684,-2.23121
4.67636,-2.23117
4.7542,-2.19511
4.75371,-2.19509
4.75324,-2.19508
5.04124,-2.03366
5.21517,-1.99983
4.07991,-1.9797
4.08016,-1.97981
4.0804,-1.97991
4.19381,-1.93717
4.19395,-1.93725
4.19409,-1.93733
4.19423,-1.9374
4.19437,-1.93748
4.63419,-2.12445
4.63414,-2.12447
4.90033,-1.99222
4.90012,-1.99235
4.63945,-2.29247
4.63937,-2.29236
4.63929,-2.29225
4.63921,-2.29215
4.63912,-2.29204
4.42446,-2.12059
4.42447,-2.12056
4.42448,-2.12054
4.34259,-2.04444
4.34236,-2.04454
4.34214,-2.04465
4.75302,-1.74022
4.69597,-1.89666
4.69594,-1.89677
4.69591,-1.89688
4.69588,-1.89699
4.69585,-1.8971
4.62011,-1.93665
4.58252,-1.94598
4.93298,-1.9902
4.93303,-1.99017
4.73164,-1.9554
4.73186,-1.95533
4.73207,-1.95527
4.73228,-1.9552
4.73249,-1.95513
4.7327,-1.95507
4.9271,-1.94277
4.5558,-1.97403
4.37609,-2.44548
4.37606,-2.44564
4.37603,-2.44581
4.376,-2.44597
4.37597,-2.44613
4.32575,-2.43894
4.61901,-2.10141
4.62079,-1.35579
4.62075,-1.35338
4.62071,-1.35098
4.62067,-1.3486
4.62063,-1.34622
4.55893,-2.76915
4.34328,-1.36407
4.66688,-2.00298
4.66685,-2.00297
PILLAR: 6.
12.1986,0.0739905
12.1988,0.0717145
12.2286,0.30957
12.8084,0.0436311
12.809,0.0414529
12.8097,0.0393827
12.8103,0.0374115
12.8109,0.0355352
12.698,0.0635936
12.9594,-0.446848
12.8839,-0.0894591
12.8859,-0.0971488
12.8885,-0.104422
11.7515,-0.124321
11.7401,-0.127889
11.7303,-0.131096
11.7217,-0.133997
11.7141,-0.136635
11.7516,-0.132896
12.0691,-0.0983313
12.0628,-0.0994291
12.6637,0.0657951
12.6665,0.06894
12.6691,0.0718642
12.6715,0.0745889
12.6737,0.0771327
12.4792,0.0651657
12.8528,0.128909
12.8555,0.131914
12.8579,0.134742
12.8602,0.137408
12.8924,0.136585
13.3672,-0.132805
12.922,0.00533062
12.9232,0.00474322
12.9243,0.00417715
12.9253,0.00363129
13.0964,0.170532
13.065,0.175684
13.0348,0.135639
13.1576,0.185129
13.1592,0.186609
13.1607,0.188016
13.1267,0.163771
13.1711,0.161336
13.1758,0.16248
12.8345,0.0821321
12.8304,0.0808909
12.8268,0.0798092
12.907,0.494063
12.7733,-0.0499099
12.7717,-0.0482082
12.698,0.123704
12.6934,0.120289
12.6892,0.117157
12.6854,0.114274
12.6819,0.111611
12.8507,0.172561
12.8491,0.171744
12.7392,0.145027
12.9052,0.152102
12.9031,0.15115
12.493,0.0334905
12.4925,0.0313377
12.4921,0.0291904
12.4917,0.0270483
12.4913,0.0249124
12.7446,0.0833811
12.5998,0.424096
13.0104,0.358932
13.0106,0.360267
13.0107,0.361559
13.0108,0.362811
13.0109,0.364025
12.9353,0.0838089
12.9355,0.0836579
12.9356,0.0835111
12.9357,0.0833672
12.9358,0.0832272
12.0637,0.949072
12.0517,0.940248
13.2125,0.48959
13.2133,0.488461
13.2142,0.487393
13.215,0.486381
13.2158,0.48542
13.2166,0.48451
13.2174,0.483645
12.4951,0.106249
12.4945,0.10627
12.174,0.794465
12.0651,0.0276146
12.0638,0.0274618
12.0626,0.0273128
12.0614,0.0271689
12.0602,0.0270282
12.059,0.0268916
12.0579,0.0267593
12.1908,0.0403557
12.4409,0.0846894
12.4405,0.0846147
12.4401,0.0845419
12.4397,0.0844707
12.4394,0.0844012
12.439,0.0843337
12.4387,0.0842675
12.4106,0.143104
12.3883,0.142193
12.395,0.144439
12.0734,0.57029
12.0723,0.571118
12.4013,0.657473
12.3421,0.433309
12.3358,0.429999
12.3303,0.427113
12.3255,0.424566
12.3212,0.422295
12.4839,0.158429
12.4861,0.158567
12.857,0.206451
12.8573,0.206531
12.8575,0.206609
12.5914,-0.829635
12.59,-0.831523
12.5887,-0.833384
12.393,0.00498915
12.3928,0.00469935
12.5812,-0.101079
12.3984,-0.402315
12.3989,-0.401472
12.3994,-0.400631
12.3999,-0.399801
12.475,0.077884
11.4717,0.166551
11.4751,0.166199
11.4781,0.165861
11.481,0.165538
11.4836,0.165229
12.1608,0.0642833
12.1604,0.0642944
12.3376,0.282164
12.146,-0.00298748
12.1461,-0.00272593
12.1462,-0.00247711
12.1462,-0.00224057
12.1463,-0.00201471
12.3226,-0.0349685
12.3248,-0.033657
12.689,0.40937
12.6852,0.407846
12.1722,0.125249
12.5393,0.29062
12.5354,0.288914
12.9569,0.128839
13.0035,0.782317
12.9951,0.782332
12.987,0.78237
12.9792,0.78243
12.9717,0.782509
12.8475,0.4111
13.2075,0.312461
13.2465,0.408304
13.2436,0.407149
12.3678,-0.689028
12.3663,-0.697459
12.204,-0.235676
12.2028,-0.237252
12.2017,-0.238788
12.1631,-0.00810027
12.1616,-0.00834894
12.3643,-0.00395887
12.5856,0.207725
12.5851,0.20775
12.5846,0.207774
12.5841,0.207799
12.6792,0.187067
12.6788,0.18701
12.6783,0.186953
12.7549,0.168812
12.7543,0.168676
12.7736,-0.0107367
12.7738,-0.0102185
12.774,-0.00971299
12.7742,-0.00921881
12.7428,0.00146547
12.7732,-0.0148377
12.7735,-0.0144595
12.3962,0.034411
12.5437,0.0133754
12.4577,-0.00245023
11.6481,-0.0583735
11.6482,-0.0577434
11.6484,-0.0571164
11.6486,-0.0564924
11.6487,-0.055871
11.7798,-0.126141
12.136,0.0398688
12.1362,0.0397883
12.1363,0.039709
12.1364,0.0396307
12.1366,0.0395528
12.4984,0.143012
12.4983,0.143052
12.0082,0.269166
12.0083,0.269234
12.0083,0.269301
12.0084,0.269367
12.0084,0.269433
12.1238,0.605699
12.1235,0.606103
12.8575,0.348555
12.8574,0.348703
12.8573,0.34885
12.8572,0.348995
12.8571,0.349138
12.7339,0.217176
12.7339,0.217234
12.7339,0.217291
13.5775,0.139691
PILLAR: 7.
13.5419,-1.16442
13.543,-1.16507
13.544,-1.16569
13.5449,-1.16629
13.7711,-0.968499
13.7344,-0.966449
13.964,-0.788034
13.926,-0.98814
13.9277,-0.986574
13.9293,-0.985085
13.8926,-1.01119
13.9366,-1.01387
13.9413,-1.01265
13.6213,-1.07888
13.6172,-1.08012
13.6136,-1.0812
13.8361,-0.323089
13.6703,-0.90211
13.6687,-0.900408
13.1636,-1.1654
13.1585,-1.16898
13.1539,-1.17226
13.1497,-1.17529
13.1458,-1.17808
13.3628,-1.09878
13.361,-1.09965
13.1835,-1.15155
13.379,-1.13397
13.377,-1.13492
14.1593,-0.832056
14.1718,-0.811738
14.5707,-0.61056
14.5764,-0.601467
14.5817,-0.592804
14.5867,-0.584541
14.5995,-0.906875
13.4731,-1.00682
13.4713,-1.00731
13.4696,-1.00778
13.4679,-1.00823
13.5363,-1.05512
13.5347,-1.05579
13.5331,-1.05643
13.5316,-1.05704
13.6666,-1.23588
13.6672,-1.23709
13.6678,-1.23823
13.6684,-1.23932
13.6689,-1.24035
13.6694,-1.24133
13.67,-1.24225
12.8508,-1.14577
12.8461,-1.14653
12.6282,-0.945835
12.8013,-1.09378
12.7251,-1.23138
12.7208,-1.23292
12.5875,-1.315
12.5831,-1.31672
12.9389,-1.47741
12.9341,-0.822527
12.9246,-0.822467
12.9155,-0.822383
12.9067,-0.822279
12.8983,-0.822156
12.8906,-1.19467
13.3048,-1.29094
12.8226,-1.30946
12.8197,-1.31062
12.8399,-1.87641
12.8376,-1.88515
12.7201,-1.40459
12.7188,-1.40622
12.7175,-1.4078
12.8039,-1.11361
12.8023,-1.11389
13.1158,-0.930065
13.0592,-1.07616
13.0587,-1.07614
13.0582,-1.07611
13.0578,-1.07609
13.1437,-1.10019
13.1432,-1.10025
13.1427,-1.10031
13.1957,-1.12671
13.1952,-1.12684
13.4751,-0.922546
13.4753,-0.922002
13.4756,-0.921469
13.4758,-0.92095
13.4384,-0.914807
13.4549,-0.941503
13.4553,-0.941089
12.7737,-1.11435
13.1938,-1.00623
13.1048,-1.02394
14.2753,-0.624197
PILLAR: 8.
19.8883,-1.56347
20.199,-0.886784
20.1979,-0.88672
20.1967,-0.886657
20.1956,-0.886592
20.4859,-0.983805
20.4855,-0.983786
20.4848,-0.983748
20.4404,-1.03999
20.39,-1.25402
19.984,-1.39811
19.9762,-1.4077
19.9694,-1.41607
19.9634,-1.42347
19.9581,-1.43009
20.1975,-1.34258
20.1996,-1.34365
20.2531,-1.04757
20.0193,-1.69645
20.02,-1.69458
20.0207,-1.6927
20.0214,-1.69082
20.3065,-1.83877
20.5005,-1.78296
19.9822,-1.76502
19.5507,-1.95961
19.527,-1.51648
19.5171,-1.52078
19.5075,-1.5249
19.4983,-1.52884
19.4895,-1.53263
19.5159,-1.42533
19.9341,-1.2981
20.089,-1.3335
20.0893,-1.33326
PILLAR: 9.
19.937,0.392831
19.9358,0.392889
19.9347,0.392945
19.9335,0.393003
20.4599,0.545648
20.4595,0.545667
20.4852,-0.983767
20.4588,0.545705
20.4845,-0.983728
20.4362,0.489679
20.3944,-1.19108
20.427,0.275211
19.712,-1.3759
20.2164,0.103668
20.2098,0.0938902
20.2041,0.0853499
20.1991,0.0777959
20.1946,0.071045
20.3651,0.167799
20.3674,0.166704
19.6562,-0.101666
20.5009,0.759343
20.5013,0.761269
20.5017,0.763218
20.502,0.765165
20.6587,0.638889
20.787,0.703163
20.6405,0.649423
20.7583,0.1295
20.7617,0.127953
20.7647,0.126482
20.7676,0.125079
20.7702,0.12374
19.7414,0.0197249
20.4296,0.21132
20.4297,0.211979
20.4298,0.212607
20.4299,0.213209
20.4299,0.213785
20.6014,0.32003
20.6036,0.321341
20.9392,0.920657
19.6947,-0.0669991
19.6857,-0.0714127
19.6771,-0.0756384
19.6688,-0.0796895
19.6608,-0.0835791
19.5818,0.0323329
19.9508,0.16095
20.2302,0.118797
20.2305,0.119029
